Codi,Literal,Homes. De 0 a 14 anys,Homes. De 15 a 64 anys,Homes. 65 anys o més,Dones. De 0 a 14 anys,Dones. De 15 a 64 anys,Dones. 65 anys o més,Total. De 0 a 14 anys,Total. De 15 a 64 anys,Total. 65 anys o més
250019,Abella de la Conca,9,70,23,14,55,17,23,125,40
080018,Abrera,934,4205,509,867,3771,554,1801,7976,1063
250024,Àger,24,183,95,15,154,84,39,337,179
250030,Agramunt,433,1989,423,336,1659,594,769,3648,1017
080023,Aguilar de Segarra,17,84,30,18,76,27,35,160,57
170010,Agullana,39,270,88,50,207,99,89,477,187
080142,Aiguafreda,169,782,193,182,762,287,351,1544,480
430017,Aiguamúrcia,53,331,76,65,268,71,118,599,147
170025,Aiguaviva,53,215,42,56,200,48,109,415,90
250387,Aitona,140,864,235,126,681,330,266,1545,565
250045,"Alamús, els",32,263,75,42,221,89,74,484,164
250058,Alàs i Cerc,23,141,46,21,112,53,44,253,99
250061,"Albagés, l'",33,160,67,30,132,68,63,292,135
170031,Albanyà,12,49,9,12,46,9,24,95,18
250077,Albatàrrec,143,619,109,113,523,132,256,1142,241
250083,Albesa,108,540,157,92,487,191,200,1027,348
250096,"Albi, l'",50,285,93,46,258,107,96,543,200
430022,Albinyana,171,775,173,178,708,195,349,1483,368
430038,"Albiol, l'",33,140,23,51,114,16,84,254,39
170046,Albons,48,229,50,39,201,58,87,430,108
430043,Alcanar,737,3561,839,579,3269,984,1316,6830,1823
250100,Alcanó,9,78,35,12,73,42,21,151,77
250117,Alcarràs,486,2390,469,450,2145,570,936,4535,1039
250122,Alcoletge,170,886,158,169,741,165,339,1627,323
430056,Alcover,387,1713,337,394,1490,410,781,3203,747
439044,"Aldea, l'",256,1451,376,226,1164,454,482,2615,830
430069,Aldover,56,301,104,57,294,134,113,595,238
430075,"Aleixar, l'",71,292,78,76,253,92,147,545,170
080039,Alella,718,3203,512,669,3281,615,1387,6484,1127
430081,Alfara de Carles,13,146,52,20,105,53,33,251,105
250138,Alfarràs,237,1138,301,221,958,373,458,2096,674
250143,Alfés,14,115,46,14,91,49,28,206,95
430094,Alforja,143,611,148,107,546,175,250,1157,323
250156,Algerri,19,149,76,12,131,90,31,280,166
250169,Alguaire,215,1103,272,182,947,336,397,2050,608
250175,Alins,8,87,36,11,69,46,19,156,82
430108,Alió,8,144,37,22,114,43,30,258,80
250194,Almacelles,420,2270,526,397,1857,661,817,4127,1187
250208,Almatret,12,143,66,16,94,93,28,237,159
250215,Almenar,242,1292,344,219,1076,423,461,2368,767
430115,Almoster,126,460,67,137,418,78,263,878,145
250220,Alòs de Balaguer,7,53,31,6,34,25,13,87,56
170062,Alp,100,648,75,112,553,88,212,1201,163
080044,Alpens,29,110,28,21,83,32,50,193,60
250236,Alpicat,499,2034,296,474,1954,391,973,3988,687
250241,Alt Àneu,30,176,50,23,128,43,53,304,93
430120,Altafulla,394,1590,226,380,1540,285,774,3130,511
170078,Amer,134,762,236,111,717,306,245,1479,542
430136,"Ametlla de Mar, l'",490,2497,643,491,2296,654,981,4793,1297
080057,"Ametlla del Vallès, l'",822,2653,358,721,2607,471,1543,5260,829
439060,"Ampolla, l'",168,916,281,131,875,291,299,1791,572
430141,Amposta,1483,7128,1447,1452,6483,1812,2935,13611,3259
170084,Anglès,380,1852,465,385,1629,570,765,3481,1035
250273,Anglesola,70,441,147,84,399,166,154,840,313
250292,Arbeca,167,800,288,130,710,336,297,1510,624
430167,"Arboç, l'",490,1914,331,372,1567,389,862,3481,720
430154,Arbolí,3,50,8,0,35,17,3,85,25
170097,Arbúcies,533,2368,439,474,1893,564,1007,4261,1003
080060,Arenys de Mar,1082,4811,1033,940,4776,1522,2022,9587,2555
080076,Arenys de Munt,699,2731,475,646,2630,626,1345,5361,1101
170101,Argelaguer,45,135,41,28,125,49,73,260,90
080082,Argençola,15,101,19,15,55,24,30,156,43
430173,"Argentera, l'",4,62,19,6,36,16,10,98,35
080095,Argentona,1038,3953,670,967,3890,884,2005,7843,1554
170118,"Armentera, l'",45,253,86,44,239,116,89,492,202
430189,Arnes,20,147,93,18,132,87,38,279,180
250313,Arres,3,37,4,2,13,6,5,50,10
250328,Arsèguel,3,35,11,4,34,10,7,69,21
080109,Artés,414,1815,377,376,1678,519,790,3493,896
250334,Artesa de Lleida,113,494,149,97,422,177,210,916,326
250349,Artesa de Segre,271,1324,355,226,1142,419,497,2466,774
430192,Ascó,82,557,178,81,514,204,163,1071,382
250365,Aspa,17,75,46,12,72,43,29,147,89
250371,"Avellanes i Santa Linya, les",17,174,75,18,123,66,35,297,141
080116,Avià,158,706,185,150,674,235,308,1380,420
080121,Avinyó,177,744,180,166,659,264,343,1403,444
170123,Avinyonet de Puigventós,166,492,54,126,453,70,292,945,124
080137,Avinyonet del Penedès,128,598,128,105,477,152,233,1075,280
080155,Badalona,15985,79134,13204,15016,74088,18774,31001,153222,31978
089045,Badia del Vallès,1110,4918,855,1016,4909,1167,2126,9827,2022
080168,Bagà,130,762,228,128,699,301,258,1461,529
250390,Baix Pallars,21,147,58,24,111,45,45,258,103
250404,Balaguer,1243,5590,1138,1211,5056,1543,2454,10646,2681
080174,Balenyà,280,1305,214,298,1196,288,578,2501,502
080180,Balsareny,215,1209,291,224,1069,402,439,2278,693
430206,Banyeres del Penedès,247,986,160,231,902,170,478,1888,330
170157,Banyoles,1515,5953,1219,1484,5544,1736,2999,11497,2955
250411,Barbens,42,310,100,38,217,129,80,527,229
430213,Barberà de la Conca,34,190,52,31,143,63,65,333,115
082520,Barberà del Vallès,2357,10774,1444,2296,10452,1885,4653,21226,3329
080193,Barcelona,96192,530625,128553,91859,546265,201616,188051,1076890,330169
250426,"Baronia de Rialb, la",17,104,34,17,73,40,34,177,74
170160,Bàscara,75,317,98,35,279,111,110,596,209
250447,Bassella,16,83,33,14,73,36,30,156,69
430228,Batea,119,699,266,125,630,273,244,1329,539
250450,Bausen,3,21,14,1,10,12,4,31,26
080207,Begues,656,2065,222,625,2033,297,1281,4098,519
170139,Begur,308,1479,306,289,1356,348,597,2835,654
250463,Belianes,41,178,78,36,151,96,77,329,174
251706,Bellaguarda,21,102,61,15,89,65,36,191,126
170182,Bellcaire d'Empordà,46,198,64,52,213,78,98,411,142
250479,Bellcaire d'Urgell,59,399,170,70,385,206,129,784,376
250485,Bell-lloc d'Urgell,163,790,224,189,720,286,352,1510,510
250498,Bellmunt d'Urgell,10,63,31,16,65,28,26,128,59
430234,Bellmunt del Priorat,16,110,38,16,101,55,32,211,93
080214,Bellprat,4,37,12,4,27,9,8,64,21
250501,Bellpuig,333,1680,358,331,1375,499,664,3055,857
430249,Bellvei,164,680,134,144,571,147,308,1251,281
250518,Bellver de Cerdanya,121,776,167,129,620,201,250,1396,368
250523,Bellvís,150,826,267,131,729,325,281,1555,592
250539,Benavent de Segrià,126,514,81,131,432,81,257,946,162
430252,Benifallet,42,243,120,42,211,150,84,454,270
430265,Benissanet,79,451,136,64,377,142,143,828,278
080229,Berga,1102,5713,1431,1044,5271,2035,2146,10984,3466
170195,Besalú,143,739,232,151,721,279,294,1460,511
170209,Bescanó,378,1401,296,356,1336,354,734,2737,650
170216,Beuda,5,60,13,9,59,7,14,119,20
080235,Bigues i Riells del Fai,761,2874,378,701,2657,436,1462,5531,814
250557,Biosca,12,76,33,9,53,45,21,129,78
170221,"Bisbal d'Empordà, la",769,3371,679,729,3114,931,1498,6485,1610
430271,"Bisbal de Falset, la",16,75,36,12,67,39,28,142,75
430287,"Bisbal del Penedès, la",242,1170,240,228,1014,248,470,2184,488
172348,Biure,11,92,21,22,72,27,33,164,48
430290,Blancafort,29,144,50,20,111,61,49,255,111
170237,Blanes,2975,14006,2418,2869,13013,3087,5844,27019,5505
170293,Boadella i les Escaules,13,74,22,11,78,30,24,152,52
170242,Bolvir,20,133,24,15,107,30,35,240,54
430304,Bonastre,44,217,49,49,176,49,93,393,98
250576,"Bòrdes, Es",14,93,20,9,89,16,23,182,36
170255,Bordils,136,584,114,132,508,151,268,1092,265
250582,"Borges Blanques, les",396,2002,508,349,1791,688,745,3793,1196
430311,"Borges del Camp, les",144,697,154,151,625,194,295,1322,348
170268,Borrassà,30,231,55,28,198,71,58,429,126
080240,Borredà,48,198,47,31,167,80,79,365,127
250595,Bossòst,78,431,75,64,380,87,142,811,162
430326,Bot,29,227,116,25,197,133,54,424,249
430332,Botarell,97,382,50,79,334,56,176,716,106
250560,Bovera,8,112,66,8,97,73,16,209,139
430347,Bràfim,46,244,60,33,216,75,79,460,135
170274,Breda,258,1304,320,280,1151,394,538,2455,714
080253,"Bruc, el",161,668,101,144,559,110,305,1227,211
080266,"Brull, el",20,79,23,14,72,19,34,151,42
170280,Brunyola i Sant Martí Sapresa,24,112,48,20,109,52,44,221,100
430350,Cabacés,12,122,48,22,87,52,34,209,100
250609,Cabanabona,3,26,20,3,24,27,6,50,47
170314,Cabanelles,12,98,28,9,68,27,21,166,55
170307,Cabanes,72,320,89,82,266,87,154,586,176
080272,"Cabanyes, les",86,303,39,90,277,47,176,580,86
250616,Cabó,4,35,20,2,27,16,6,62,36
430363,Cabra del Camp,89,355,93,62,335,77,151,690,170
080288,Cabrera d'Anoia,106,454,68,98,399,67,204,853,135
080291,Cabrera de Mar,392,1541,252,347,1452,285,739,2993,537
080305,Cabrils,728,2272,296,746,2319,337,1474,4591,633
170329,Cadaqués,226,984,174,213,978,231,439,1962,405
080312,Calaf,228,1301,280,242,1034,350,470,2335,630
430379,Calafell,1634,8133,1387,1503,7667,1547,3137,15800,2934
080348,Calders,65,298,80,72,271,82,137,569,162
080327,Caldes d'Estrac,192,923,179,173,911,294,365,1834,473
170335,Caldes de Malavella,524,2100,404,513,2029,497,1037,4129,901
080333,Caldes de Montbui,1374,5718,1016,1211,5457,1383,2585,11175,2399
080351,Calella,1312,6498,1176,1260,6062,1726,2572,12560,2902
080370,Calldetenes,172,850,138,170,751,171,342,1601,309
080386,Callús,129,527,128,115,522,189,244,1049,317
080364,Calonge de Segarra,19,59,28,8,59,32,27,118,60
170340,Calonge i Sant Antoni,743,3608,749,730,3372,807,1473,6980,1556
250621,Camarasa,42,319,125,29,268,150,71,587,275
439039,Camarles,237,1230,329,238,1063,382,475,2293,711
430385,Cambrils,2421,10537,1550,2406,10273,1925,4827,20810,3475
170353,Camós,49,236,66,40,224,83,89,460,149
170366,Campdevànol,234,1171,378,180,1086,470,414,2257,848
170372,Campelles,2,44,12,4,39,10,6,83,22
080399,Campins,29,139,24,38,125,23,67,264,47
170388,Campllong,40,127,34,40,123,36,80,250,70
170391,Camprodon,144,848,254,160,785,325,304,1633,579
250637,Canejan,1,37,17,5,27,17,6,64,34
170405,Canet d'Adri,35,234,43,30,195,62,65,429,105
080403,Canet de Mar,1008,4592,910,914,4438,1319,1922,9030,2229
080410,Canovelles,1318,6144,839,1189,5194,1020,2507,11338,1859
080425,Cànoves i Samalús,217,969,175,238,851,188,455,1820,363
170412,Cantallops,16,99,36,11,92,41,27,191,77
080431,Canyelles,372,1410,181,344,1294,182,716,2704,363
430398,Capafonts,0,44,20,5,34,19,5,78,39
430402,Capçanes,20,134,43,18,128,58,38,262,101
080446,Capellades,420,1826,417,381,1791,551,801,3617,968
170427,Capmany,26,184,60,31,154,63,57,338,123
080459,Capolat,2,31,8,7,20,13,9,51,21
080462,Cardedeu,1484,5523,825,1322,5467,1154,2806,10990,1979
080478,Cardona,292,1734,506,294,1586,752,586,3320,1258
080484,Carme,59,289,77,45,243,98,104,532,175
430419,Caseres,16,85,49,16,87,54,32,172,103
170448,Cassà de la Selva,744,3211,667,681,2801,890,1425,6012,1557
080497,Casserres,87,519,176,71,507,239,158,1026,415
080575,Castell de l'Areny,5,31,10,6,18,6,11,49,16
259046,Castell de Mur,12,54,29,14,49,27,26,103,56
250642,Castellar de la Ribera,13,45,23,14,46,24,27,91,47
080522,Castellar de n'Hug,11,84,14,11,76,25,22,160,39
080500,Castellar del Riu,10,49,17,13,43,11,23,92,28
080517,Castellar del Vallès,2089,7805,1123,1921,7557,1512,4010,15362,2635
080538,Castellbell i el Vilar,239,1274,261,246,1114,345,485,2388,606
080543,Castellbisbal,1205,4186,540,1096,3899,614,2301,8085,1154
080556,Castellcir,55,210,38,54,171,56,109,381,94
250674,Castelldans,47,390,115,50,272,128,97,662,243
080569,Castelldefels,5064,21811,2657,4849,21125,3449,9913,42936,6106
080581,Castellet i la Gornal,175,719,163,161,649,177,336,1368,340
170464,Castellfollit de la Roca,65,346,105,53,288,140,118,634,245
080608,Castellfollit de Riubregós,8,73,20,6,57,30,14,130,50
080594,Castellfollit del Boix,35,132,36,33,130,52,68,262,88
080615,Castellgalí,159,583,108,133,510,118,292,1093,226
080620,Castellnou de Bages,82,348,44,87,302,44,169,650,88
250680,Castellnou de Seana,46,248,98,36,214,108,82,462,206
170470,Castelló d'Empúries,845,3864,767,824,3508,821,1669,7372,1588
250693,Castelló de Farfanya,23,204,76,26,166,84,49,370,160
080636,Castellolí,29,159,34,47,153,46,76,312,80
170486,Castell-Platja d'Aro,660,3690,638,643,3459,676,1303,7149,1314
250707,Castellserà,52,370,149,64,321,162,116,691,311
080641,Castellterçol,153,746,204,167,696,272,320,1442,476
430424,Castellvell del Camp,255,888,113,245,850,123,500,1738,236
080654,Castellví de la Marca,123,537,132,125,497,182,248,1034,314
080667,Castellví de Rosanes,139,567,93,165,519,93,304,1086,186
430430,"Catllar, el",340,1408,201,283,1319,200,623,2727,401
250714,Cava,0,23,10,1,15,6,1,38,16
171899,"Cellera de Ter, la",168,729,177,150,654,246,318,1383,423
170499,Celrà,378,1388,186,409,1347,239,787,2735,425
080673,Centelles,517,2374,490,483,2315,730,1000,4689,1220
082687,Cercs,77,446,155,54,400,199,131,846,354
082665,Cerdanyola del Vallès,4448,21045,3071,4308,20922,3964,8756,41967,7035
080689,Cervelló,644,3017,390,602,2795,496,1246,5812,886
250729,Cervera,778,3290,616,731,2854,824,1509,6144,1440
250735,Cervià de les Garrigues,44,284,124,42,241,130,86,525,254
170502,Cervià de Ter,75,268,79,73,264,91,148,532,170
170519,Cistella,8,87,32,16,73,26,24,160,58
250740,Ciutadilla,20,77,32,6,62,30,26,139,62
250753,Clariana de Cardener,11,61,7,12,47,9,23,108,16
250766,"Cogul, el",5,78,36,9,57,29,14,135,65
170545,Colera,28,205,69,26,188,76,54,393,145
250772,Coll de Nargó,33,225,75,27,182,84,60,407,159
080692,Collbató,433,1378,154,359,1272,184,792,2650,338
430458,Colldejou,4,82,17,8,60,16,12,142,33
080706,Collsuspina,31,118,24,24,105,21,55,223,45
170558,Colomers,11,63,28,5,61,35,16,124,63
251636,"Coma i la Pedra, la",10,114,26,11,65,26,21,179,52
251615,Conca de Dalt,18,145,59,18,119,75,36,264,134
430461,Conesa,7,46,18,7,37,22,14,83,40
430477,Constantí,520,2453,376,452,1955,427,972,4408,803
080713,Copons,18,106,24,31,97,31,49,203,55
430483,Corbera d'Ebre,81,409,131,58,337,145,139,746,276
080728,Corbera de Llobregat,1261,4808,618,1113,4572,761,2374,9380,1379
250788,Corbins,92,519,106,84,405,134,176,924,240
170577,Corçà,79,438,105,72,438,123,151,876,228
080734,Cornellà de Llobregat,6137,29800,6091,5861,28320,8268,11998,58120,14359
170561,Cornellà del Terri,162,714,180,137,696,217,299,1410,397
430496,Cornudella de Montsant,47,365,114,62,283,135,109,648,249
430509,Creixell,214,1064,247,183,963,281,397,2027,528
170583,Crespià,19,81,30,13,76,28,32,157,58
179011,"Cruïlles, Monells i Sant Sadurní de l'Heura",85,466,94,102,432,112,187,898,206
080749,Cubelles,1196,5034,750,837,4153,803,2033,9187,1553
250791,Cubells,24,118,60,23,95,65,47,213,125
430516,Cunit,877,4056,788,850,3709,822,1727,7765,1610
170600,Darnius,25,182,63,29,163,75,54,345,138
170617,Das,16,74,17,13,57,16,29,131,33
439018,Deltebre,748,3874,989,652,3596,1204,1400,7470,2193
080752,Dosrius,403,1757,189,431,1632,246,834,3389,435
430537,Duesaigües,12,90,35,11,57,29,23,147,64
170622,"Escala, l'",644,3381,830,577,3067,831,1221,6448,1661
080765,Esparreguera,1876,7899,1127,1721,7173,1464,3597,15072,2591
170638,Espinelves,11,65,18,9,51,29,20,116,47
250812,"Espluga Calba, l'",13,167,53,19,117,69,32,284,122
430542,"Espluga de Francolí, l'",277,1296,364,237,1221,496,514,2517,860
080771,Esplugues de Llobregat,3183,16150,3357,2904,16518,4174,6087,32668,7531
170643,Espolla,14,138,44,28,120,60,42,258,104
170656,Esponellà,28,147,38,37,142,49,65,289,87
250827,Espot,20,151,25,24,106,33,44,257,58
080787,"Espunyola, l'",16,79,34,18,82,31,34,161,65
082541,"Esquirol, l'",166,763,206,179,677,263,345,1440,469
250886,Estamariu,4,39,21,8,30,20,12,69,41
080790,"Estany, l'",18,116,46,17,122,60,35,238,106
250851,Estaràs,9,70,22,10,44,24,19,114,46
250864,Esterri d'Àneu,52,294,71,51,267,80,103,561,151
250870,Esterri de Cardós,0,24,7,7,24,9,7,48,16
430555,Falset,198,943,236,192,870,303,390,1813,539
170059,"Far d'Empordà, el",47,173,40,48,157,45,95,330,85
250899,Farrera,5,47,14,8,32,6,13,79,20
430568,"Fatarella, la",49,387,151,60,328,195,109,715,346
430574,"Febró, la",1,27,7,1,17,3,2,44,10
081347,Figaró-Montmany,80,353,88,79,286,123,159,639,211
080804,Fígols,1,16,11,2,11,8,3,27,19
259084,Fígols i Alinyà,9,92,45,7,63,49,16,155,94
430580,"Figuera, la",7,62,20,6,49,20,13,111,40
170669,Figueres,3321,14542,2526,3191,13782,3753,6512,28324,6279
430593,Figuerola del Camp,24,102,27,37,104,36,61,206,63
170675,Flaçà,66,341,97,71,332,111,137,673,208
430607,Flix,209,1423,419,198,1270,487,407,2693,906
250925,"Floresta, la",16,58,28,9,49,31,25,107,59
080826,Fogars de la Selva,131,518,94,131,478,85,262,996,179
080811,Fogars de Montclús,46,158,37,30,136,41,76,294,78
170681,Foixà,27,102,39,16,97,43,43,199,82
080832,Folgueroles,208,697,133,198,670,152,406,1367,285
250931,Fondarella,59,289,52,47,277,64,106,566,116
080847,Fonollosa,105,468,86,93,433,94,198,901,180
170694,Fontanals de Cerdanya,22,168,36,20,159,41,42,327,77
170708,Fontanilles,12,62,22,7,45,15,19,107,37
170715,Fontcoberta,83,438,69,104,441,77,187,879,146
080850,Font-rubí,111,487,153,106,416,157,217,903,310
250946,Foradada,11,72,32,6,47,24,17,119,56
179026,Forallac,111,614,132,109,598,172,220,1212,304
430614,Forès,0,19,13,0,9,14,0,28,27
170736,Fornells de la Selva,183,674,95,201,687,131,384,1361,226
170741,Fortià,38,217,58,48,178,66,86,395,124
080863,"Franqueses del Vallès, les",1373,6222,815,1256,5618,1041,2629,11840,1856
430629,Freginals,23,156,59,20,130,63,43,286,122
250962,"Fuliola, la",73,411,138,67,378,174,140,789,312
250978,Fulleda,2,42,17,6,31,17,8,73,34
080902,Gaià,16,54,13,10,51,14,26,105,27
430635,"Galera, la",54,289,91,49,257,112,103,546,203
080879,Gallifa,20,82,14,16,76,16,36,158,30
430640,Gandesa,202,1065,293,193,919,368,395,1984,661
430653,Garcia,24,188,74,22,153,92,46,341,166
430666,"Garidells, els",12,69,21,12,65,19,24,134,40
080885,"Garriga, la",1231,4807,825,1204,4948,1168,2435,9755,1993
170754,Garrigàs,25,132,45,18,90,45,43,222,90
170767,Garrigoles,9,64,17,6,45,25,15,109,42
170773,Garriguella,59,275,76,50,252,83,109,527,159
080898,Gavà,3620,15957,2666,3403,15650,3382,7023,31607,6048
250984,Gavet de la Conca,14,78,52,10,88,59,24,166,111
080919,Gelida,535,2219,377,494,2025,501,1029,4244,878
170789,Ger,38,157,44,25,155,25,63,312,69
259123,Gimenells i el Pla de la Font,74,401,119,66,343,140,140,744,259
430672,Ginestar,60,385,113,63,301,130,123,686,243
170792,Girona,7560,32448,5021,7166,32555,7436,14726,65003,12457
080924,Gironella,260,1591,492,296,1506,699,556,3097,1191
080930,Gisclareny,0,16,2,0,15,1,0,31,3
430688,Godall,46,256,118,46,228,123,92,484,241
250997,Golmés,144,560,123,114,514,155,258,1074,278
170806,Gombrèn,15,77,21,11,76,29,26,153,50
251001,Gósol,9,84,27,3,70,30,12,154,57
080945,"Granada, la",151,673,122,151,619,150,302,1292,272
251018,"Granadella, la",35,247,105,33,198,130,68,445,235
080958,Granera,1,39,10,1,19,6,2,58,16
251023,"Granja d'Escarp, la",51,386,113,54,303,136,105,689,249
080961,Granollers,4530,21401,3443,4318,20253,4909,8848,41654,8352
251039,Granyanella,8,61,21,9,55,20,17,116,41
251057,Granyena de les Garrigues,5,61,22,5,42,28,10,103,50
251044,Granyena de Segarra,2,48,27,2,38,32,4,86,59
430691,Gratallops,22,87,28,8,74,34,30,161,62
080977,Gualba,84,401,66,82,359,73,166,760,139
170813,Gualta,31,139,28,20,95,36,51,234,64
080996,Guardiola de Berguedà,68,323,106,49,277,125,117,600,231
430705,"Guiamets, els",16,117,39,14,90,56,30,207,95
170828,Guils de Cerdanya,29,187,25,24,156,31,53,343,56
251095,Guimerà,6,106,61,6,82,74,12,188,135
259031,"Guingueta d'Àneu, la",26,143,38,16,108,39,42,251,77
251109,Guissona,497,2064,242,458,1667,325,955,3731,567
251116,Guixers,5,61,21,4,39,20,9,100,41
081000,Gurb,237,810,144,217,771,165,454,1581,309
430712,Horta de Sant Joan,80,432,163,60,344,174,140,776,337
081017,"Hospitalet de Llobregat, l'",15702,88583,19409,14841,87158,26155,30543,175741,45564
081629,"Hostalets de Pierola, els",195,846,123,187,721,147,382,1567,270
170834,Hostalric,305,1388,243,293,1233,311,598,2621,554
081022,Igualada,2854,12855,2555,2732,12105,3822,5586,24960,6377
251155,Isona i Conca Dellà,75,376,168,47,310,177,122,686,345
170849,Isòvol,16,126,19,6,78,33,22,204,52
251137,Ivars d'Urgell,103,644,192,104,500,243,207,1144,435
251121,Ivars de Noguera,11,124,49,14,95,47,25,219,96
251142,Ivorra,8,46,18,5,43,27,13,89,45
170852,Jafre,21,164,43,14,106,55,35,270,98
170865,"Jonquera, la",223,1199,168,195,1073,217,418,2272,385
081038,Jorba,66,238,58,75,225,80,141,463,138
259101,Josa i Tuixén,9,65,20,3,55,20,12,120,40
170871,Juià,28,91,33,20,89,36,48,180,69
251180,Juncosa,20,177,78,32,131,82,52,308,160
251193,Juneda,215,1141,318,193,977,378,408,2118,696
251214,Les,68,356,49,58,338,75,126,694,124
251229,Linyola,201,914,247,185,817,291,386,1731,538
081043,"Llacuna, la",51,332,91,47,253,104,98,585,195
170887,Lladó,42,209,62,41,187,64,83,396,126
251235,Lladorre,12,76,23,16,74,24,28,150,47
251240,Lladurs,10,68,31,9,58,24,19,126,55
081056,"Llagosta, la",1042,4978,805,967,4691,1034,2009,9669,1839
170890,Llagostera,567,2681,550,555,2264,697,1122,4945,1247
170904,Llambilles,51,239,46,53,199,53,104,438,99
170911,Llanars,38,210,50,25,182,64,63,392,114
170926,Llançà,316,1704,397,336,1592,517,652,3296,914
251253,Llardecans,26,177,85,27,147,92,53,324,177
251266,Llavorsí,18,110,40,17,109,36,35,219,76
251207,Lleida,9493,45392,8168,9313,42991,11957,18806,88383,20125
170932,Llers,84,397,96,89,366,112,173,763,208
251272,Lles de Cerdanya,12,86,31,3,56,32,15,142,63
081075,Lliçà d'Amunt,1331,4805,757,1255,4542,801,2586,9347,1558
081081,Lliçà de Vall,555,2221,360,497,2101,354,1052,4322,714
251288,Llimiana,7,57,25,5,47,23,12,104,48
081069,Llinars del Vallès,739,3056,500,660,2935,691,1399,5991,1191
170947,Llívia,99,571,85,62,467,104,161,1038,189
430727,"Lloar, el",7,36,21,4,31,14,11,67,35
251291,Llobera,14,78,25,8,61,35,22,139,60
430733,Llorac,5,42,15,5,29,17,10,71,32
430748,Llorenç del Penedès,196,703,138,173,696,179,369,1399,317
170950,Lloret de Mar,2778,14211,1512,2434,12168,1894,5212,26379,3406
170963,"Llosses, les",11,92,27,9,78,21,20,170,48
081094,Lluçà,20,89,22,20,75,26,40,164,48
171024,Maçanet de Cabrenys,30,249,101,30,201,111,60,450,212
171030,Maçanet de la Selva,494,2345,386,515,2080,434,1009,4425,820
170979,Madremanya,11,66,25,18,75,24,29,141,49
170985,Maià de Montcal,24,127,43,24,122,38,48,249,81
251333,Maials,51,312,129,50,258,166,101,570,295
251305,Maldà,16,82,53,13,74,39,29,156,92
081108,Malgrat de Mar,1377,6399,1232,1216,5915,1683,2593,12314,2915
081115,Malla,16,91,17,14,104,25,30,195,42
081120,Manlleu,1751,7102,1346,1662,6364,1866,3413,13466,3212
081136,Manresa,5401,24898,5624,4990,23726,8501,10391,48624,14125
430764,Marçà,49,203,83,48,189,90,97,392,173
430751,Margalef,9,42,19,1,29,22,10,71,41
082423,Marganell,21,93,22,20,95,41,41,188,63
081141,Martorell,2275,9509,1529,2092,8403,2036,4367,17912,3565
081154,Martorelles,368,1770,359,298,1659,439,666,3429,798
430770,Mas de Barberans,30,217,88,34,198,100,64,415,188
171002,Masarac,19,93,28,13,77,39,32,170,67
430786,Masdenverge,68,374,127,76,337,116,144,711,243
081167,"Masies de Roda, les",50,272,59,49,264,73,99,536,132
081173,"Masies de Voltregà, les",272,1081,201,265,1061,272,537,2142,473
430799,Masllorenç,31,175,50,33,142,72,64,317,122
081189,"Masnou, el",1690,7562,1312,1606,7699,2066,3296,15261,3378
430803,"Masó, la",10,100,34,18,94,31,28,194,65
430810,Maspujols,46,167,66,48,154,61,94,321,127
081192,Masquefa,745,2762,396,761,2626,457,1506,5388,853
430825,"Masroig, el",32,164,65,24,157,83,56,321,148
251312,Massalcoreig,36,223,73,34,166,93,70,389,166
171019,Massanes,49,274,46,43,221,60,92,495,106
251327,Massoteres,21,77,24,18,60,21,39,137,45
081206,Matadepera,984,2803,409,772,2778,520,1756,5581,929
081213,Mataró,9082,43469,7245,8469,40550,10220,17551,84019,17465
081228,Mediona,162,810,205,165,668,241,327,1478,446
251348,Menàrguens,43,275,115,47,224,131,90,499,246
170998,Meranges,5,36,14,1,21,10,6,57,24
171058,Mieres,24,119,29,21,86,41,45,205,70
430831,"Milà, el",10,53,21,14,58,21,24,111,42
251351,Miralcamp,86,470,120,94,444,154,180,914,274
430846,Miravet,48,306,72,35,219,115,83,525,187
081385,Moià,500,1929,365,460,1745,487,960,3674,852
430859,"Molar, el",17,99,44,11,74,45,28,173,89
081234,Molins de Rei,1869,8277,1429,1815,8216,1938,3684,16493,3367
251370,Mollerussa,1165,4916,705,1065,4270,965,2230,9186,1670
171061,Mollet de Peralada,10,59,18,8,47,32,18,106,50
081249,Mollet del Vallès,4205,19149,2600,4118,17896,3397,8323,37045,5997
171077,Molló,11,119,38,14,107,51,25,226,89
251364,"Molsosa, la",5,44,15,6,41,17,11,85,32
081287,Monistrol de Calders,53,241,57,50,230,71,103,471,128
081271,Monistrol de Montserrat,199,1075,242,147,956,284,346,2031,526
171096,Montagut i Oix,65,331,96,69,272,107,134,603,203
430862,Montblanc,522,2424,509,423,2251,689,945,4675,1198
430884,Montbrió del Camp,151,669,158,137,605,197,288,1274,355
081252,Montcada i Reixac,2655,11461,1901,2544,10961,2589,5199,22422,4490
081304,Montclar,13,28,14,10,38,16,23,66,30
251399,Montellà i Martinet,40,211,65,28,177,76,68,388,141
081311,Montesquiu,48,302,86,50,266,109,98,568,195
251403,Montferrer i Castellbò,59,398,79,65,313,69,124,711,148
430897,Montferri,30,110,35,29,90,29,59,200,64
251386,Montgai,37,228,105,38,205,127,75,433,232
081265,Montgat,733,3523,528,723,3545,726,1456,7068,1254
081326,Montmajor,36,158,57,21,149,57,57,307,114
081332,Montmaneu,7,75,24,11,55,27,18,130,51
430901,"Montmell, el",110,521,100,100,425,85,210,946,185
081350,Montmeló,742,3139,529,672,3095,696,1414,6234,1225
251425,Montoliu de Lleida,34,178,52,18,163,65,52,341,117
251410,Montoliu de Segarra,9,69,30,0,46,31,9,115,61
251431,Montornès de Segarra,1,31,18,6,36,16,7,67,34
081363,Montornès del Vallès,1225,5580,788,1209,4963,958,2434,10543,1746
430918,Mont-ral,13,77,11,4,69,8,17,146,19
171100,Mont-ras,142,701,124,147,623,122,289,1324,246
430923,Mont-roig del Camp,731,3925,739,719,3412,766,1450,7337,1505
081379,Montseny,15,113,34,11,93,33,26,206,67
430939,Móra d'Ebre,414,1723,448,402,1693,552,816,3416,1000
430944,Móra la Nova,239,1137,254,220,1020,319,459,2157,573
430957,"Morell, el",242,1069,178,231,933,202,473,2002,380
430960,"Morera de Montsant, la",9,61,19,10,43,15,19,104,34
081290,Muntanyola,43,197,26,55,172,20,98,369,46
081398,Mura,10,97,20,16,68,21,26,165,41
251459,Nalec,4,31,13,2,29,16,6,60,29
250254,Naut Aran,116,694,92,122,593,99,238,1287,191
081402,Navarcles,417,1961,457,389,1916,592,806,3877,1049
081419,Navàs,444,1995,516,401,1899,704,845,3894,1220
171117,Navata,84,334,95,96,321,93,180,655,188
251462,Navès,20,84,30,17,85,38,37,169,68
081424,"Nou de Berguedà, la",12,44,19,13,41,20,25,85,39
430976,"Nou de Gaià, la",33,160,40,40,139,49,73,299,89
430982,Nulles,24,152,33,22,129,54,46,281,87
251484,Odèn,10,109,48,6,79,33,16,188,81
081430,Òdena,294,1091,219,242,1057,258,536,2148,477
171122,Ogassa,20,112,28,11,75,28,31,187,56
081458,Olèrdola,325,1207,185,281,1059,223,606,2266,408
081461,Olesa de Bonesvalls,114,608,95,118,526,95,232,1134,190
081477,Olesa de Montserrat,2011,7944,1319,1846,7407,1730,3857,15351,3049
251497,Oliana,108,664,206,106,611,243,214,1275,449
251500,Oliola,14,105,28,14,74,28,28,179,56
251517,Olius,72,258,53,61,247,61,133,505,114
081483,Olivella,276,1128,111,279,936,112,555,2064,223
081496,Olost,85,387,125,66,362,168,151,749,293
171143,Olot,2396,11248,2610,2167,10092,3824,4563,21340,6434
251522,"Oluges, les",3,64,29,5,49,27,8,113,56
081445,Olvan,54,290,98,44,271,136,98,561,234
251538,"Omellons, els",10,80,39,10,77,30,20,157,69
251543,"Omells de na Gaia, els",8,50,25,5,41,18,13,91,43
171156,Ordis,30,133,29,31,111,32,61,244,61
251556,Organyà,46,314,120,47,284,148,93,598,268
081509,Orís,16,104,22,22,96,26,38,200,48
081516,Oristà,25,197,67,21,194,82,46,391,149
081521,Orpí,12,61,18,14,61,17,26,122,35
081537,Òrrius,41,179,35,46,139,47,87,318,82
251569,Os de Balaguer,65,324,121,71,270,107,136,594,228
171169,Osor,18,116,55,10,106,67,28,222,122
251575,Ossó de Sió,11,76,32,17,70,29,28,146,61
081542,Pacs del Penedès,56,309,55,73,283,55,129,592,110
081555,Palafolls,775,2890,384,728,2829,455,1503,5719,839
171175,Palafrugell,1733,7763,1442,1524,6998,1952,3257,14761,3394
171181,Palamós,1352,6044,1220,1283,5845,1656,2635,11889,2876
251581,"Palau d'Anglesola, el",143,679,166,140,601,218,283,1280,384
171194,Palau de Santa Eulàlia,4,39,9,2,31,10,6,70,19
171215,Palau-sator,14,105,35,12,88,35,26,193,70
171208,Palau-saverdera,84,456,139,70,401,150,154,857,289
081568,Palau-solità i Plegamans,1237,4996,652,1226,4682,801,2463,9678,1453
431009,"Pallaresos, els",403,1297,115,399,1208,116,802,2505,231
081574,Pallejà,1048,3910,485,937,3755,684,1985,7665,1169
430995,"Palma d'Ebre, la",18,120,62,23,124,74,41,244,136
089058,"Palma de Cervelló, la",261,1111,134,240,1079,184,501,2190,318
171236,Palol de Revardit,36,158,40,45,137,43,81,295,83
171241,Pals,154,865,270,137,811,303,291,1676,573
081580,"Papiol, el",286,1391,236,302,1270,296,588,2661,532
171254,Pardines,13,50,26,9,45,21,22,95,47
081593,Parets del Vallès,1495,6185,878,1363,5715,1084,2858,11900,1962
171267,Parlavà,20,141,36,14,120,49,34,261,85
431016,Passanant i Belltall,2,68,34,6,49,35,8,117,69
171289,Pau,40,200,55,33,185,55,73,385,110
431021,Paüls,24,197,81,34,182,89,58,379,170
171292,Pedret i Marzà,15,59,15,9,58,16,24,117,31
251641,Penelles,32,197,73,24,121,80,56,318,153
171306,"Pera, la",27,145,43,30,126,55,57,271,98
081607,Perafita,21,135,44,26,111,57,47,246,101
431037,Perafort,93,374,58,64,349,58,157,723,116
171328,Peralada,124,594,142,132,537,164,256,1131,306
251654,Peramola,23,122,55,13,103,54,36,225,109
431042,"Perelló, el",179,1056,322,148,856,334,327,1912,656
081614,Piera,1268,4848,899,1168,4363,1106,2436,9211,2005
431055,"Piles, les",9,84,22,11,61,14,20,145,36
081635,Pineda de Mar,1959,9418,1665,1791,8638,2097,3750,18056,3762
431068,"Pinell de Brai, el",74,367,135,64,321,165,138,688,300
251667,Pinell de Solsonès,12,80,23,16,55,27,28,135,50
251673,Pinós,20,115,43,18,95,32,38,210,75
431074,Pira,43,156,42,48,149,50,91,305,92
431080,"Pla de Santa Maria, el",169,734,173,128,642,199,297,1376,372
081640,"Pla del Penedès, el",63,295,93,52,270,118,115,565,211
171334,"Planes d'Hostoles, les",116,575,227,100,540,251,216,1115,478
171349,Planoles,13,99,36,9,80,35,22,179,71
259118,"Plans de Sió, els",35,193,88,27,158,101,62,351,189
251689,"Poal, el",37,234,74,32,177,93,69,411,167
251692,"Pobla de Cérvoles, la",16,87,33,18,64,33,34,151,66
081653,"Pobla de Claramunt, la",185,812,154,180,669,193,365,1481,347
081666,"Pobla de Lillet, la",58,432,156,37,402,237,95,834,393
431093,"Pobla de Mafumet, la",149,638,76,160,613,98,309,1251,174
431107,"Pobla de Massaluca, la",11,132,65,14,107,67,25,239,132
431114,"Pobla de Montornès, la",204,974,186,189,828,187,393,1802,373
251713,"Pobla de Segur, la",182,1041,352,167,884,463,349,1925,815
431129,Poboleda,16,135,46,11,96,50,27,231,96
081672,Polinyà,648,2766,218,638,2537,298,1286,5303,516
431135,"Pont d'Armentera, el",33,198,74,34,182,83,67,380,157
250306,"Pont de Bar, el",12,71,27,10,47,24,22,118,51
171352,Pont de Molins,26,165,42,21,153,33,47,318,75
251734,"Pont de Suert, el",151,897,207,130,762,271,281,1659,478
081825,"Pont de Vilomara i Rocafort, el",310,1281,225,287,1162,256,597,2443,481
431418,Pontils,3,56,22,5,42,18,8,98,40
081688,Pontons,40,211,47,32,176,50,72,387,97
171365,Pontós,11,70,30,8,50,32,19,120,62
251728,Ponts,193,910,254,168,849,308,361,1759,562
171371,Porqueres,357,1457,282,361,1442,309,718,2899,591
431140,Porrera,34,170,57,18,133,65,52,303,122
171404,"Port de la Selva, el",60,325,98,43,318,103,103,643,201
171387,Portbou,43,444,167,50,377,226,93,821,393
251749,"Portella, la",40,345,60,28,248,69,68,593,129
431153,Pradell de la Teixeta,4,62,20,9,50,24,13,112,44
431166,Prades,40,233,69,29,189,89,69,422,158
431172,Prat de Comte,10,56,33,9,52,33,19,108,66
081691,"Prat de Llobregat, el",4703,22753,3828,4287,22100,4992,8990,44853,8820
431188,Pratdip,34,271,105,34,205,111,68,476,216
081712,Prats de Lluçanès,190,902,261,184,839,333,374,1741,594
081705,"Prats de Rei, els",26,198,50,17,168,78,43,366,128
251752,Prats i Sansor,20,89,13,8,66,17,28,155,30
251765,Preixana,18,127,64,23,104,75,41,231,139
251771,Preixens,27,160,77,33,134,92,60,294,169
082303,Premià de Dalt,824,3462,567,816,3432,687,1640,6894,1254
081727,Premià de Mar,2188,9880,1653,2010,9556,2303,4198,19436,3956
171390,"Preses, les",136,569,126,133,575,147,269,1144,273
251790,Prullans,13,76,33,19,79,26,32,155,59
171411,Puigcerdà,799,3306,520,697,2932,695,1496,6238,1215
081748,Puigdàlber,31,166,22,38,149,43,69,315,65
251804,Puiggròs,29,99,30,19,82,40,48,181,70
431191,Puigpelat,90,332,52,71,291,55,161,623,107
081751,Puig-reig,235,1395,455,236,1283,634,471,2678,1089
251811,Puigverd d'Agramunt,20,98,36,15,79,30,35,177,66
251826,Puigverd de Lleida,110,442,117,96,413,139,206,855,256
081764,Pujalt,14,61,22,7,67,25,21,128,47
081770,"Quar, la",2,24,10,0,20,5,2,44,15
171426,Quart,213,994,145,180,912,174,393,1906,319
170433,Queralbs,14,67,31,11,49,25,25,116,56
431205,Querol,38,205,38,26,192,34,64,397,72
171432,Rabós,9,66,15,10,60,22,19,126,37
081786,Rajadell,33,174,49,28,146,40,61,320,89
431212,Rasquera,49,304,120,51,276,134,100,580,254
171447,Regencós,20,123,42,23,88,30,43,211,72
081799,Rellinars,46,238,50,51,215,58,97,453,108
431227,Renau,4,32,6,6,33,7,10,65,13
431233,Reus,8559,37560,6213,8271,35447,8785,16830,73007,14998
251832,Rialp,40,272,34,44,219,53,84,491,87
431248,"Riba, la",49,260,75,32,202,92,81,462,167
431251,Riba-roja d'Ebre,64,476,161,50,383,198,114,859,359
259059,Ribera d'Ondara,20,166,57,27,127,73,47,293,130
251850,Ribera d'Urgellet,69,342,94,46,284,111,115,626,205
171450,Ribes de Freser,103,643,230,86,609,330,189,1252,560
171463,Riells i Viabrea,357,1288,152,316,1193,159,673,2481,311
431264,"Riera de Gaià, la",133,521,88,112,473,126,245,994,214
251863,Riner,17,88,39,18,96,29,35,184,68
171479,Ripoll,711,3699,980,578,3504,1395,1289,7203,2375
081803,Ripollet,3042,13307,1861,2790,12228,2433,5832,25535,4294
259139,Riu de Cerdanya,5,49,5,7,37,9,12,86,14
171485,Riudarenes,144,688,143,130,589,159,274,1277,302
171498,Riudaura,25,161,31,22,144,46,47,305,77
431270,Riudecanyes,84,331,87,71,300,100,155,631,187
431286,Riudecols,83,451,99,72,368,121,155,819,220
171501,Riudellots de la Selva,158,680,129,123,616,171,281,1296,300
431299,Riudoms,541,2103,485,487,1963,570,1028,4066,1055
171518,Riumors,15,64,24,5,54,27,20,118,51
081810,"Roca del Vallès, la",841,3496,522,825,3370,602,1666,6866,1124
431303,Rocafort de Queralt,17,95,32,8,72,47,25,167,79
431310,Roda de Berà,419,2138,405,398,1826,400,817,3964,805
081831,Roda de Ter,447,1927,391,414,1857,635,861,3784,1026
431325,Rodonyà,44,180,45,42,134,59,86,314,104
431331,Roquetes,622,2803,585,551,2421,707,1173,5224,1292
171523,Roses,1574,6502,1162,1457,6108,1336,3031,12610,2498
251898,Rosselló,241,935,153,211,846,225,452,1781,378
431346,"Rourell, el",27,127,29,35,98,46,62,225,75
081846,Rubí,5889,26055,3601,5468,24690,4791,11357,50745,8392
081859,Rubió,7,58,20,15,45,16,22,103,36
171539,Rupià,14,78,23,14,63,31,28,141,54
089019,Rupit i Pruit,11,119,34,16,110,42,27,229,76
081878,Sabadell,15380,69764,13637,14631,68540,19760,30011,138304,33397
081884,Sagàs,13,43,13,11,38,17,24,81,30
251902,Salàs de Pallars,8,120,49,5,86,67,13,206,116
081901,Saldes,17,143,28,11,104,33,28,247,61
171544,Sales de Llierca,10,56,4,16,44,3,26,100,7
081918,Sallent,414,2319,681,465,2226,978,879,4545,1659
431359,Salomó,33,155,48,30,117,62,63,272,110
439057,Salou,1786,9900,957,1548,8143,1064,3334,18043,2021
171557,Salt,2460,10827,1361,2325,8748,1952,4785,19575,3313
251919,Sanaüja,29,142,64,31,115,73,60,257,137
081944,Sant Adrià de Besòs,2743,11140,2218,2554,10977,3102,5297,22117,5320
081957,Sant Agustí de Lluçanès,5,35,12,6,32,11,11,67,23
081960,Sant Andreu de la Barca,2445,9695,1080,2167,9050,1306,4612,18745,2386
081976,Sant Andreu de Llavaneres,997,3409,562,854,3238,685,1851,6647,1247
171576,Sant Andreu Salou,16,42,17,16,47,23,32,89,40
171833,Sant Aniol de Finestres,19,115,30,25,90,27,44,205,57
081982,Sant Antoni de Vilamajor,465,1792,289,458,1734,353,923,3526,642
081995,Sant Bartomeu del Grau,75,368,65,79,304,84,154,672,149
082009,Sant Boi de Llobregat,6055,28963,5073,5776,28162,6698,11831,57125,11771
082016,Sant Boi de Lluçanès,27,198,65,29,166,87,56,364,152
431362,Sant Carles de la Ràpita,996,4953,1161,1052,4658,1442,2048,9611,2603
082037,Sant Cebrià de Vallalta,252,1211,146,253,1068,145,505,2279,291
082021,Sant Celoni,1286,5638,1081,1267,5306,1414,2553,10944,2495
082042,Sant Climent de Llobregat,351,1309,180,314,1244,233,665,2553,413
171582,Sant Climent Sescebes,42,165,61,30,144,61,72,309,122
082055,Sant Cugat del Vallès,8110,25047,3216,7595,26107,4270,15705,51154,7486
082068,Sant Cugat Sesgarrigues,84,327,75,79,275,87,163,602,162
251961,Sant Esteve de la Sarga,5,64,27,2,34,19,7,98,46
082074,Sant Esteve de Palautordera,218,769,107,276,749,126,494,1518,233
082080,Sant Esteve Sesrovires,594,2484,338,608,2285,395,1202,4769,733
171595,Sant Feliu de Buixalleu,57,292,69,52,243,80,109,535,149
082107,Sant Feliu de Codines,457,1964,368,448,1744,514,905,3708,882
171609,Sant Feliu de Guíxols,1595,7412,1519,1568,7060,2001,3163,14472,3520
082114,Sant Feliu de Llobregat,3300,15030,2363,3272,15031,3277,6572,30061,5640
171616,Sant Feliu de Pallerols,87,459,116,103,412,158,190,871,274
082129,Sant Feliu Sasserra,35,215,59,36,186,81,71,401,140
171621,Sant Ferriol,23,71,20,11,61,19,34,132,39
082093,Sant Fost de Campsentelles,632,2790,458,571,2637,568,1203,5427,1026
082135,Sant Fruitós de Bages,688,2729,409,577,2511,534,1265,5240,943
171637,Sant Gregori,280,1050,198,251,1026,201,531,2076,399
251924,Sant Guim de Freixenet,70,351,106,62,332,139,132,683,245
251977,Sant Guim de la Plana,13,62,24,10,49,27,23,111,51
171642,Sant Hilari Sacalm,367,2028,450,348,1764,563,715,3792,1013
082153,Sant Hipòlit de Voltregà,276,1133,283,246,1049,392,522,2182,675
081939,Sant Iscle de Vallalta,119,414,85,121,365,89,240,779,174
439023,Sant Jaume d'Enveja,248,1168,345,196,1065,412,444,2233,757
082166,Sant Jaume de Frontanyà,1,9,4,2,13,1,3,22,5
171655,Sant Jaume de Llierca,34,267,102,44,224,123,78,491,225
431378,Sant Jaume dels Domenys,179,779,160,156,659,203,335,1438,363
171674,Sant Joan de les Abadesses,207,1249,354,191,1058,527,398,2307,881
171680,Sant Joan de Mollet,42,166,48,38,166,53,80,332,101
082188,Sant Joan de Vilatorrada,879,3729,704,765,3514,883,1644,7243,1587
082172,Sant Joan Despí,2814,11133,1693,2571,11280,2180,5385,22413,3873
171851,Sant Joan les Fonts,150,965,257,133,861,331,283,1826,588
171668,Sant Jordi Desvalls,41,212,60,35,187,87,76,399,147
089030,Sant Julià de Cerdanyola,20,83,33,17,72,30,37,155,63
171693,Sant Julià de Ramis,239,1053,175,246,972,181,485,2025,356
082205,Sant Julià de Vilatorta,263,990,159,264,976,235,527,1966,394
179032,Sant Julià del Llor i Bonmatí,82,450,75,83,389,115,165,839,190
082212,Sant Just Desvern,1273,5039,982,1255,5500,1342,2528,10539,2324
082227,Sant Llorenç d'Hortons,196,794,146,192,711,180,388,1505,326
171714,Sant Llorenç de la Muga,14,79,22,9,65,26,23,144,48
251930,Sant Llorenç de Morunys,52,357,109,55,299,132,107,656,241
082233,Sant Llorenç Savall,171,791,212,183,696,260,354,1487,472
082251,Sant Martí d'Albars,5,41,11,6,33,17,11,74,28
082248,Sant Martí de Centelles,82,346,61,82,294,76,164,640,137
171729,Sant Martí de Llémena,44,182,46,50,165,40,94,347,86
259025,Sant Martí de Riucorb,30,238,104,27,194,110,57,432,214
082264,Sant Martí de Tous,105,355,103,94,323,124,199,678,227
082270,Sant Martí Sarroca,238,1041,255,225,936,302,463,1977,557
082286,Sant Martí Sesgueioles,29,132,36,34,109,45,63,241,81
171735,Sant Martí Vell,25,74,18,20,72,23,45,146,41
082299,Sant Mateu de Bages,34,219,91,29,181,115,63,400,206
171740,Sant Miquel de Campmajor,13,83,23,14,65,20,27,148,43
171753,Sant Miquel de Fluvià,54,250,56,52,227,71,106,477,127
171766,Sant Mori,5,62,11,9,64,12,14,126,23
171772,Sant Pau de Segúries,33,223,79,36,211,99,69,434,178
082310,Sant Pere de Ribes,2416,10166,1339,2347,9585,1656,4763,19751,2995
082325,Sant Pere de Riudebitlles,197,794,192,173,731,232,370,1525,424
082331,Sant Pere de Torelló,161,802,182,130,745,252,291,1547,434
082346,Sant Pere de Vilamajor,351,1299,220,376,1250,232,727,2549,452
171788,Sant Pere Pescador,162,727,132,106,587,164,268,1314,296
081897,Sant Pere Sallavinera,7,62,23,9,49,27,16,111,50
082359,Sant Pol de Mar,414,1762,326,378,1665,359,792,3427,685
082362,Sant Quintí de Mediona,185,737,175,148,668,218,333,1405,393
082378,Sant Quirze de Besora,138,686,224,134,657,307,272,1343,531
082384,Sant Quirze del Vallès,1745,6420,645,1735,6359,915,3480,12779,1560
082397,Sant Quirze Safaja,51,240,27,64,220,27,115,460,54
251945,Sant Ramon,30,193,81,26,162,78,56,355,159
082401,Sant Sadurní d'Anoia,1021,4052,764,994,3934,1025,2015,7986,1789
082418,Sant Sadurní d'Osormort,8,31,11,4,24,8,12,55,19
080983,Sant Salvador de Guardiola,254,1086,186,259,984,201,513,2070,387
082628,Sant Vicenç de Castellet,543,2787,602,555,2647,962,1098,5434,1564
082649,Sant Vicenç de Montalt,605,1813,262,551,1743,293,1156,3556,555
082652,Sant Vicenç de Torelló,174,607,157,159,631,230,333,1238,387
082634,Sant Vicenç dels Horts,2301,9728,1529,2292,9341,1915,4593,19069,3444
431384,Santa Bàrbara,266,1297,376,266,1145,455,532,2442,831
082439,Santa Cecília de Voltregà,13,64,21,12,64,15,25,128,36
082444,Santa Coloma de Cervelló,739,2705,304,758,2579,423,1497,5284,727
171805,Santa Coloma de Farners,917,4040,758,876,3544,955,1793,7584,1713
082457,Santa Coloma de Gramenet,8033,43146,8150,7181,39903,10352,15214,83049,18502
431397,Santa Coloma de Queralt,267,1017,247,250,932,345,517,1949,592
171812,Santa Cristina d'Aro,407,1625,298,377,1525,315,784,3150,613
082460,Santa Eugènia de Berga,128,873,151,148,723,171,276,1596,322
082476,Santa Eulàlia de Riuprimer,77,336,73,62,311,95,139,647,168
082482,Santa Eulàlia de Ronçana,586,2236,417,532,2180,507,1118,4416,924
082495,Santa Fe del Penedès,34,127,21,39,120,25,73,247,46
171827,Santa Llogaia d'Àlguema,21,119,21,25,102,22,46,221,43
082508,Santa Margarida de Montbui,818,3555,572,787,3317,776,1605,6872,1348
082515,Santa Margarida i els Monjos,543,2492,320,531,2163,410,1074,4655,730
082589,Santa Maria d'Oló,63,380,105,70,350,119,133,730,224
082536,Santa Maria de Besora,10,61,21,9,53,29,19,114,50
082567,Santa Maria de Martorelles,75,295,48,70,259,59,145,554,107
082554,Santa Maria de Merlès,13,46,18,13,50,11,26,96,29
082573,Santa Maria de Miralles,5,47,9,9,41,17,14,88,26
082592,Santa Maria de Palautordera,734,3031,497,666,2691,616,1400,5722,1113
431401,Santa Oliva,292,1079,220,218,932,247,510,2011,467
171848,Santa Pau,91,556,145,100,531,144,191,1087,289
082606,Santa Perpètua de Mogoda,2085,8832,1117,1886,8132,1391,3971,16964,2508
082613,Santa Susanna,270,1092,195,248,1007,207,518,2099,402
081923,Santpedor,526,2342,403,524,2229,533,1050,4571,936
431423,Sarral,113,596,150,100,511,190,213,1107,340
171864,Sarrià de Ter,294,1451,309,295,1376,419,589,2827,728
252017,Sarroca de Bellera,2,48,24,1,34,20,3,82,44
252000,Sarroca de Lleida,15,157,53,16,124,65,31,281,118
171870,"Saus, Camallera i Llampaies",42,263,66,54,251,84,96,514,150
431439,Savallà del Comtat,1,26,12,5,16,11,6,42,23
431444,"Secuita, la",105,505,90,97,455,111,202,960,201
171886,"Selva de Mar, la",9,76,24,14,71,22,23,147,46
431457,"Selva del Camp, la",510,1736,341,467,1606,437,977,3342,778
431460,Senan,5,24,6,5,12,2,10,36,8
430445,"Sénia, la",429,2256,468,416,1980,559,845,4236,1027
252022,Senterada,6,57,13,5,46,15,11,103,28
250352,"Sentiu de Sió, la",21,167,61,21,170,67,42,337,128
082671,Sentmenat,658,2679,386,598,2571,484,1256,5250,870
171903,Serinyà,89,372,97,93,335,98,182,707,195
252043,Seròs,110,752,217,76,500,238,186,1252,455
171910,Serra de Daró,18,64,26,5,49,28,23,113,54
171925,Setcases,6,65,23,11,49,22,17,114,45
252038,"Seu d'Urgell, la",998,4382,902,899,4324,1198,1897,8706,2100
082690,Seva,273,1132,227,243,1048,268,516,2180,495
252056,Sidamon,43,263,60,54,221,66,97,484,126
171931,Sils,384,1560,271,362,1448,322,746,3008,593
082704,Sitges,2084,9406,1548,1961,9191,2035,4045,18597,3583
170524,Siurana,16,69,25,9,59,27,25,128,52
082711,Sobremunt,6,32,10,9,31,10,15,63,20
252069,"Soleràs, el",25,138,52,27,102,63,52,240,115
431476,Solivella,53,210,83,52,185,103,105,395,186
252075,Solsona,760,3158,674,718,2819,871,1478,5977,1545
082726,Sora,11,70,19,16,48,14,27,118,33
252081,Soriguera,17,130,33,14,105,42,31,235,75
252094,Sort,169,822,175,153,720,225,322,1542,400
252108,Soses,131,638,126,89,514,174,220,1152,300
082732,Subirats,238,1011,256,253,920,330,491,1931,586
252115,Sudanell,41,343,77,39,233,100,80,576,177
252120,Sunyer,16,98,35,18,85,38,34,183,73
082747,Súria,422,2107,602,400,1987,851,822,4094,1453
171946,Susqueda,5,51,13,5,40,12,10,91,25
082763,Tagamanent,21,109,27,30,90,24,51,199,51
082779,Talamanca,8,61,6,6,51,8,14,112,14
252154,Talarn,25,127,35,26,116,53,51,243,88
252167,Talavera,27,112,36,7,83,41,34,195,77
171959,"Tallada d'Empordà, la",29,129,52,25,115,45,54,244,97
082785,Taradell,538,2053,436,394,1920,523,932,3973,959
431482,Tarragona,10835,47274,8234,10170,46221,11429,21005,93495,19663
252173,Tàrrega,1315,5523,982,1225,5070,1400,2540,10593,2382
252189,Tarrés,1,40,14,4,32,18,5,72,32
252192,Tarroja de Segarra,11,57,23,7,47,27,18,104,50
082750,Tavèrnoles,16,116,25,20,111,22,36,227,47
082802,Tavertet,5,58,17,4,47,16,9,105,33
082819,Teià,520,2140,377,439,2033,460,959,4173,837
252206,Térmens,86,523,151,80,466,183,166,989,334
171962,Terrades,19,93,26,15,83,30,34,176,56
082798,Terrassa,16383,72140,12169,15436,68259,17749,31819,140399,29918
082824,Tiana,676,2623,340,674,2635,469,1350,5258,809
252213,Tírvia,8,48,16,4,39,15,12,87,31
252228,Tiurana,3,18,9,2,17,7,5,35,16
431495,Tivenys,63,287,124,41,258,153,104,545,277
431508,Tivissa,88,603,206,99,542,243,187,1145,449
082830,Tona,673,2650,483,640,2516,616,1313,5166,1099
252234,Torà,95,473,120,91,406,148,186,879,268
082845,Tordera,1161,5042,942,1031,4709,1132,2192,9751,2074
082858,Torelló,959,4748,951,962,4506,1323,1921,9254,2274
252249,"Torms, els",11,59,28,7,45,32,18,104,60
252252,Tornabous,46,283,107,33,234,119,79,517,226
252271,"Torre de Cabdella, la",30,279,91,24,239,129,54,518,220
082861,"Torre de Claramunt, la",317,1321,170,280,1190,188,597,2511,358
431515,"Torre de Fontaubella, la",3,45,20,6,38,25,9,83,45
431520,"Torre de l'Espanyol, la",38,233,80,41,191,98,79,424,178
252265,Torrebesses,17,96,43,9,88,53,26,184,96
431536,Torredembarra,1123,5180,944,1115,4960,1202,2238,10140,2146
252287,Torrefarrera,314,1238,165,254,1143,224,568,2381,389
259078,Torrefeta i Florejacs,36,202,86,38,183,92,74,385,178
252304,Torregrossa,123,774,249,131,663,319,254,1437,568
252311,Torrelameu,30,257,68,22,180,80,52,437,148
082877,Torrelavit,74,498,126,60,380,137,134,878,263
082883,Torrelles de Foix,175,834,218,169,711,200,344,1545,418
082896,Torrelles de Llobregat,484,1786,224,470,1742,268,954,3528,492
171978,Torrent,11,65,22,8,70,15,19,135,37
252326,Torres de Segre,129,733,193,135,619,212,264,1352,405
252332,Torre-serona,21,122,39,16,113,37,37,235,76
171984,Torroella de Fluvià,43,218,44,35,175,41,78,393,85
171997,Torroella de Montgrí,887,3939,743,826,3629,900,1713,7568,1643
431541,Torroja del Priorat,3,61,21,3,40,19,6,101,40
172001,Tortellà,39,250,88,47,201,124,86,451,212
431554,Tortosa,2470,12817,2616,2286,10916,3727,4756,23733,6343
172018,Toses,15,64,18,6,40,15,21,104,33
172023,Tossa de Mar,408,2057,408,377,1937,475,785,3994,883
252347,Tremp,404,1960,615,404,1801,838,808,3761,1453
172044,Ullà,86,451,56,70,285,71,156,736,127
082900,Ullastrell,174,596,95,151,557,114,325,1153,209
172057,Ullastret,15,75,23,17,66,22,32,141,45
431567,Ulldecona,477,2378,561,405,2017,728,882,4395,1289
431573,Ulldemolins,20,167,85,14,122,85,34,289,170
172039,Ultramort,15,71,30,0,51,29,15,122,59
172060,Urús,18,72,16,8,63,23,26,135,39
082917,Vacarisses,598,1938,278,531,1797,289,1129,3735,567
170144,"Vajol, la",5,47,11,5,29,12,10,76,23
172076,"Vall d'en Bas, la",165,915,274,183,811,332,348,1726,606
172082,"Vall de Bianya, la",110,451,97,91,419,136,201,870,233
250432,"Vall de Boí, la",59,432,81,51,346,80,110,778,161
259010,Vall de Cardós,19,155,46,27,106,46,46,261,92
082922,Vallbona d'Anoia,102,487,83,103,437,125,205,924,208
252385,Vallbona de les Monges,9,82,35,6,64,53,15,146,88
082938,Vallcebre,17,91,39,6,81,35,23,172,74
431589,Vallclara,5,40,23,6,28,16,11,68,39
252402,Vallfogona de Balaguer,97,590,150,115,547,161,212,1137,311
171707,Vallfogona de Ripollès,13,81,25,14,60,26,27,141,51
431592,Vallfogona de Riucorb,1,47,40,3,27,40,4,74,80
082943,Vallgorguina,223,784,115,181,772,118,404,1556,233
082956,Vallirana,1180,4760,741,1176,4597,872,2356,9357,1613
172095,Vall-llobrega,90,278,32,75,264,39,165,542,71
431606,Vallmoll,108,595,110,95,512,109,203,1107,219
082969,Vallromanes,259,757,97,246,742,103,505,1499,200
431613,Valls,1891,8521,1623,1813,7861,2239,3704,16382,3862
259062,"Valls d'Aguilar, les",15,121,36,8,92,42,23,213,78
252398,"Valls de Valira, les",61,328,91,30,282,83,91,610,174
431628,Vandellòs i l'Hospitalet de l'Infant,415,1998,364,341,1856,446,756,3854,810
259097,"Vansa i Fórnols, la",7,73,26,7,54,28,14,127,54
082975,Veciana,14,53,25,11,49,19,25,102,44
431634,"Vendrell, el",2802,12146,1943,2732,11392,2325,5534,23538,4268
172109,Ventalló,38,263,82,39,222,81,77,485,163
252424,Verdú,59,306,126,64,285,174,123,591,300
172116,Verges,79,395,114,62,369,156,141,764,270
431649,Vespella de Gaià,25,153,29,23,127,22,48,280,51
082981,Vic,3282,13646,2406,2887,12351,3749,6169,25997,6155
172121,Vidrà,13,61,15,11,62,17,24,123,32
172137,Vidreres,641,2578,447,533,2266,551,1174,4844,998
252430,Vielha e Mijaran,431,2244,208,340,1896,266,771,4140,474
431652,Vilabella,45,269,87,48,251,89,93,520,176
172142,Vilabertran,58,293,88,58,259,88,116,552,176
172155,Vilablareix,198,839,96,179,836,118,377,1675,214
082994,Vilada,25,187,49,18,154,86,43,341,135
172174,Viladamat,31,154,44,23,136,52,54,290,96
172168,Viladasens,10,70,18,11,65,26,21,135,44
083015,Viladecans,5249,22495,3254,4932,21795,3993,10181,44290,7247
083008,Viladecavalls,708,2555,302,676,2462,376,1384,5017,678
172180,Vilademuls,58,265,83,42,232,89,100,497,172
172207,Viladrau,64,388,83,81,327,93,145,715,176
172214,Vilafant,454,1856,285,445,1816,337,899,3672,622
083054,Vilafranca del Penedès,2914,13122,2243,2804,12337,3236,5718,25459,5479
252445,Vilagrassa,33,153,51,21,129,64,54,282,115
172235,Vilajuïga,83,391,88,104,351,100,187,742,188
431750,Vilalba dels Arcs,34,245,109,36,196,117,70,441,226
083067,Vilalba Sasserra,48,213,37,48,208,34,96,421,71
252458,Vilaller,35,293,53,30,183,62,65,476,115
172240,Vilallonga de Ter,20,167,62,19,133,58,39,300,120
431665,Vilallonga del Camp,120,591,112,113,570,125,233,1161,237
172253,Vilamacolum,16,110,27,16,88,36,32,198,63
172266,Vilamalla,95,437,56,77,382,59,172,819,115
172272,Vilamaniscle,19,58,17,13,49,16,32,107,33
252477,Vilamòs,12,79,9,14,63,7,26,142,16
172288,Vilanant,18,113,30,28,107,32,46,220,62
431671,Vilanova d'Escornalbou,32,189,47,31,164,39,63,353,86
252483,Vilanova de Bellpuig,69,360,152,36,339,163,105,699,315
252496,Vilanova de l'Aguda,8,67,46,20,57,37,28,124,83
252542,Vilanova de la Barca,69,374,108,63,362,129,132,736,237
252509,Vilanova de Meià,15,144,55,12,115,70,27,259,125
431687,Vilanova de Prades,3,57,19,8,34,23,11,91,42
083036,Vilanova de Sau,18,111,25,20,121,34,38,232,59
252516,Vilanova de Segrià,49,333,65,32,266,86,81,599,151
083020,Vilanova del Camí,1118,4539,606,1009,4161,775,2127,8700,1381
089024,Vilanova del Vallès,456,1455,211,367,1404,228,823,2859,439
083073,Vilanova i la Geltrú,4797,22151,4220,4659,21602,5767,9456,43753,9987
431690,Vilaplana,26,217,68,36,184,82,62,401,150
431704,Vila-rodona,76,377,117,68,349,125,144,726,242
172305,Vila-sacra,32,185,34,30,176,51,62,361,85
252521,Vila-sana,38,207,67,48,187,71,86,394,138
431711,Vila-seca,1474,7136,864,1506,6598,1100,2980,13734,1964
082140,Vilassar de Dalt,654,2981,572,646,2887,736,1300,5868,1308
082191,Vilassar de Mar,1701,6459,1138,1518,6607,1629,3219,13066,2767
172229,Vilaür,9,50,14,11,42,16,20,92,30
431726,Vilaverd,29,166,44,28,134,72,57,300,116
431732,"Vilella Alta, la",5,46,15,8,26,15,13,72,30
431747,"Vilella Baixa, la",14,75,18,16,54,25,30,129,43
172333,Vilobí d'Onyar,228,1011,214,184,890,229,412,1901,443
083041,Vilobí del Penedès,94,378,85,76,333,105,170,711,190
172327,Vilopriu,19,63,18,9,50,28,28,113,46
252537,"Vilosell, el",5,70,29,5,60,36,10,130,65
431763,Vimbodí i Poblet,75,364,153,48,274,136,123,638,289
252555,Vinaixa,26,209,70,24,177,85,50,386,155
431779,Vinebre,26,168,55,20,145,64,46,313,119
431785,Vinyols i els Arcs,117,579,117,121,530,130,238,1109,247
083089,Viver i Serrateix,14,65,20,14,57,22,28,122,42
430521,Xerta,88,395,161,73,392,187,161,787,348
,Catalunya,539151,2542389,496636,507764,2437576,686992,1046915,4979965,1183628

