Codi,Literal,Homes. De 0 a 14 anys,Homes. De 15 a 64 anys,Homes. 65 anys o més,Dones. De 0 a 14 anys,Dones. De 15 a 64 anys,Dones. 65 anys o més,Total. De 0 a 14 anys,Total. De 15 a 64 anys,Total. 65 anys o més
250019,Abella de la Conca,9,66,27,8,51,23,17,117,50
080018,Abrera,1218,4238,827,1121,3987,972,2339,8225,1799
250024,Àger,27,200,88,22,155,94,49,355,182
250030,Agramunt,429,1817,460,424,1703,572,853,3520,1032
080023,Aguilar de Segarra,20,90,32,20,76,25,40,166,57
170010,Agullana,54,273,87,74,250,93,128,523,180
080142,Aiguafreda,168,803,233,183,797,330,351,1600,563
430017,Aiguamúrcia,52,304,104,67,270,96,119,574,200
170025,Aiguaviva,82,250,63,79,242,63,161,492,126
250387,Aitona,205,856,260,185,716,326,390,1572,586
250045,"Alamús, els",58,267,86,56,226,84,114,493,170
250058,Alàs i Cerc,23,108,47,25,97,51,48,205,98
250061,"Albagés, l'",20,130,61,17,106,59,37,236,120
170031,Albanyà,13,50,12,15,40,11,28,90,23
250077,Albatàrrec,182,884,117,173,773,146,355,1657,263
250083,Albesa,126,559,170,98,437,192,224,996,362
250096,"Albi, l'",64,231,109,52,207,118,116,438,227
430022,Albinyana,172,786,227,175,729,251,347,1515,478
430038,"Albiol, l'",52,162,33,47,153,32,99,315,65
170046,Albons,59,251,71,71,245,72,130,496,143
430043,Alcanar,678,3139,921,631,2954,1070,1309,6093,1991
250100,Alcanó,18,68,35,10,72,40,28,140,75
250117,Alcarràs,893,3448,495,840,3043,644,1733,6491,1139
250122,Alcoletge,292,1284,197,306,1126,210,598,2410,407
430056,Alcover,447,1714,410,455,1652,485,902,3366,895
439044,"Aldea, l'",349,1445,421,287,1238,471,636,2683,892
430069,Aldover,53,251,116,45,235,142,98,486,258
430075,"Aleixar, l'",70,300,75,73,262,86,143,562,161
080039,Alella,802,3026,876,720,3197,1004,1522,6223,1880
430081,Alfara de Carles,19,127,53,20,89,61,39,216,114
250138,Alfarràs,209,1020,286,197,814,353,406,1834,639
250143,Alfés,19,102,41,16,88,47,35,190,88
430094,Alforja,131,632,160,122,564,190,253,1196,350
250156,Algerri,22,134,66,13,96,86,35,230,152
250169,Alguaire,211,1065,286,222,849,337,433,1914,623
250175,Alins,18,88,46,16,75,43,34,163,89
430108,Alió,21,124,50,41,128,44,62,252,94
250194,Almacelles,519,2467,591,489,2071,720,1008,4538,1311
250208,Almatret,8,112,54,2,79,64,10,191,118
250215,Almenar,237,1252,349,202,1007,421,439,2259,770
430115,Almoster,88,499,95,99,479,101,187,978,196
250220,Alòs de Balaguer,5,42,27,4,26,24,9,68,51
170062,Alp,104,571,100,104,510,110,208,1081,210
080044,Alpens,25,98,21,19,85,29,44,183,50
250236,Alpicat,587,2194,365,602,2097,440,1189,4291,805
250241,Alt Àneu,19,159,51,13,125,38,32,284,89
430120,Altafulla,444,1642,399,439,1717,448,883,3359,847
170078,Amer,155,698,237,154,689,309,309,1387,546
430136,"Ametlla de Mar, l'",523,2180,770,504,2076,834,1027,4256,1604
080057,"Ametlla del Vallès, l'",769,2931,528,699,2839,602,1468,5770,1130
439060,"Ampolla, l'",209,1079,411,205,1006,424,414,2085,835
430141,Amposta,1776,6883,1672,1573,6602,2066,3349,13485,3738
170084,Anglès,475,1787,451,478,1700,588,953,3487,1039
250273,Anglesola,95,418,152,106,374,179,201,792,331
250292,Arbeca,117,736,276,143,641,318,260,1377,594
430167,"Arboç, l'",528,1904,390,498,1693,476,1026,3597,866
430154,Arbolí,3,58,9,5,31,17,8,89,26
170097,Arbúcies,558,2252,497,552,1944,624,1110,4196,1121
080060,Arenys de Mar,1174,4964,1319,1025,4942,1944,2199,9906,3263
080076,Arenys de Munt,806,2912,662,690,2841,817,1496,5753,1479
170101,Argelaguer,29,153,37,23,135,46,52,288,83
080082,Argençola,10,85,18,16,68,23,26,153,41
430173,"Argentera, l'",1,58,17,6,34,19,7,92,36
080095,Argentona,1046,3995,906,1002,4021,1163,2048,8016,2069
170118,"Armentera, l'",80,315,85,79,283,107,159,598,192
430189,Arnes,26,126,82,21,117,87,47,243,169
250313,Arres,2,29,6,2,18,2,4,47,8
250328,Arsèguel,9,32,7,4,24,6,13,56,13
080109,Artés,449,1947,426,449,1761,553,898,3708,979
250334,Artesa de Lleida,116,543,136,112,460,160,228,1003,296
250349,Artesa de Segre,258,1198,335,258,1050,409,516,2248,744
430192,Ascó,101,598,169,97,536,189,198,1134,358
250365,Aspa,10,63,34,8,64,35,18,127,69
250371,"Avellanes i Santa Linya, les",26,155,81,28,102,63,54,257,144
080116,Avià,183,710,219,168,725,244,351,1435,463
080121,Avinyó,175,755,189,157,668,296,332,1423,485
170123,Avinyonet de Puigventós,146,556,79,147,548,89,293,1104,168
080137,Avinyonet del Penedès,121,603,149,118,488,174,239,1091,323
080155,Badalona,17647,71524,17045,16498,70565,22569,34145,142089,39614
089045,Badia del Vallès,1058,4436,1092,1029,4299,1552,2087,8735,2644
080168,Bagà,126,695,240,113,672,303,239,1367,543
250390,Baix Pallars,24,120,39,18,108,32,42,228,71
250404,Balaguer,1512,5686,1222,1383,5179,1688,2895,10865,2910
080174,Balenyà,312,1297,235,294,1195,332,606,2492,567
080180,Balsareny,198,1125,295,202,987,433,400,2112,728
430206,Banyeres del Penedès,285,1049,238,289,1004,256,574,2053,494
170157,Banyoles,1872,6397,1375,1698,6159,1896,3570,12556,3271
250411,Barbens,60,331,106,55,258,123,115,589,229
430213,Barberà de la Conca,33,169,52,41,121,61,74,290,113
082520,Barberà del Vallès,2866,11073,2272,2815,10969,2865,5681,22042,5137
080193,Barcelona,105336,522088,139201,99950,544688,209546,205286,1066776,348747
250426,"Baronia de Rialb, la",6,75,43,12,61,38,18,136,81
170160,Bàscara,92,325,97,66,276,133,158,601,230
250447,Bassella,9,69,31,15,75,30,24,144,61
430228,Batea,130,571,264,127,543,303,257,1114,567
250450,Bausen,0,22,11,3,17,14,3,39,25
080207,Begues,662,2307,406,638,2374,443,1300,4681,849
170139,Begur,247,1340,387,229,1299,431,476,2639,818
250463,Belianes,32,151,78,26,147,85,58,298,163
251706,Bellaguarda,12,100,47,6,81,59,18,181,106
170182,Bellcaire d'Empordà,62,206,60,51,209,80,113,415,140
250479,Bellcaire d'Urgell,85,384,154,81,349,184,166,733,338
250485,Bell-lloc d'Urgell,162,779,216,180,710,274,342,1489,490
250498,Bellmunt d'Urgell,9,61,22,15,52,29,24,113,51
430234,Bellmunt del Priorat,14,94,38,7,91,46,21,185,84
080214,Bellprat,0,29,17,2,17,9,2,46,26
250501,Bellpuig,379,1840,372,412,1462,520,791,3302,892
430249,Bellvei,218,719,188,209,665,194,427,1384,382
250518,Bellver de Cerdanya,149,661,204,136,599,224,285,1260,428
250523,Bellvís,172,755,230,151,649,319,323,1404,549
250539,Benavent de Segrià,120,536,97,129,448,112,249,984,209
430252,Benifallet,30,211,104,29,211,136,59,422,240
430265,Benissanet,73,429,129,69,323,149,142,752,278
080229,Berga,1252,5161,1532,1064,5042,2064,2316,10203,3596
170195,Besalú,188,717,248,207,753,330,395,1470,578
170209,Bescanó,534,1597,348,472,1564,414,1006,3161,762
170216,Beuda,15,69,17,19,50,11,34,119,28
080235,Bigues i Riells del Fai,820,3135,614,813,2891,684,1633,6026,1298
250557,Biosca,6,65,28,6,45,36,12,110,64
170221,"Bisbal d'Empordà, la",1010,3603,752,957,3439,1014,1967,7042,1766
430271,"Bisbal de Falset, la",19,68,30,9,56,35,28,124,65
430287,"Bisbal del Penedès, la",278,1206,362,251,1018,345,529,2224,707
172348,Biure,13,73,32,11,71,30,24,144,62
430290,Blancafort,21,133,45,26,104,52,47,237,97
170237,Blanes,2978,13205,3150,2805,12700,3975,5783,25905,7125
170293,Boadella i les Escaules,16,94,30,20,78,29,36,172,59
170242,Bolvir,33,133,33,24,114,43,57,247,76
430304,Bonastre,63,214,56,65,215,48,128,429,104
250576,"Bòrdes, Es",16,99,25,14,77,21,30,176,46
170255,Bordils,145,582,127,127,549,163,272,1131,290
250582,"Borges Blanques, les",485,2020,563,439,1793,705,924,3813,1268
430311,"Borges del Camp, les",198,683,176,189,611,223,387,1294,399
170268,Borrassà,70,233,64,59,217,72,129,450,136
080240,Borredà,31,176,60,18,135,60,49,311,120
250595,Bossòst,82,379,85,84,378,112,166,757,197
430326,Bot,30,169,107,26,152,125,56,321,232
430332,Botarell,96,404,66,99,339,74,195,743,140
250560,Bovera,10,88,49,8,57,54,18,145,103
430347,Bràfim,60,209,66,58,193,86,118,402,152
170274,Breda,246,1250,348,282,1180,434,528,2430,782
080253,"Bruc, el",189,752,132,184,598,133,373,1350,265
080266,"Brull, el",29,89,21,20,79,20,49,168,41
170280,Brunyola i Sant Martí Sapresa,22,121,42,32,106,46,54,227,88
430350,Cabacés,20,100,39,25,81,44,45,181,83
250609,Cabanabona,2,26,7,3,21,22,5,47,29
170314,Cabanelles,27,95,28,17,64,34,44,159,62
170307,Cabanes,71,320,99,65,248,100,136,568,199
080272,"Cabanyes, les",105,323,56,94,302,67,199,625,123
250616,Cabó,5,33,13,6,23,13,11,56,26
430363,Cabra del Camp,99,379,114,76,344,119,175,723,233
080288,Cabrera d'Anoia,124,507,93,103,433,104,227,940,197
080291,Cabrera de Mar,380,1580,365,353,1529,387,733,3109,752
080305,Cabrils,654,2480,468,656,2527,511,1310,5007,979
170329,Cadaqués,203,940,216,214,956,265,417,1896,481
080312,Calaf,291,1160,325,274,1040,387,565,2200,712
430379,Calafell,2051,8273,2217,1809,8041,2507,3860,16314,4724
080348,Calders,74,347,76,74,293,98,148,640,174
080327,Caldes d'Estrac,209,922,225,201,937,329,410,1859,554
170335,Caldes de Malavella,667,2420,559,648,2390,667,1315,4810,1226
080333,Caldes de Montbui,1466,5758,1300,1347,5547,1769,2813,11305,3069
080351,Calella,1363,6123,1529,1315,5926,2225,2678,12049,3754
080370,Calldetenes,194,863,181,190,800,218,384,1663,399
080386,Callús,186,676,146,192,646,221,378,1322,367
080364,Calonge de Segarra,13,65,22,9,55,34,22,120,56
170340,Calonge i Sant Antoni,857,3559,993,742,3535,1118,1599,7094,2111
250621,Camarasa,50,278,111,38,243,143,88,521,254
439039,Camarles,264,1051,346,209,969,431,473,2020,777
430385,Cambrils,3012,10777,2310,2847,11073,2836,5859,21850,5146
170353,Camós,58,215,70,42,207,95,100,422,165
170366,Campdevànol,222,1000,363,195,973,490,417,1973,853
170372,Campelles,5,47,18,8,43,14,13,90,32
080399,Campins,33,195,32,39,160,39,72,355,71
170388,Campllong,58,176,23,63,169,36,121,345,59
170391,Camprodon,140,689,262,139,657,327,279,1346,589
250637,Canejan,0,33,18,4,26,7,4,59,25
170405,Canet d'Adri,68,230,60,55,219,71,123,449,131
080403,Canet de Mar,1184,4557,1267,1117,4592,1706,2301,9149,2973
439076,"Canonja, la",504,1959,386,536,1936,483,1040,3895,869
080410,Canovelles,1589,5608,1129,1458,5053,1308,3047,10661,2437
080425,Cànoves i Samalús,243,996,233,259,914,261,502,1910,494
170412,Cantallops,23,103,36,24,94,42,47,197,78
080431,Canyelles,399,1537,315,386,1445,306,785,2982,621
430398,Capafonts,3,35,16,3,33,12,6,68,28
430402,Capçanes,16,124,61,25,121,56,41,245,117
080446,Capellades,408,1696,478,394,1629,620,802,3325,1098
170427,Capmany,49,192,75,50,179,78,99,371,153
080459,Capolat,13,27,7,11,33,8,24,60,15
080462,Cardedeu,1742,6008,1201,1654,6047,1558,3396,12055,2759
080478,Cardona,285,1517,514,307,1367,738,592,2884,1252
080484,Carme,58,269,80,53,242,89,111,511,169
430419,Caseres,6,71,41,10,67,39,16,138,80
170448,Cassà de la Selva,919,3592,688,876,3186,970,1795,6778,1658
080497,Casserres,100,484,183,94,471,225,194,955,408
080575,Castell de l'Areny,5,25,10,1,25,3,6,50,13
259046,Castell de Mur,7,60,27,7,41,26,14,101,53
250642,Castellar de la Ribera,14,39,19,13,34,21,27,73,40
080522,Castellar de n'Hug,6,65,15,6,47,20,12,112,35
080500,Castellar del Riu,14,58,24,8,46,16,22,104,40
080517,Castellar del Vallès,2185,7898,1619,2004,8016,2054,4189,15914,3673
080538,Castellbell i el Vilar,277,1254,325,305,1081,376,582,2335,701
080543,Castellbisbal,1241,4250,729,1146,4082,849,2387,8332,1578
080556,Castellcir,60,264,49,70,227,53,130,491,102
250674,Castelldans,53,348,105,51,265,121,104,613,226
080569,Castelldefels,5825,22677,4060,5388,22734,5270,11213,45411,9330
080581,Castellet i la Gornal,170,745,217,169,703,229,339,1448,446
170464,Castellfollit de la Roca,80,296,110,55,275,135,135,571,245
080608,Castellfollit de Riubregós,5,64,22,6,39,24,11,103,46
080594,Castellfollit del Boix,39,146,40,33,136,46,72,282,86
080615,Castellgalí,190,694,172,163,623,175,353,1317,347
080620,Castellnou de Bages,124,443,91,142,418,85,266,861,176
250680,Castellnou de Seana,46,232,84,44,179,101,90,411,185
170470,Castelló d'Empúries,836,3681,957,856,3418,1043,1692,7099,2000
250693,Castelló de Farfanya,34,177,78,30,141,82,64,318,160
080636,Castellolí,44,203,42,70,181,59,114,384,101
170486,Castell-Platja d'Aro,816,3514,884,751,3575,1053,1567,7089,1937
250707,Castellserà,57,326,124,60,281,160,117,607,284
080641,Castellterçol,177,779,226,166,714,312,343,1493,538
430424,Castellvell del Camp,266,968,191,254,989,181,520,1957,372
080654,Castellví de la Marca,109,514,149,115,485,182,224,999,331
080667,Castellví de Rosanes,141,638,119,152,613,163,293,1251,282
430430,"Catllar, el",392,1514,289,317,1444,295,709,2958,584
250714,Cava,2,19,11,1,12,7,3,31,18
171899,"Cellera de Ter, la",154,641,209,154,587,261,308,1228,470
170499,Celrà,596,1859,240,585,1796,300,1181,3655,540
080673,Centelles,642,2392,598,614,2334,837,1256,4726,1435
082687,Cercs,57,385,131,57,327,209,114,712,340
082665,Cerdanyola del Vallès,4472,19278,4539,4132,19567,5735,8604,38845,10274
080689,Cervelló,778,3021,644,746,2947,773,1524,5968,1417
250729,Cervera,818,3092,649,782,2848,848,1600,5940,1497
250735,Cervià de les Garrigues,30,220,98,32,171,109,62,391,207
170502,Cervià de Ter,89,300,84,76,288,86,165,588,170
170519,Cistella,21,96,35,26,93,33,47,189,68
250740,Ciutadilla,11,62,36,8,57,28,19,119,64
250753,Clariana de Cardener,7,51,14,11,48,14,18,99,28
250766,"Cogul, el",5,48,34,4,43,28,9,91,62
170545,Colera,15,163,64,23,145,71,38,308,135
250772,Coll de Nargó,32,186,68,28,168,76,60,354,144
080692,Collbató,490,1501,283,414,1413,293,904,2914,576
430458,Colldejou,9,62,20,7,53,19,16,115,39
080706,Collsuspina,29,115,33,31,103,27,60,218,60
170558,Colomers,11,54,23,8,57,26,19,111,49
251636,"Coma i la Pedra, la",14,116,27,4,77,21,18,193,48
251615,Conca de Dalt,28,137,68,24,126,62,52,263,130
430461,Conesa,5,36,16,2,35,17,7,71,33
430477,Constantí,652,2292,424,587,2050,488,1239,4342,912
080713,Copons,26,99,33,30,94,34,56,193,67
430483,Corbera d'Ebre,75,347,144,51,296,148,126,643,292
080728,Corbera de Llobregat,1336,4985,899,1243,4861,1115,2579,9846,2014
250788,Corbins,126,515,123,97,387,163,223,902,286
170577,Corçà,125,382,126,80,387,145,205,769,271
080734,Cornellà de Llobregat,6660,28007,7356,6493,28029,10065,13153,56036,17421
170561,Cornellà del Terri,196,744,229,172,701,238,368,1445,467
430496,Cornudella de Montsant,50,354,99,60,276,114,110,630,213
430509,Creixell,265,1116,380,248,1026,430,513,2142,810
170583,Crespià,26,81,24,19,82,27,45,163,51
179011,"Cruïlles, Monells i Sant Sadurní de l'Heura",106,437,117,93,417,126,199,854,243
080749,Cubelles,1331,4978,1119,1252,4735,1300,2583,9713,2419
250791,Cubells,19,126,53,17,101,57,36,227,110
430516,Cunit,925,3710,1267,945,3761,1433,1870,7471,2700
170600,Darnius,25,185,69,41,158,86,66,343,155
170617,Das,20,85,16,26,57,19,46,142,35
439018,Deltebre,840,3830,1123,771,3573,1362,1611,7403,2485
080752,Dosrius,500,1784,338,432,1787,357,932,3571,695
430537,Duesaigües,12,99,29,12,63,28,24,162,57
170622,"Escala, l'",706,3522,1085,693,3256,1145,1399,6778,2230
080765,Esparreguera,1893,7637,1558,1762,7150,1889,3655,14787,3447
170638,Espinelves,13,72,14,17,59,28,30,131,42
250812,"Espluga Calba, l'",17,107,58,21,88,72,38,195,130
430542,"Espluga de Francolí, l'",250,1227,330,286,1189,474,536,2416,804
080771,Esplugues de Llobregat,3376,14092,4499,3112,14970,5841,6488,29062,10340
170643,Espolla,31,126,52,24,127,63,55,253,115
170656,Esponellà,40,135,41,38,125,53,78,260,94
250827,Espot,18,146,30,18,116,37,36,262,67
080787,"Espunyola, l'",13,81,29,10,79,28,23,160,57
082541,"Esquirol, l'",149,721,228,132,668,263,281,1389,491
250886,Estamariu,10,35,27,8,29,15,18,64,42
080790,"Estany, l'",32,126,43,21,116,67,53,242,110
250851,Estaràs,7,50,28,5,47,21,12,97,49
250864,Esterri d'Àneu,49,274,46,49,271,80,98,545,126
250870,Esterri de Cardós,5,24,5,5,22,6,10,46,11
430555,Falset,234,909,266,223,852,336,457,1761,602
170059,"Far d'Empordà, el",49,189,48,50,175,57,99,364,105
250899,Farrera,6,50,14,8,33,10,14,83,24
430568,"Fatarella, la",48,285,149,57,250,191,105,535,340
430574,"Febró, la",0,18,9,1,10,4,1,28,13
081347,Figaró-Montmany,82,359,92,79,349,116,161,708,208
080804,Fígols,2,15,7,1,7,10,3,22,17
259084,Fígols i Alinyà,12,87,40,10,59,37,22,146,77
430580,"Figuera, la",1,37,21,1,23,19,2,60,40
170669,Figueres,4222,15644,2867,4057,15116,4055,8279,30760,6922
430593,Figuerola del Camp,26,106,28,31,100,39,57,206,67
170675,Flaçà,84,334,91,82,329,130,166,663,221
430607,Flix,196,1184,427,180,1075,543,376,2259,970
250925,"Floresta, la",6,62,15,8,41,23,14,103,38
080826,Fogars de la Selva,99,513,135,108,470,123,207,983,258
080811,Fogars de Montclús,49,154,42,46,129,38,95,283,80
170681,Foixà,19,107,37,13,85,52,32,192,89
080832,Folgueroles,268,746,150,240,715,179,508,1461,329
250931,Fondarella,52,278,64,52,271,79,104,549,143
080847,Fonollosa,105,491,140,97,456,123,202,947,263
170694,Fontanals de Cerdanya,21,168,46,23,143,47,44,311,93
170708,Fontanilles,6,51,21,4,32,24,10,83,45
170715,Fontcoberta,135,483,119,122,508,114,257,991,233
080850,Font-rubí,98,438,160,104,400,158,202,838,318
250946,Foradada,9,61,28,10,37,25,19,98,53
179026,Forallac,124,566,158,123,555,182,247,1121,340
430614,Forès,0,14,13,0,9,9,0,23,22
170736,Fornells de la Selva,277,861,156,248,890,181,525,1751,337
170741,Fortià,54,234,64,60,235,79,114,469,143
080863,"Franqueses del Vallès, les",1950,6886,1125,1873,6396,1354,3823,13282,2479
430629,Freginals,21,139,48,15,111,63,36,250,111
250962,"Fuliola, la",104,397,123,96,350,167,200,747,290
250978,Fulleda,1,26,16,1,27,15,2,53,31
080902,Gaià,12,65,12,13,49,11,25,114,23
430635,"Galera, la",41,241,88,36,206,107,77,447,195
080879,Gallifa,11,68,18,5,60,18,16,128,36
430640,Gandesa,230,1001,309,214,902,355,444,1903,664
430653,Garcia,27,169,73,36,143,83,63,312,156
430666,"Garidells, els",12,64,19,11,70,18,23,134,37
080885,"Garriga, la",1452,5173,1127,1332,5382,1518,2784,10555,2645
170754,Garrigàs,36,154,40,31,137,38,67,291,78
170767,Garrigoles,10,62,24,10,44,22,20,106,46
170773,Garriguella,78,261,79,75,269,89,153,530,168
080898,Gavà,4061,15347,3422,3751,15563,4394,7812,30910,7816
250984,Gavet de la Conca,11,80,41,11,74,63,22,154,104
080919,Gelida,711,2497,484,642,2341,624,1353,4838,1108
170789,Ger,34,137,48,31,132,41,65,269,89
259123,Gimenells i el Pla de la Font,71,387,121,75,312,141,146,699,262
430672,Ginestar,46,250,110,33,226,112,79,476,222
170792,Girona,8755,32324,6300,8227,34541,8866,16982,66865,15166
080924,Gironella,341,1487,529,323,1414,714,664,2901,1243
080930,Gisclareny,1,11,3,0,10,2,1,21,5
430688,Godall,27,174,106,32,164,105,59,338,211
250997,Golmés,148,623,145,174,584,178,322,1207,323
170806,Gombrèn,23,55,17,15,51,24,38,106,41
251001,Gósol,3,90,28,7,62,32,10,152,60
080945,"Granada, la",203,740,133,173,686,177,376,1426,310
251018,"Granadella, la",52,241,95,37,192,120,89,433,215
080958,Granera,3,41,11,1,16,6,4,57,17
251023,"Granja d'Escarp, la",45,374,103,58,259,132,103,633,235
080961,Granollers,4856,20583,4458,4508,20211,6079,9364,40794,10537
251039,Granyanella,7,52,22,3,42,21,10,94,43
251057,Granyena de les Garrigues,9,57,29,6,29,28,15,86,57
251044,Granyena de Segarra,7,41,25,11,31,28,18,72,53
430691,Gratallops,13,88,27,7,65,37,20,153,64
080977,Gualba,161,473,84,149,438,118,310,911,202
170813,Gualta,29,154,36,29,109,35,58,263,71
080996,Guardiola de Berguedà,47,320,109,51,257,120,98,577,229
430705,"Guiamets, els",9,85,32,9,86,51,18,171,83
170828,Guils de Cerdanya,29,207,42,34,164,49,63,371,91
251095,Guimerà,8,88,52,15,52,58,23,140,110
259031,"Guingueta d'Àneu, la",19,112,35,16,92,37,35,204,72
251109,Guissona,744,2697,280,643,2275,375,1387,4972,655
251116,Guixers,9,51,26,6,33,15,15,84,41
081000,Gurb,237,904,197,202,859,217,439,1763,414
430712,Horta de Sant Joan,73,373,164,66,320,175,139,693,339
081017,"Hospitalet de Llobregat, l'",18636,83530,22277,17573,84952,30381,36209,168482,52658
081629,"Hostalets de Pierola, els",292,1027,175,273,926,208,565,1953,383
170834,Hostalric,370,1390,300,350,1309,387,720,2699,687
081022,Igualada,3434,12655,3166,3198,12440,4423,6632,25095,7589
251155,Isona i Conca Dellà,60,324,160,55,270,158,115,594,318
170849,Isòvol,19,105,28,14,78,26,33,183,54
251137,Ivars d'Urgell,104,529,187,114,392,242,218,921,429
251121,Ivars de Noguera,14,126,35,16,93,48,30,219,83
251142,Ivorra,4,37,16,1,24,25,5,61,41
170852,Jafre,30,138,45,20,106,54,50,244,99
170865,"Jonquera, la",293,1086,216,252,1048,262,545,2134,478
081038,Jorba,80,279,54,63,283,64,143,562,118
259101,Josa i Tuixén,4,45,19,2,28,17,6,73,36
170871,Juià,45,112,29,22,93,33,67,205,62
251180,Juncosa,11,145,61,22,105,64,33,250,125
251193,Juneda,275,1147,344,231,981,405,506,2128,749
251214,Les,68,347,56,79,336,69,147,683,125
251229,Linyola,178,878,261,204,806,299,382,1684,560
081043,"Llacuna, la",51,325,93,37,232,125,88,557,218
170887,Lladó,74,242,61,85,250,61,159,492,122
251235,Lladorre,10,76,22,18,74,25,28,150,47
251240,Lladurs,4,61,30,10,52,26,14,113,56
081056,"Llagosta, la",1130,4363,1093,1114,4237,1406,2244,8600,2499
170890,Llagostera,746,2849,606,690,2544,794,1436,5393,1400
170904,Llambilles,71,238,54,62,222,69,133,460,123
170911,Llanars,35,176,61,35,141,59,70,317,120
170926,Llançà,348,1554,459,331,1509,595,679,3063,1054
251253,Llardecans,21,151,74,19,118,87,40,269,161
251266,Llavorsí,22,116,35,25,125,36,47,241,71
251207,Lleida,11015,46965,9875,10493,45041,13938,21508,92006,23813
170932,Llers,87,395,120,91,382,136,178,777,256
251272,Lles de Cerdanya,14,90,40,14,68,27,28,158,67
081075,Lliçà d'Amunt,1303,5158,1162,1200,4887,1223,2503,10045,2385
081081,Lliçà de Vall,526,2160,562,473,2079,586,999,4239,1148
251288,Llimiana,6,49,28,3,37,19,9,86,47
081069,Llinars del Vallès,831,3270,755,712,3230,951,1543,6500,1706
170947,Llívia,91,551,116,84,447,126,175,998,242
430727,"Lloar, el",6,35,19,8,32,17,14,67,36
251291,Llobera,18,68,24,8,54,29,26,122,53
430733,Llorac,2,34,16,3,27,11,5,61,27
430748,Llorenç del Penedès,223,745,174,186,723,251,409,1468,425
170950,Lloret de Mar,3066,13537,2254,2799,12453,2769,5865,25990,5023
170963,"Llosses, les",13,81,22,17,58,19,30,139,41
081094,Lluçà,21,97,19,28,87,27,49,184,46
171024,Maçanet de Cabrenys,34,221,90,37,208,116,71,429,206
171030,Maçanet de la Selva,539,2419,572,545,2121,626,1084,4540,1198
170979,Madremanya,31,81,29,23,93,27,54,174,56
170985,Maià de Montcal,28,139,49,30,116,47,58,255,96
251333,Maials,47,345,129,50,226,148,97,571,277
251305,Maldà,19,70,25,5,69,39,24,139,64
081108,Malgrat de Mar,1439,6210,1532,1316,5793,2055,2755,12003,3587
081115,Malla,20,89,27,17,79,32,37,168,59
081120,Manlleu,1754,6766,1464,1735,6277,2011,3489,13043,3475
081136,Manresa,6278,24355,6115,5766,23760,8878,12044,48115,14993
430764,Marçà,41,208,73,42,176,62,83,384,135
430751,Margalef,1,43,16,2,22,17,3,65,33
082423,Marganell,14,83,27,11,80,39,25,163,66
081141,Martorell,2638,9517,1945,2448,8576,2557,5086,18093,4502
081154,Martorelles,345,1614,425,316,1516,526,661,3130,951
430770,Mas de Barberans,26,186,76,28,162,106,54,348,182
171002,Masarac,15,104,27,20,83,30,35,187,57
430786,Masdenverge,72,351,128,61,327,128,133,678,256
081167,"Masies de Roda, les",56,223,76,46,232,81,102,455,157
081173,"Masies de Voltregà, les",252,1062,236,242,1037,311,494,2099,547
430799,Masllorenç,45,186,37,32,142,54,77,328,91
081189,"Masnou, el",1806,7631,1772,1663,7859,2557,3469,15490,4329
430803,"Masó, la",20,89,44,18,74,36,38,163,80
430810,Maspujols,77,267,59,66,257,65,143,524,124
081192,Masquefa,790,2945,536,830,2782,631,1620,5727,1167
430825,"Masroig, el",31,173,79,28,127,72,59,300,151
251312,Massalcoreig,26,252,57,18,165,70,44,417,127
171019,Massanes,75,241,76,61,211,57,136,452,133
251327,Massoteres,18,79,19,19,58,21,37,137,40
081206,Matadepera,893,3004,702,839,2994,754,1732,5998,1456
081213,Mataró,10748,42685,9084,10207,41011,12392,20955,83696,21476
171045,Medinyà,,,,,,,,,
081228,Mediona,211,698,222,186,661,273,397,1359,495
251348,Menàrguens,36,325,97,33,214,114,69,539,211
170998,Meranges,11,34,16,4,25,9,15,59,25
171058,Mieres,18,112,32,20,94,42,38,206,74
430831,"Milà, el",13,59,20,16,50,24,29,109,44
251351,Miralcamp,112,438,134,103,418,153,215,856,287
430846,Miravet,55,238,96,45,198,94,100,436,190
081385,Moià,512,2097,476,524,1870,586,1036,3967,1062
430859,"Molar, el",13,96,42,6,80,49,19,176,91
081234,Molins de Rei,2357,8225,1825,2201,8467,2417,4558,16692,4242
251370,Mollerussa,1387,5181,869,1332,4650,1155,2719,9831,2024
171061,Mollet de Peralada,19,54,25,13,42,33,32,96,58
081249,Mollet del Vallès,4353,17242,3615,4185,17112,4621,8538,34354,8236
171077,Molló,21,105,38,29,100,49,50,205,87
251364,"Molsosa, la",2,38,13,5,34,17,7,72,30
081287,Monistrol de Calders,45,240,71,34,212,75,79,452,146
081271,Monistrol de Montserrat,217,1003,269,213,918,315,430,1921,584
171096,Montagut i Oix,69,328,89,61,275,97,130,603,186
430862,Montblanc,600,2493,589,513,2335,777,1113,4828,1366
430884,Montbrió del Camp,288,976,189,239,889,225,527,1865,414
081252,Montcada i Reixac,3139,11887,2235,2978,11763,3061,6117,23650,5296
081304,Montclar,12,34,15,10,35,15,22,69,30
251399,Montellà i Martinet,28,210,67,23,158,68,51,368,135
081311,Montesquiu,94,301,86,72,291,116,166,592,202
251403,Montferrer i Castellbò,92,391,108,91,323,87,183,714,195
430897,Montferri,32,143,34,41,105,33,73,248,67
251386,Montgai,35,206,91,17,167,120,52,373,211
081265,Montgat,1062,3969,757,1002,4011,947,2064,7980,1704
081326,Montmajor,29,143,63,34,131,59,63,274,122
081332,Montmaneu,9,52,24,3,43,22,12,95,46
430901,"Montmell, el",110,501,136,109,426,123,219,927,259
081350,Montmeló,698,2890,683,652,2912,913,1350,5802,1596
251425,Montoliu de Lleida,28,153,53,24,134,77,52,287,130
251410,Montoliu de Segarra,15,56,27,5,45,30,20,101,57
251431,Montornès de Segarra,2,24,20,11,25,15,13,49,35
081363,Montornès del Vallès,1519,5616,1071,1482,5286,1266,3001,10902,2337
430918,Mont-ral,8,68,21,11,46,10,19,114,31
171100,Mont-ras,121,593,157,109,561,184,230,1154,341
430923,Mont-roig del Camp,947,4060,1028,860,3677,1025,1807,7737,2053
081379,Montseny,27,109,38,28,95,46,55,204,84
430939,Móra d'Ebre,469,1881,451,390,1823,611,859,3704,1062
430944,Móra la Nova,203,1064,275,215,975,338,418,2039,613
430957,"Morell, el",349,1301,200,336,1192,253,685,2493,453
430960,"Morera de Montsant, la",6,68,16,10,44,14,16,112,30
081290,Muntanyola,56,221,39,63,193,41,119,414,80
081398,Mura,23,79,22,16,63,24,39,142,46
251459,Nalec,4,29,21,2,29,16,6,58,37
250254,Naut Aran,137,653,126,128,624,113,265,1277,239
081402,Navarcles,411,1965,519,430,1931,694,841,3896,1213
081419,Navàs,468,1983,546,450,1870,703,918,3853,1249
171117,Navata,114,420,112,110,435,116,224,855,228
251462,Navès,20,99,25,22,85,37,42,184,62
081424,"Nou de Berguedà, la",5,50,25,8,45,24,13,95,49
430976,"Nou de Gaià, la",60,166,49,54,170,64,114,336,113
430982,Nulles,45,160,44,30,126,59,75,286,103
251484,Odèn,10,95,45,9,66,31,19,161,76
081430,Òdena,362,1228,265,331,1104,324,693,2332,589
171122,Ogassa,17,89,27,13,59,23,30,148,50
081458,Olèrdola,329,1233,261,325,1131,286,654,2364,547
081461,Olesa de Bonesvalls,169,613,133,138,540,141,307,1153,274
081477,Olesa de Montserrat,2305,7821,1608,2102,7667,2049,4407,15488,3657
251497,Oliana,95,576,247,104,552,252,199,1128,499
251500,Oliola,7,76,30,12,57,29,19,133,59
251517,Olius,110,308,79,85,271,78,195,579,157
081483,Olivella,372,1329,228,370,1150,206,742,2479,434
081496,Olost,73,398,131,71,378,146,144,776,277
171143,Olot,2705,11490,2779,2495,10771,3954,5200,22261,6733
251522,"Oluges, les",7,47,27,6,37,31,13,84,58
081445,Olvan,46,281,83,53,255,126,99,536,209
251538,"Omellons, els",6,63,42,7,50,42,13,113,84
251543,"Omells de na Gaia, els",4,45,23,4,39,20,8,84,43
171156,Ordis,32,118,44,25,108,37,57,226,81
251556,Organyà,54,242,105,45,223,132,99,465,237
081509,Orís,23,111,26,23,104,29,46,215,55
081516,Oristà,35,159,73,29,164,87,64,323,160
081521,Orpí,9,49,16,10,39,11,19,88,27
081537,Òrrius,61,248,50,54,224,57,115,472,107
251569,Os de Balaguer,82,328,104,84,306,109,166,634,213
171169,Osor,29,144,44,26,125,53,55,269,97
251575,Ossó de Sió,18,61,27,13,61,33,31,122,60
081542,Pacs del Penedès,67,318,70,78,295,74,145,613,144
081555,Palafolls,886,3184,559,821,3078,643,1707,6262,1202
171175,Palafrugell,2030,7514,1730,1904,7276,2271,3934,14790,4001
171181,Palamós,1292,5897,1462,1253,5894,1945,2545,11791,3407
251581,"Palau d'Anglesola, el",179,732,161,177,684,250,356,1416,411
171194,Palau de Santa Eulàlia,7,38,13,3,27,8,10,65,21
171215,Palau-sator,24,93,34,23,78,33,47,171,67
171208,Palau-saverdera,140,427,147,131,445,166,271,872,313
081568,Palau-solità i Plegamans,1211,4934,1025,1303,4941,1212,2514,9875,2237
431009,"Pallaresos, els",533,1602,213,479,1543,265,1012,3145,478
081574,Pallejà,1132,3837,721,1005,3735,986,2137,7572,1707
430995,"Palma d'Ebre, la",12,100,59,13,98,74,25,198,133
089058,"Palma de Cervelló, la",221,1039,215,225,1051,247,446,2090,462
171236,Palol de Revardit,43,145,49,37,149,53,80,294,102
171241,Pals,190,788,268,164,758,301,354,1546,569
081580,"Papiol, el",355,1378,296,366,1351,356,721,2729,652
171254,Pardines,14,60,15,9,40,22,23,100,37
081593,Parets del Vallès,1726,6582,1224,1610,6302,1526,3336,12884,2750
171267,Parlavà,29,131,46,22,120,46,51,251,92
431016,Passanant i Belltall,3,56,26,1,35,28,4,91,54
171289,Pau,39,172,66,34,156,70,73,328,136
431021,Paüls,31,155,90,29,167,95,60,322,185
171292,Pedret i Marzà,17,66,15,15,54,19,32,120,34
251641,Penelles,30,172,63,27,107,64,57,279,127
171306,"Pera, la",48,139,32,32,136,70,80,275,102
081607,Perafita,23,133,54,24,126,51,47,259,105
431037,Perafort,155,428,71,116,408,75,271,836,146
171328,Peralada,140,617,163,134,606,199,274,1223,362
251654,Peramola,13,110,46,14,105,53,27,215,99
431042,"Perelló, el",202,907,383,183,808,401,385,1715,784
081614,Piera,1360,5229,1154,1270,4780,1401,2630,10009,2555
431055,"Piles, les",21,69,26,20,63,17,41,132,43
081635,Pineda de Mar,2019,8752,2376,1885,8357,2960,3904,17109,5336
431068,"Pinell de Brai, el",58,325,126,58,274,171,116,599,297
251667,Pinell de Solsonès,13,81,29,5,53,30,18,134,59
251673,Pinós,21,107,35,27,88,34,48,195,69
431074,Pira,45,179,45,36,145,50,81,324,95
431080,"Pla de Santa Maria, el",164,792,210,149,711,240,313,1503,450
081640,"Pla del Penedès, el",106,406,100,119,386,115,225,792,215
171334,"Planes d'Hostoles, les",120,490,218,94,463,244,214,953,462
171349,Planoles,25,112,31,14,79,42,39,191,73
259118,"Plans de Sió, els",19,183,65,29,134,79,48,317,144
251689,"Poal, el",42,218,73,31,182,91,73,400,164
251692,"Pobla de Cérvoles, la",9,74,26,7,44,34,16,118,60
081653,"Pobla de Claramunt, la",193,727,189,192,659,230,385,1386,419
081666,"Pobla de Lillet, la",45,338,154,28,305,227,73,643,381
431093,"Pobla de Mafumet, la",426,1429,128,389,1317,165,815,2746,293
431107,"Pobla de Massaluca, la",23,104,57,12,79,60,35,183,117
431114,"Pobla de Montornès, la",262,947,259,216,844,267,478,1791,526
251713,"Pobla de Segur, la",226,910,326,182,864,441,408,1774,767
431129,Poboleda,23,126,49,19,94,45,42,220,94
081672,Polinyà,911,2950,371,912,2804,435,1823,5754,806
431135,"Pont d'Armentera, el",29,159,64,27,146,76,56,305,140
250306,"Pont de Bar, el",16,55,23,8,45,24,24,100,47
171352,Pont de Molins,37,177,51,47,175,44,84,352,95
251734,"Pont de Suert, el",162,778,200,136,719,270,298,1497,470
081825,"Pont de Vilomara i Rocafort, el",344,1299,311,306,1182,352,650,2481,663
431418,Pontils,5,37,23,5,32,16,10,69,39
081688,Pontons,33,174,46,14,140,49,47,314,95
171365,Pontós,25,77,31,15,70,22,40,147,53
251728,Ponts,183,857,252,185,817,328,368,1674,580
171371,Porqueres,393,1505,373,400,1508,415,793,3013,788
431140,Porrera,17,175,44,19,125,61,36,300,105
171404,"Port de la Selva, el",60,326,122,51,296,137,111,622,259
171387,Portbou,36,344,163,55,306,203,91,650,366
251749,"Portella, la",51,278,66,37,216,60,88,494,126
431153,Pradell de la Teixeta,7,52,17,10,53,24,17,105,41
431166,Prades,46,198,73,31,174,77,77,372,150
431172,Prat de Comte,13,61,24,8,43,32,21,104,56
081691,"Prat de Llobregat, el",5169,21130,5065,4948,20912,6673,10117,42042,11738
431188,Pratdip,33,220,121,41,177,126,74,397,247
081712,Prats de Lluçanès,164,855,246,145,811,312,309,1666,558
081705,"Prats de Rei, els",38,194,53,30,147,73,68,341,126
251752,Prats i Sansor,10,87,22,13,76,24,23,163,46
251765,Preixana,22,112,65,21,90,71,43,202,136
251771,Preixens,23,136,69,28,108,79,51,244,148
082303,Premià de Dalt,915,3437,836,824,3430,903,1739,6867,1739
081727,Premià de Mar,2222,9253,2223,2088,9134,3129,4310,18387,5352
171390,"Preses, les",157,577,140,145,567,178,302,1144,318
251790,Prullans,19,65,26,14,72,28,33,137,54
171411,Puigcerdà,703,3138,584,662,2966,786,1365,6104,1370
081748,Puigdàlber,43,167,43,55,151,47,98,318,90
251804,Puiggròs,23,94,24,13,83,43,36,177,67
431191,Puigpelat,124,414,50,114,383,62,238,797,112
081751,Puig-reig,261,1286,449,251,1210,629,512,2496,1078
251811,Puigverd d'Agramunt,14,81,32,13,60,28,27,141,60
251826,Puigverd de Lleida,103,471,120,104,404,148,207,875,268
081764,Pujalt,21,65,24,13,57,23,34,122,47
081770,"Quar, la",6,13,11,5,17,5,11,30,16
171426,Quart,400,1161,225,385,1157,242,785,2318,467
170433,Queralbs,6,69,23,4,52,22,10,121,45
431205,Querol,41,188,69,25,161,48,66,349,117
171432,Rabós,10,52,24,8,51,30,18,103,54
081786,Rajadell,27,185,59,44,159,62,71,344,121
431212,Rasquera,42,235,119,43,226,131,85,461,250
171447,Regencós,18,95,30,20,80,36,38,175,66
081799,Rellinars,47,274,58,70,234,52,117,508,110
431227,Renau,18,54,6,16,52,7,34,106,13
431233,Reus,9164,33090,7551,8713,34394,10211,17877,67484,17762
251832,Rialp,48,253,44,45,209,67,93,462,111
431248,"Riba, la",41,206,75,28,152,88,69,358,163
431251,Riba-roja d'Ebre,52,392,145,55,296,176,107,688,321
259059,Ribera d'Ondara,24,138,60,25,125,61,49,263,121
251850,Ribera d'Urgellet,77,333,73,67,280,106,144,613,179
171450,Ribes de Freser,99,566,222,83,513,300,182,1079,522
171463,Riells i Viabrea,337,1438,251,292,1320,284,629,2758,535
431264,"Riera de Gaià, la",185,550,116,183,529,141,368,1079,257
251863,Riner,20,83,27,22,74,36,42,157,63
171479,Ripoll,770,3440,1026,684,3296,1395,1454,6736,2421
081803,Ripollet,3576,12834,2366,3444,12505,3174,7020,25339,5540
259139,Riu de Cerdanya,2,43,10,2,29,7,4,72,17
171485,Riudarenes,189,730,187,168,665,206,357,1395,393
171498,Riudaura,34,153,42,50,144,52,84,297,94
431270,Riudecanyes,102,374,100,88,325,112,190,699,212
431286,Riudecols,74,430,107,79,354,121,153,784,228
171501,Riudellots de la Selva,173,713,138,151,682,172,324,1395,310
431299,Riudoms,610,2190,557,520,1990,648,1130,4180,1205
171518,Riumors,23,82,28,20,81,32,43,163,60
081810,"Roca del Vallès, la",986,3584,705,945,3464,852,1931,7048,1557
431303,Rocafort de Queralt,15,71,38,17,59,41,32,130,79
431310,Roda de Berà,521,2109,643,471,1920,690,992,4029,1333
081831,Roda de Ter,545,2000,453,495,1984,648,1040,3984,1101
431325,Rodonyà,33,191,38,25,148,63,58,339,101
431331,Roquetes,687,2854,653,623,2504,763,1310,5358,1416
171523,Roses,1622,6416,1607,1543,6211,1817,3165,12627,3424
251898,Rosselló,249,1118,182,276,1000,258,525,2118,440
431346,"Rourell, el",26,130,28,29,118,38,55,248,66
081846,Rubí,6726,25690,5028,6357,25402,6365,13083,51092,11393
081859,Rubió,16,76,32,14,70,22,30,146,54
171539,Rupià,16,88,30,26,75,29,42,163,59
089019,Rupit i Pruit,12,88,43,14,80,44,26,168,87
081878,Sabadell,17657,68293,16203,16476,68622,22680,34133,136915,38883
081884,Sagàs,22,47,15,9,48,14,31,95,29
251902,Salàs de Pallars,23,111,46,16,94,47,39,205,93
081901,Saldes,6,109,42,5,83,30,11,192,72
171544,Sales de Llierca,12,55,9,11,51,9,23,106,18
081918,Sallent,450,2009,714,456,1997,968,906,4006,1682
431359,Salomó,44,184,56,51,146,64,95,330,120
439057,Salou,2213,9957,1448,1943,8969,1703,4156,18926,3151
171557,Salt,3275,10849,1561,2903,9121,2127,6178,19970,3688
251919,Sanaüja,23,125,61,22,110,60,45,235,121
081944,Sant Adrià de Besòs,3225,12207,2609,3009,11888,3686,6234,24095,6295
081957,Sant Agustí de Lluçanès,2,32,10,5,25,12,7,57,22
081960,Sant Andreu de la Barca,2718,9185,1665,2657,8889,2189,5375,18074,3854
081976,Sant Andreu de Llavaneres,983,3530,813,847,3614,971,1830,7144,1784
171576,Sant Andreu Salou,16,47,16,7,44,20,23,91,36
171833,Sant Aniol de Finestres,30,128,37,29,105,34,59,233,71
081982,Sant Antoni de Vilamajor,527,2048,415,488,2031,496,1015,4079,911
081995,Sant Bartomeu del Grau,65,310,77,59,261,86,124,571,163
082009,Sant Boi de Llobregat,6690,27041,6515,6277,26865,8754,12967,53906,15269
082016,Sant Boi de Lluçanès,22,172,64,33,129,95,55,301,159
431362,Sant Carles de la Ràpita,1045,4789,1461,1048,4811,1748,2093,9600,3209
082037,Sant Cebrià de Vallalta,310,1177,241,310,1035,237,620,2212,478
082021,Sant Celoni,1556,5908,1320,1461,5643,1700,3017,11551,3020
082042,Sant Climent de Llobregat,420,1363,255,382,1343,275,802,2706,530
171582,Sant Climent Sescebes,39,274,59,42,151,71,81,425,130
082055,Sant Cugat del Vallès,9179,29107,5229,8623,30694,6684,17802,59801,11913
082068,Sant Cugat Sesgarrigues,79,312,84,95,297,113,174,609,197
251961,Sant Esteve de la Sarga,2,52,23,4,36,13,6,88,36
082074,Sant Esteve de Palautordera,270,870,169,241,906,192,511,1776,361
082080,Sant Esteve Sesrovires,699,2624,515,641,2566,625,1340,5190,1140
171595,Sant Feliu de Buixalleu,52,292,87,60,255,79,112,547,166
082107,Sant Feliu de Codines,532,2116,415,460,1958,564,992,4074,979
171609,Sant Feliu de Guíxols,1718,7169,1825,1667,6955,2387,3385,14124,4212
082114,Sant Feliu de Llobregat,3745,14187,3492,3598,14602,4574,7343,28789,8066
171616,Sant Feliu de Pallerols,114,409,124,102,422,171,216,831,295
082129,Sant Feliu Sasserra,51,207,63,31,175,79,82,382,142
171621,Sant Ferriol,21,84,20,21,66,16,42,150,36
082093,Sant Fost de Campsentelles,683,2858,758,630,2789,946,1313,5647,1704
082135,Sant Fruitós de Bages,781,2839,579,753,2847,713,1534,5686,1292
171637,Sant Gregori,389,1197,271,313,1189,277,702,2386,548
251924,Sant Guim de Freixenet,77,352,109,73,282,135,150,634,244
251977,Sant Guim de la Plana,14,60,27,6,45,25,20,105,52
171642,Sant Hilari Sacalm,419,1857,525,450,1677,650,869,3534,1175
082153,Sant Hipòlit de Voltregà,282,1166,251,250,1095,409,532,2261,660
081939,Sant Iscle de Vallalta,121,448,94,119,402,111,240,850,205
439023,Sant Jaume d'Enveja,238,1110,400,242,1038,451,480,2148,851
082166,Sant Jaume de Frontanyà,1,10,8,2,8,1,3,18,9
171655,Sant Jaume de Llierca,63,254,93,55,270,117,118,524,210
431378,Sant Jaume dels Domenys,254,874,191,231,781,230,485,1655,421
171674,Sant Joan de les Abadesses,202,1024,405,181,936,522,383,1960,927
171680,Sant Joan de Mollet,34,160,42,40,167,55,74,327,97
082188,Sant Joan de Vilatorrada,944,3550,908,882,3417,1101,1826,6967,2009
082172,Sant Joan Despí,3026,11042,2432,2810,11355,3208,5836,22397,5640
171851,Sant Joan les Fonts,215,937,326,195,873,385,410,1810,711
171668,Sant Jordi Desvalls,54,229,74,63,231,81,117,460,155
089030,Sant Julià de Cerdanyola,16,88,29,11,68,30,27,156,59
171693,Sant Julià de Ramis,341,1194,215,330,1132,235,671,2326,450
082205,Sant Julià de Vilatorta,276,1015,237,282,1015,276,558,2030,513
179032,Sant Julià del Llor i Bonmatí,143,447,93,117,416,105,260,863,198
082212,Sant Just Desvern,1497,5325,1413,1409,5675,1882,2906,11000,3295
082227,Sant Llorenç d'Hortons,223,899,170,236,807,212,459,1706,382
171714,Sant Llorenç de la Muga,21,91,21,15,72,31,36,163,52
251930,Sant Llorenç de Morunys,52,288,130,57,272,150,109,560,280
082233,Sant Llorenç Savall,173,788,234,172,712,282,345,1500,516
082251,Sant Martí d'Albars,3,37,15,9,28,18,12,65,33
082248,Sant Martí de Centelles,94,419,68,83,369,92,177,788,160
171729,Sant Martí de Llémena,46,218,50,55,203,40,101,421,90
259025,Sant Martí de Riucorb,34,202,111,37,164,113,71,366,224
082264,Sant Martí de Tous,123,384,103,108,357,121,231,741,224
082270,Sant Martí Sarroca,256,1033,282,281,1020,325,537,2053,607
082286,Sant Martí Sesgueioles,21,128,34,21,109,41,42,237,75
171735,Sant Martí Vell,16,87,23,19,70,30,35,157,53
082299,Sant Mateu de Bages,28,198,82,29,157,117,57,355,199
171740,Sant Miquel de Campmajor,19,78,22,18,67,22,37,145,44
171753,Sant Miquel de Fluvià,55,267,68,51,235,70,106,502,138
171766,Sant Mori,13,66,15,12,52,17,25,118,32
171772,Sant Pau de Segúries,47,204,79,39,218,85,86,422,164
082310,Sant Pere de Ribes,2669,10496,1930,2556,10148,2343,5225,20644,4273
082325,Sant Pere de Riudebitlles,232,711,227,199,689,285,431,1400,512
082331,Sant Pere de Torelló,206,850,207,149,750,275,355,1600,482
082346,Sant Pere de Vilamajor,377,1479,294,394,1431,338,771,2910,632
171788,Sant Pere Pescador,169,782,151,155,604,179,324,1386,330
081897,Sant Pere Sallavinera,16,49,21,9,40,21,25,89,42
082359,Sant Pol de Mar,415,1582,506,389,1595,575,804,3177,1081
082362,Sant Quintí de Mediona,214,704,191,172,666,223,386,1370,414
082378,Sant Quirze de Besora,135,656,240,141,612,308,276,1268,548
082384,Sant Quirze del Vallès,1935,6608,1172,1919,6802,1431,3854,13410,2603
082397,Sant Quirze Safaja,60,227,43,72,190,35,132,417,78
251945,Sant Ramon,21,173,81,27,134,71,48,307,152
082401,Sant Sadurní d'Anoia,1164,4193,919,1080,4224,1169,2244,8417,2088
082418,Sant Sadurní d'Osormort,4,32,12,0,22,9,4,54,21
080983,Sant Salvador de Guardiola,282,1042,260,271,975,297,553,2017,557
082628,Sant Vicenç de Castellet,795,3113,709,704,2958,1021,1499,6071,1730
082649,Sant Vicenç de Montalt,618,2028,490,543,2068,525,1161,4096,1015
082652,Sant Vicenç de Torelló,179,648,158,149,644,220,328,1292,378
082634,Sant Vicenç dels Horts,2342,9653,1937,2263,9319,2468,4605,18972,4405
431384,Santa Bàrbara,287,1266,380,275,1163,426,562,2429,806
082439,Santa Cecília de Voltregà,12,65,20,13,62,17,25,127,37
082444,Santa Coloma de Cervelló,821,2693,451,871,2686,560,1692,5379,1011
171805,Santa Coloma de Farners,1149,4405,907,1135,4105,1153,2284,8510,2060
082457,Santa Coloma de Gramenet,9413,39080,9959,8818,37098,13229,18231,76178,23188
431397,Santa Coloma de Queralt,226,840,268,205,784,372,431,1624,640
171812,Santa Cristina d'Aro,438,1747,415,457,1683,454,895,3430,869
082460,Santa Eugènia de Berga,171,810,175,154,741,208,325,1551,383
082476,Santa Eulàlia de Riuprimer,130,438,84,135,394,108,265,832,192
082482,Santa Eulàlia de Ronçana,633,2383,562,598,2284,664,1231,4667,1226
082495,Santa Fe del Penedès,35,135,26,34,122,28,69,257,54
171827,Santa Llogaia d'Àlguema,37,128,19,30,110,29,67,238,48
082508,Santa Margarida de Montbui,891,3251,733,834,3111,928,1725,6362,1661
082515,Santa Margarida i els Monjos,787,2542,472,730,2400,549,1517,4942,1021
082589,Santa Maria d'Oló,82,326,113,68,310,131,150,636,244
082536,Santa Maria de Besora,7,49,19,8,41,23,15,90,42
082567,Santa Maria de Martorelles,76,303,57,70,282,70,146,585,127
082554,Santa Maria de Merlès,21,57,13,21,63,15,42,120,28
082573,Santa Maria de Miralles,6,44,15,8,34,16,14,78,31
082592,Santa Maria de Palautordera,826,3172,664,760,3054,810,1586,6226,1474
431401,Santa Oliva,313,1096,270,284,1029,323,597,2125,593
171848,Santa Pau,110,506,161,99,499,174,209,1005,335
082606,Santa Perpètua de Mogoda,2466,8800,1634,2287,8388,1999,4753,17188,3633
082613,Santa Susanna,297,1134,259,268,1105,289,565,2239,548
081923,Santpedor,744,2404,561,650,2450,687,1394,4854,1248
431423,Sarral,119,528,142,145,454,172,264,982,314
171864,Sarrià de Ter,432,1680,372,447,1627,494,879,3307,866
252017,Sarroca de Bellera,0,49,20,4,30,17,4,79,37
252000,Sarroca de Lleida,19,117,65,11,91,67,30,208,132
171870,"Saus, Camallera i Llampaies",67,265,83,64,264,96,131,529,179
431439,Savallà del Comtat,1,19,8,0,18,10,1,37,18
431444,"Secuita, la",140,582,119,150,547,138,290,1129,257
171886,"Selva de Mar, la",9,69,31,4,55,23,13,124,54
431457,"Selva del Camp, la",493,1911,382,462,1813,485,955,3724,867
431460,Senan,4,19,10,2,12,2,6,31,12
430445,"Sénia, la",414,1923,500,399,1798,618,813,3721,1118
252022,Senterada,3,67,9,6,38,13,9,105,22
250352,"Sentiu de Sió, la",21,141,67,23,136,57,44,277,124
082671,Sentmenat,832,3042,581,753,2942,668,1585,5984,1249
171903,Serinyà,97,378,102,92,345,103,189,723,205
252043,Seròs,135,688,197,133,510,232,268,1198,429
171910,Serra de Daró,19,70,24,14,55,24,33,125,48
171925,Setcases,9,62,26,7,58,20,16,120,46
252038,"Seu d'Urgell, la",891,3965,933,880,4047,1299,1771,8012,2232
082690,Seva,309,1143,274,264,1126,335,573,2269,609
252056,Sidamon,73,259,51,53,230,66,126,489,117
171931,Sils,549,2000,447,490,1915,509,1039,3915,956
082704,Sitges,2214,9788,2277,2039,9387,2822,4253,19175,5099
170524,Siurana,9,47,18,12,52,21,21,99,39
082711,Sobremunt,2,27,7,6,31,11,8,58,18
252069,"Soleràs, el",22,111,50,23,79,61,45,190,111
431476,Solivella,40,190,82,29,182,91,69,372,173
252075,Solsona,726,3021,697,703,2862,965,1429,5883,1662
082726,Sora,19,72,21,9,57,15,28,129,36
252081,Soriguera,31,158,31,24,125,34,55,283,65
252094,Sort,164,727,165,162,695,215,326,1422,380
252108,Soses,152,578,159,138,508,184,290,1086,343
082732,Subirats,245,1021,284,223,945,295,468,1966,579
252115,Sudanell,59,322,101,42,245,105,101,567,206
252120,Sunyer,14,160,35,16,91,43,30,251,78
082747,Súria,407,1906,569,371,1866,792,778,3772,1361
171946,Susqueda,1,41,14,6,27,9,7,68,23
082763,Tagamanent,27,121,24,27,103,24,54,224,48
082779,Talamanca,17,70,23,10,53,20,27,123,43
252154,Talarn,22,415,39,33,147,46,55,562,85
252167,Talavera,18,82,41,9,58,42,27,140,83
171959,"Tallada d'Empordà, la",30,154,50,35,130,51,65,284,101
082785,Taradell,577,2061,521,477,2058,650,1054,4119,1171
431482,Tarragona,10895,43196,9850,10429,43569,13568,21324,86765,23418
252173,Tàrrega,1559,5542,1129,1416,5439,1514,2975,10981,2643
252189,Tarrés,9,31,16,7,26,10,16,57,26
252192,Tarroja de Segarra,17,58,24,10,51,21,27,109,45
082750,Tavèrnoles,26,112,21,23,101,34,49,213,55
082802,Tavertet,6,42,14,5,33,16,11,75,30
082819,Teià,536,2028,553,450,2075,691,986,4103,1244
252206,Térmens,82,485,153,97,434,191,179,919,344
171962,Terrades,22,103,24,21,102,34,43,205,58
082798,Terrassa,19601,71990,14966,18373,70750,20748,37974,142740,35714
082824,Tiana,728,2814,594,792,2973,744,1520,5787,1338
252213,Tírvia,7,48,14,5,47,20,12,95,34
252228,Tiurana,3,23,11,1,27,11,4,50,22
431495,Tivenys,47,280,121,51,234,146,98,514,267
431508,Tivissa,110,514,217,95,500,241,205,1014,458
082830,Tona,704,2698,606,679,2624,803,1383,5322,1409
252234,Torà,80,403,130,63,386,161,143,789,291
082845,Tordera,1561,5581,1285,1387,5295,1528,2948,10876,2813
082858,Torelló,1118,4657,1139,1084,4512,1485,2202,9169,2624
252249,"Torms, els",8,49,26,1,34,29,9,83,55
252252,Tornabous,66,295,104,44,228,121,110,523,225
252271,"Torre de Cabdella, la",31,261,94,29,213,126,60,474,220
082861,"Torre de Claramunt, la",320,1300,280,287,1225,295,607,2525,575
431515,"Torre de Fontaubella, la",12,41,19,8,33,24,20,74,43
431520,"Torre de l'Espanyol, la",36,212,79,37,183,87,73,395,166
252265,Torrebesses,14,95,46,13,76,46,27,171,92
431536,Torredembarra,1256,5135,1276,1255,5225,1579,2511,10360,2855
252287,Torrefarrera,540,1595,228,452,1560,278,992,3155,506
259078,Torrefeta i Florejacs,33,202,78,29,162,87,62,364,165
252304,Torregrossa,163,729,221,156,637,286,319,1366,507
252311,Torrelameu,39,294,70,47,180,85,86,474,155
082877,Torrelavit,117,480,129,113,426,135,230,906,264
082883,Torrelles de Foix,187,812,203,145,679,217,332,1491,420
082896,Torrelles de Llobregat,577,2026,331,596,2023,397,1173,4049,728
171978,Torrent,10,57,23,11,42,18,21,99,41
252326,Torres de Segre,125,815,190,135,729,231,260,1544,421
252332,Torre-serona,16,133,36,25,105,48,41,238,84
171984,Torroella de Fluvià,52,259,56,47,220,54,99,479,110
171997,Torroella de Montgrí,999,3910,933,897,3694,1083,1896,7604,2016
431541,Torroja del Priorat,5,50,27,4,39,24,9,89,51
172001,Tortellà,51,249,80,61,246,96,112,495,176
431554,Tortosa,2648,11021,2944,2491,10435,3906,5139,21456,6850
172018,Toses,6,73,20,14,42,13,20,115,33
172023,Tossa de Mar,362,1942,488,375,1790,585,737,3732,1073
252347,Tremp,410,1951,549,443,1755,798,853,3706,1347
172044,Ullà,112,441,73,102,327,83,214,768,156
082900,Ullastrell,225,680,137,216,643,153,441,1323,290
172057,Ullastret,25,91,32,26,91,30,51,182,62
431567,Ulldecona,509,2169,574,463,1909,697,972,4078,1271
431573,Ulldemolins,14,144,68,13,91,65,27,235,133
172039,Ultramort,25,67,29,14,53,28,39,120,57
172060,Urús,6,60,15,7,61,24,13,121,39
082917,Vacarisses,700,2153,386,619,2056,414,1319,4209,800
170144,"Vajol, la",5,35,7,3,26,9,8,61,16
172076,"Vall d'en Bas, la",260,992,267,246,929,324,506,1921,591
172082,"Vall de Bianya, la",98,431,104,110,401,121,208,832,225
250432,"Vall de Boí, la",57,387,93,66,328,84,123,715,177
259010,Vall de Cardós,16,134,41,25,105,39,41,239,80
082922,Vallbona d'Anoia,125,488,125,92,439,143,217,927,268
252385,Vallbona de les Monges,10,74,38,10,49,45,20,123,83
082938,Vallcebre,9,91,42,10,62,37,19,153,79
431589,Vallclara,9,37,16,7,25,9,16,62,25
252402,Vallfogona de Balaguer,156,617,156,154,611,173,310,1228,329
171707,Vallfogona de Ripollès,12,67,33,11,52,29,23,119,62
431592,Vallfogona de Riucorb,0,33,18,0,19,17,0,52,35
082943,Vallgorguina,304,954,156,293,910,172,597,1864,328
082956,Vallirana,1365,4935,1108,1324,4739,1313,2689,9674,2421
172095,Vall-llobrega,109,307,48,97,315,48,206,622,96
431606,Vallmoll,131,598,135,136,554,148,267,1152,283
082969,Vallromanes,276,855,149,250,819,165,526,1674,314
431613,Valls,2034,8116,1828,1935,7761,2438,3969,15877,4266
259062,"Valls d'Aguilar, les",16,92,44,7,84,34,23,176,78
252398,"Valls de Valira, les",56,282,80,49,265,76,105,547,156
431628,Vandellòs i l'Hospitalet de l'Infant,565,2113,477,505,2061,573,1070,4174,1050
259097,"Vansa i Fórnols, la",4,66,26,4,53,27,8,119,53
082975,Veciana,14,49,31,16,37,20,30,86,51
431634,"Vendrell, el",3121,12022,3002,3017,11889,3517,6138,23911,6519
172109,Ventalló,54,260,83,70,238,88,124,498,171
252424,Verdú,52,287,102,64,264,155,116,551,257
172116,Verges,82,357,119,97,341,163,179,698,282
431649,Vespella de Gaià,40,146,48,30,119,41,70,265,89
082981,Vic,4082,15105,2746,3700,14237,4094,7782,29342,6840
172121,Vidrà,13,61,15,12,59,17,25,120,32
172137,Vidreres,664,2669,616,586,2431,686,1250,5100,1302
252430,Vielha e Mijaran,420,2095,296,379,1942,380,799,4037,676
431652,Vilabella,43,265,80,45,217,99,88,482,179
172142,Vilabertran,84,291,93,75,277,99,159,568,192
172155,Vilablareix,243,885,200,232,930,201,475,1815,401
082994,Vilada,17,144,61,10,112,80,27,256,141
172174,Viladamat,31,159,51,31,141,55,62,300,106
172168,Viladasens,19,77,16,15,64,25,34,141,41
083015,Viladecans,6086,22080,4565,5687,21791,5784,11773,43871,10349
083008,Viladecavalls,607,2586,467,612,2597,523,1219,5183,990
172180,Vilademuls,75,269,71,61,235,78,136,504,149
172207,Viladrau,71,357,89,82,324,115,153,681,204
172214,Vilafant,478,1827,395,427,1825,513,905,3652,908
083054,Vilafranca del Penedès,3574,12889,2870,3359,12889,3951,6933,25778,6821
252445,Vilagrassa,45,182,43,44,157,51,89,339,94
172235,Vilajuïga,81,389,91,96,371,95,177,760,186
431750,Vilalba dels Arcs,29,200,94,34,175,111,63,375,205
083067,Vilalba Sasserra,68,234,45,59,219,65,127,453,110
252458,Vilaller,34,204,54,28,157,70,62,361,124
172240,Vilallonga de Ter,21,145,47,17,119,57,38,264,104
431665,Vilallonga del Camp,271,785,144,230,745,165,501,1530,309
172253,Vilamacolum,27,106,35,29,94,34,56,200,69
172266,Vilamalla,93,396,90,100,360,107,193,756,197
172272,Vilamaniscle,19,72,17,12,60,19,31,132,36
252477,Vilamòs,6,69,8,7,55,6,13,124,14
172288,Vilanant,29,138,34,40,121,39,69,259,73
431671,Vilanova d'Escornalbou,44,173,58,33,163,50,77,336,108
252483,Vilanova de Bellpuig,91,342,154,84,294,194,175,636,348
252496,Vilanova de l'Aguda,8,63,31,8,61,35,16,124,66
252542,Vilanova de la Barca,82,341,110,59,318,134,141,659,244
252509,Vilanova de Meià,24,132,68,16,104,57,40,236,125
431687,Vilanova de Prades,7,39,17,10,37,11,17,76,28
083036,Vilanova de Sau,19,101,33,10,108,42,29,209,75
252516,Vilanova de Segrià,70,335,92,59,287,100,129,622,192
083020,Vilanova del Camí,1123,4193,857,1102,3978,1079,2225,8171,1936
089024,Vilanova del Vallès,605,1790,269,578,1743,300,1183,3533,569
083073,Vilanova i la Geltrú,5210,21545,5224,4987,22131,6980,10197,43676,12204
431690,Vilaplana,26,214,59,40,184,62,66,398,121
431704,Vila-rodona,109,439,105,101,379,126,210,818,231
172305,Vila-sacra,63,231,51,75,208,78,138,439,129
252521,Vila-sana,60,242,54,52,229,84,112,471,138
431711,Vila-seca,2186,7657,1219,2043,7406,1482,4229,15063,2701
082140,Vilassar de Dalt,727,2951,734,711,2943,895,1438,5894,1629
082191,Vilassar de Mar,1766,6505,1661,1679,6879,2146,3445,13384,3807
172229,Vilaür,19,39,16,11,45,15,30,84,31
431726,Vilaverd,34,152,42,39,127,46,73,279,88
431732,"Vilella Alta, la",10,42,17,12,29,17,22,71,34
431747,"Vilella Baixa, la",17,67,27,10,52,27,27,119,54
172333,Vilobí d'Onyar,279,1113,243,266,959,278,545,2072,521
083041,Vilobí del Penedès,114,356,105,82,327,110,196,683,215
172327,Vilopriu,19,65,26,17,56,24,36,121,50
252537,"Vilosell, el",4,55,32,4,48,37,8,103,69
431763,Vimbodí i Poblet,62,321,126,45,232,131,107,553,257
252555,Vinaixa,31,165,58,15,139,75,46,304,133
431779,Vinebre,37,134,43,28,125,61,65,259,104
431785,Vinyols i els Arcs,159,665,179,144,622,159,303,1287,338
083089,Viver i Serrateix,15,51,22,14,45,26,29,96,48
430521,Xerta,61,376,141,65,354,191,126,730,332
,Catalunya,607360,2504740,598100,572381,2472075,801174,1179741,4976815,1399274

