Codi,Literal,Homes. De 0 a 14 anys,Homes. De 15 a 64 anys,Homes. 65 anys o més,Dones. De 0 a 14 anys,Dones. De 15 a 64 anys,Dones. 65 anys o més,Total. De 0 a 14 anys,Total. De 15 a 64 anys,Total. 65 anys o més
250019,Abella de la Conca,8,60,26,9,47,20,17,107,46
080018,Abrera,1189,4221,757,1121,3977,860,2310,8198,1617
250024,Àger,34,205,75,24,164,92,58,369,167
250030,Agramunt,461,1895,421,443,1720,575,904,3615,996
080023,Aguilar de Segarra,17,82,33,18,77,24,35,159,57
170010,Agullana,54,274,86,67,247,98,121,521,184
080142,Aiguafreda,178,804,212,195,799,310,373,1603,522
430017,Aiguamúrcia,60,327,100,64,265,93,124,592,193
170025,Aiguaviva,78,254,60,89,244,58,167,498,118
250387,Aitona,193,785,247,179,687,324,372,1472,571
250045,"Alamús, els",44,277,82,49,227,90,93,504,172
250058,Alàs i Cerc,19,120,43,23,100,51,42,220,94
250061,"Albagés, l'",18,140,62,20,115,64,38,255,126
170031,Albanyà,17,62,6,13,46,11,30,108,17
250077,Albatàrrec,179,823,110,151,737,139,330,1560,249
250083,Albesa,131,569,156,94,470,188,225,1039,344
250096,"Albi, l'",71,251,114,55,224,119,126,475,233
430022,Albinyana,187,774,220,173,729,252,360,1503,472
430038,"Albiol, l'",43,157,34,50,148,26,93,305,60
170046,Albons,66,248,61,64,221,67,130,469,128
430043,Alcanar,747,3247,928,615,3044,1056,1362,6291,1984
250100,Alcanó,15,70,33,14,64,46,29,134,79
250117,Alcarràs,840,3479,496,782,3021,634,1622,6500,1130
250122,Alcoletge,271,1257,188,266,1086,202,537,2343,390
430056,Alcover,457,1747,369,432,1668,458,889,3415,827
439044,"Aldea, l'",337,1575,406,283,1310,465,620,2885,871
430069,Aldover,61,277,137,54,261,150,115,538,287
430075,"Aleixar, l'",78,303,69,76,274,91,154,577,160
080039,Alella,815,3140,767,740,3335,854,1555,6475,1621
430081,Alfara de Carles,23,133,55,25,99,60,48,232,115
250138,Alfarràs,228,1039,295,221,861,359,449,1900,654
250143,Alfés,12,108,42,17,87,49,29,195,91
430094,Alforja,124,645,177,111,598,204,235,1243,381
250156,Algerri,19,134,75,9,96,90,28,230,165
250169,Alguaire,233,1125,278,222,911,324,455,2036,602
250175,Alins,15,93,42,16,74,46,31,167,88
430108,Alió,21,141,48,38,139,45,59,280,93
250194,Almacelles,514,2405,565,485,2027,703,999,4432,1268
250208,Almatret,7,117,52,8,75,74,15,192,126
250215,Almenar,233,1308,346,216,1026,418,449,2334,764
430115,Almoster,117,486,88,120,493,92,237,979,180
250220,Alòs de Balaguer,7,40,22,4,29,24,11,69,46
170062,Alp,111,663,102,120,556,109,231,1219,211
080044,Alpens,26,107,29,21,90,27,47,197,56
250236,Alpicat,589,2190,361,621,2091,445,1210,4281,806
250241,Alt Àneu,12,173,50,20,122,39,32,295,89
430120,Altafulla,459,1667,325,444,1699,394,903,3366,719
170078,Amer,146,725,224,156,728,302,302,1453,526
430136,"Ametlla de Mar, l'",569,2371,763,510,2249,841,1079,4620,1604
080057,"Ametlla del Vallès, l'",837,2878,462,747,2804,555,1584,5682,1017
439060,"Ampolla, l'",225,1162,385,199,1102,406,424,2264,791
430141,Amposta,1824,7279,1610,1624,6902,1958,3448,14181,3568
170084,Anglès,474,1854,458,475,1778,567,949,3632,1025
250273,Anglesola,95,428,155,108,393,181,203,821,336
250292,Arbeca,141,799,281,137,694,337,278,1493,618
430167,"Arboç, l'",534,1959,372,496,1698,456,1030,3657,828
430154,Arbolí,3,47,9,0,29,17,3,76,26
170097,Arbúcies,563,2327,487,538,1981,585,1101,4308,1072
080060,Arenys de Mar,1198,5036,1275,1063,4925,1810,2261,9961,3085
080076,Arenys de Munt,829,2937,605,743,2780,760,1572,5717,1365
170101,Argelaguer,31,152,46,21,126,49,52,278,95
080082,Argençola,7,91,15,12,64,23,19,155,38
430173,"Argentera, l'",2,62,17,5,41,19,7,103,36
080095,Argentona,1057,3969,851,1030,3954,1102,2087,7923,1953
170118,"Armentera, l'",69,296,85,75,272,104,144,568,189
430189,Arnes,23,136,83,24,117,91,47,253,174
250313,Arres,5,34,6,3,21,4,8,55,10
250328,Arsèguel,7,31,7,8,21,7,15,52,14
080109,Artés,470,1978,393,461,1810,549,931,3788,942
250334,Artesa de Lleida,120,529,135,115,442,167,235,971,302
250349,Artesa de Segre,269,1256,325,280,1109,417,549,2365,742
430192,Ascó,94,581,187,81,521,190,175,1102,377
250365,Aspa,12,61,34,7,64,37,19,125,71
250371,"Avellanes i Santa Linya, les",27,159,86,20,120,67,47,279,153
080116,Avià,197,724,208,167,729,233,364,1453,441
080121,Avinyó,205,737,196,163,675,299,368,1412,495
170123,Avinyonet de Puigventós,168,551,78,161,543,80,329,1094,158
080137,Avinyonet del Penedès,144,588,146,127,497,173,271,1085,319
080155,Badalona,17892,73874,15821,16693,71559,21371,34585,145433,37192
089045,Badia del Vallès,1126,4477,1000,1052,4412,1486,2178,8889,2486
080168,Bagà,135,736,238,116,702,298,251,1438,536
250390,Baix Pallars,29,123,40,23,103,43,52,226,83
250404,Balaguer,1451,5686,1196,1339,5151,1662,2790,10837,2858
080174,Balenyà,335,1296,239,326,1203,325,661,2499,564
080180,Balsareny,207,1158,279,224,1055,420,431,2213,699
430206,Banyeres del Penedès,293,1045,214,302,967,236,595,2012,450
170157,Banyoles,1843,6526,1340,1672,6123,1839,3515,12649,3179
250411,Barbens,75,283,107,60,232,118,135,515,225
430213,Barberà de la Conca,44,184,53,35,137,66,79,321,119
082520,Barberà del Vallès,2867,11313,1940,2788,11107,2535,5655,22420,4475
080193,Barcelona,103100,518818,136398,97863,538615,207592,200963,1057433,343990
250426,"Baronia de Rialb, la",6,79,39,14,60,37,20,139,76
170160,Bàscara,85,303,94,64,264,139,149,567,233
250447,Bassella,13,76,36,15,77,27,28,153,63
430228,Batea,122,603,258,123,569,300,245,1172,558
250450,Bausen,1,14,14,1,10,9,2,24,23
080207,Begues,651,2283,348,665,2284,389,1316,4567,737
170139,Begur,275,1383,369,259,1305,403,534,2688,772
250463,Belianes,34,161,80,31,151,98,65,312,178
251706,Bellaguarda,17,94,50,5,83,58,22,177,108
170182,Bellcaire d'Empordà,53,192,64,47,211,83,100,403,147
250479,Bellcaire d'Urgell,95,416,155,91,363,185,186,779,340
250485,Bell-lloc d'Urgell,179,774,211,188,735,264,367,1509,475
250498,Bellmunt d'Urgell,11,61,23,11,56,30,22,117,53
430234,Bellmunt del Priorat,16,106,34,15,91,45,31,197,79
080214,Bellprat,0,31,15,2,19,11,2,50,26
250501,Bellpuig,369,1828,361,407,1481,510,776,3309,871
430249,Bellvei,224,714,183,208,666,179,432,1380,362
250518,Bellver de Cerdanya,151,739,196,135,632,222,286,1371,418
250523,Bellvís,176,765,243,144,685,329,320,1450,572
250539,Benavent de Segrià,139,555,98,135,478,111,274,1033,209
430252,Benifallet,29,224,105,17,190,138,46,414,243
430265,Benissanet,72,476,129,81,337,152,153,813,281
080229,Berga,1265,5349,1462,1148,5204,2028,2413,10553,3490
170195,Besalú,181,741,232,191,752,303,372,1493,535
170209,Bescanó,480,1619,328,481,1570,396,961,3189,724
170216,Beuda,19,69,20,18,60,14,37,129,34
080235,Bigues i Riells del Fai,859,3103,551,840,2881,620,1699,5984,1171
250557,Biosca,8,69,29,6,50,35,14,119,64
170221,"Bisbal d'Empordà, la",1035,3671,713,909,3462,971,1944,7133,1684
430271,"Bisbal de Falset, la",17,70,32,9,52,36,26,122,68
430287,"Bisbal del Penedès, la",286,1210,339,254,1061,345,540,2271,684
172348,Biure,15,89,28,14,70,29,29,159,57
430290,Blancafort,24,141,49,21,121,57,45,262,106
170237,Blanes,3114,13602,2987,2909,12889,3792,6023,26491,6779
170293,Boadella i les Escaules,18,85,26,15,79,25,33,164,51
170242,Bolvir,29,135,33,24,107,45,53,242,78
430304,Bonastre,51,218,52,54,201,46,105,419,98
250576,"Bòrdes, Es",15,95,24,9,74,17,24,169,41
170255,Bordils,154,575,123,146,539,153,300,1114,276
250582,"Borges Blanques, les",483,2065,546,429,1852,713,912,3917,1259
430311,"Borges del Camp, les",187,674,179,200,636,201,387,1310,380
170268,Borrassà,76,237,61,67,212,75,143,449,136
080240,Borredà,36,203,60,17,148,76,53,351,136
250595,Bossòst,79,412,78,83,384,104,162,796,182
430326,Bot,35,185,107,18,163,122,53,348,229
430332,Botarell,110,402,64,97,357,70,207,759,134
250560,Bovera,10,90,57,11,62,60,21,152,117
430347,Bràfim,48,220,64,49,194,85,97,414,149
170274,Breda,258,1266,352,289,1155,431,547,2421,783
080253,"Bruc, el",212,733,125,174,605,142,386,1338,267
080266,"Brull, el",34,92,19,20,78,20,54,170,39
170280,Brunyola i Sant Martí Sapresa,28,122,47,31,115,48,59,237,95
430350,Cabacés,14,109,40,25,88,50,39,197,90
250609,Cabanabona,3,28,10,2,20,25,5,48,35
170314,Cabanelles,17,92,27,16,64,27,33,156,54
170307,Cabanes,79,315,95,73,259,100,152,574,195
080272,"Cabanyes, les",105,332,60,100,298,66,205,630,126
250616,Cabó,3,34,13,5,27,16,8,61,29
430363,Cabra del Camp,109,370,109,78,348,101,187,718,210
080288,Cabrera d'Anoia,124,493,96,120,425,105,244,918,201
080291,Cabrera de Mar,387,1581,307,354,1545,351,741,3126,658
080305,Cabrils,734,2393,427,689,2505,449,1423,4898,876
170329,Cadaqués,225,942,201,228,953,271,453,1895,472
080312,Calaf,300,1191,302,272,1045,365,572,2236,667
430379,Calafell,2050,8209,1951,1868,8027,2228,3918,16236,4179
080348,Calders,79,340,72,79,290,89,158,630,161
080327,Caldes d'Estrac,191,894,229,202,906,316,393,1800,545
170335,Caldes de Malavella,640,2397,518,608,2361,606,1248,4758,1124
080333,Caldes de Montbui,1502,5822,1228,1400,5576,1628,2902,11398,2856
080351,Calella,1438,6102,1456,1371,5884,2056,2809,11986,3512
080370,Calldetenes,195,886,161,179,820,188,374,1706,349
080386,Callús,191,632,139,180,621,222,371,1253,361
080364,Calonge de Segarra,13,61,25,11,57,35,24,118,60
170340,Calonge i Sant Antoni,840,3533,925,762,3435,1046,1602,6968,1971
250621,Camarasa,52,295,107,39,275,143,91,570,250
439039,Camarles,270,1184,350,241,1051,418,511,2235,768
430385,Cambrils,2972,11344,2113,2927,11369,2576,5899,22713,4689
170353,Camós,54,217,74,47,204,90,101,421,164
170366,Campdevànol,247,1027,386,212,1013,510,459,2040,896
170372,Campelles,4,46,17,10,40,15,14,86,32
080399,Campins,41,191,29,47,177,36,88,368,65
170388,Campllong,56,173,28,69,157,32,125,330,60
170391,Camprodon,143,767,239,166,718,326,309,1485,565
250637,Canejan,0,39,18,6,28,11,6,67,29
170405,Canet d'Adri,56,223,52,40,201,72,96,424,124
080403,Canet de Mar,1195,4516,1150,1095,4546,1621,2290,9062,2771
439076,"Canonja, la",510,2027,359,525,1939,447,1035,3966,806
080410,Canovelles,1558,5705,1014,1455,5056,1166,3013,10761,2180
080425,Cànoves i Samalús,226,1004,224,251,919,239,477,1923,463
170412,Cantallops,22,111,30,23,96,42,45,207,72
080431,Canyelles,417,1534,266,409,1452,267,826,2986,533
430398,Capafonts,0,39,18,6,33,18,6,72,36
430402,Capçanes,20,134,49,24,125,59,44,259,108
080446,Capellades,408,1750,468,401,1664,593,809,3414,1061
170427,Capmany,47,194,82,44,167,78,91,361,160
080459,Capolat,8,29,4,10,29,8,18,58,12
080462,Cardedeu,1756,5847,1109,1637,5920,1429,3393,11767,2538
080478,Cardona,298,1599,516,322,1438,748,620,3037,1264
080484,Carme,73,271,80,54,249,90,127,520,170
430419,Caseres,10,82,42,13,79,41,23,161,83
170448,Cassà de la Selva,867,3531,664,847,3068,945,1714,6599,1609
080497,Casserres,89,505,182,84,485,224,173,990,406
080575,Castell de l'Areny,5,29,8,2,24,7,7,53,15
259046,Castell de Mur,6,54,25,10,39,29,16,93,54
250642,Castellar de la Ribera,15,42,20,13,42,17,28,84,37
080522,Castellar de n'Hug,6,66,14,7,44,22,13,110,36
080500,Castellar del Riu,17,56,23,12,47,16,29,103,39
080517,Castellar del Vallès,2243,7861,1434,2089,7935,1878,4332,15796,3312
080538,Castellbell i el Vilar,311,1239,306,304,1102,362,615,2341,668
080543,Castellbisbal,1337,4307,687,1203,4113,787,2540,8420,1474
080556,Castellcir,60,257,50,73,212,66,133,469,116
250674,Castelldans,57,359,112,54,270,124,111,629,236
080569,Castelldefels,5728,21888,3670,5299,21950,4720,11027,43838,8390
080581,Castellet i la Gornal,164,758,205,170,714,226,334,1472,431
170464,Castellfollit de la Roca,91,316,111,69,292,134,160,608,245
080608,Castellfollit de Riubregós,10,67,20,3,50,27,13,117,47
080594,Castellfollit del Boix,41,140,36,26,137,48,67,277,84
080615,Castellgalí,196,697,158,183,627,161,379,1324,319
080620,Castellnou de Bages,123,428,78,142,399,71,265,827,149
250680,Castellnou de Seana,54,244,88,54,196,104,108,440,192
170470,Castelló d'Empúries,894,3911,1030,906,3659,1073,1800,7570,2103
250693,Castelló de Farfanya,40,185,79,22,155,84,62,340,163
080636,Castellolí,43,194,38,65,179,52,108,373,90
170486,Castell-Platja d'Aro,824,3662,823,782,3688,942,1606,7350,1765
250707,Castellserà,55,360,131,69,295,173,124,655,304
080641,Castellterçol,184,774,233,180,721,308,364,1495,541
430424,Castellvell del Camp,285,987,162,282,994,159,567,1981,321
080654,Castellví de la Marca,131,525,146,124,483,180,255,1008,326
080667,Castellví de Rosanes,147,614,110,151,587,151,298,1201,261
430430,"Catllar, el",407,1504,267,339,1436,269,746,2940,536
250714,Cava,1,22,11,2,15,9,3,37,20
171899,"Cellera de Ter, la",160,684,190,160,622,255,320,1306,445
170499,Celrà,543,1770,206,546,1721,267,1089,3491,473
080673,Centelles,622,2403,571,598,2336,803,1220,4739,1374
082687,Cercs,75,402,151,59,343,216,134,745,367
082665,Cerdanyola del Vallès,4608,19541,4043,4298,19755,5157,8906,39296,9200
080689,Cervelló,768,3087,568,736,2942,710,1504,6029,1278
250729,Cervera,863,3050,642,774,2855,855,1637,5905,1497
250735,Cervià de les Garrigues,35,231,99,36,189,118,71,420,217
170502,Cervià de Ter,96,294,80,81,292,91,177,586,171
170519,Cistella,20,93,30,25,95,30,45,188,60
250740,Ciutadilla,12,67,35,6,61,28,18,128,63
250753,Clariana de Cardener,9,49,13,13,44,12,22,93,25
250766,"Cogul, el",5,64,34,10,48,29,15,112,63
170545,Colera,24,176,74,25,158,75,49,334,149
250772,Coll de Nargó,33,199,64,29,182,80,62,381,144
080692,Collbató,553,1507,226,472,1423,246,1025,2930,472
430458,Colldejou,7,63,23,9,55,15,16,118,38
080706,Collsuspina,31,110,36,30,106,25,61,216,61
170558,Colomers,15,59,21,12,60,28,27,119,49
251636,"Coma i la Pedra, la",17,124,23,11,75,19,28,199,42
251615,Conca de Dalt,24,150,57,26,121,65,50,271,122
430461,Conesa,3,47,12,4,38,18,7,85,30
430477,Constantí,652,2338,406,601,2065,477,1253,4403,883
080713,Copons,32,97,34,29,96,35,61,193,69
430483,Corbera d'Ebre,76,393,135,67,322,143,143,715,278
080728,Corbera de Llobregat,1411,4901,822,1293,4815,995,2704,9716,1817
250788,Corbins,119,512,118,108,385,158,227,897,276
170577,Corçà,99,403,122,86,408,139,185,811,261
080734,Cornellà de Llobregat,6705,28311,7117,6543,27904,9654,13248,56215,16771
170561,Cornellà del Terri,195,726,218,162,704,230,357,1430,448
430496,Cornudella de Montsant,57,347,105,51,270,124,108,617,229
430509,Creixell,278,1148,343,265,1059,387,543,2207,730
170583,Crespià,24,76,24,16,77,28,40,153,52
179011,"Cruïlles, Monells i Sant Sadurní de l'Heura",97,449,108,92,432,106,189,881,214
080749,Cubelles,1347,4965,1003,1255,4759,1152,2602,9724,2155
250791,Cubells,19,136,57,16,109,58,35,245,115
430516,Cunit,963,3817,1189,988,3758,1274,1951,7575,2463
170600,Darnius,27,177,67,26,155,82,53,332,149
170617,Das,20,74,25,25,56,20,45,130,45
439018,Deltebre,930,3885,1142,815,3708,1351,1745,7593,2493
080752,Dosrius,515,1794,302,474,1735,317,989,3529,619
430537,Duesaigües,9,94,30,15,62,29,24,156,59
170622,"Escala, l'",733,3424,992,665,3267,1062,1398,6691,2054
080765,Esparreguera,1937,7638,1443,1835,7069,1763,3772,14707,3206
170638,Espinelves,13,67,17,17,54,28,30,121,45
250812,"Espluga Calba, l'",18,125,56,27,92,77,45,217,133
430542,"Espluga de Francolí, l'",249,1278,340,277,1204,488,526,2482,828
080771,Esplugues de Llobregat,3313,14763,4174,3030,15426,5427,6343,30189,9601
170643,Espolla,28,129,53,23,124,60,51,253,113
170656,Esponellà,50,136,43,40,132,57,90,268,100
250827,Espot,23,145,25,24,106,34,47,251,59
080787,"Espunyola, l'",17,79,33,10,85,35,27,164,68
082541,"Esquirol, l'",161,738,202,146,670,271,307,1408,473
250886,Estamariu,9,34,28,6,27,15,15,61,43
080790,"Estany, l'",28,137,41,16,120,65,44,257,106
250851,Estaràs,8,60,27,8,50,23,16,110,50
250864,Esterri d'Àneu,53,326,59,52,291,85,105,617,144
250870,Esterri de Cardós,4,27,5,4,25,7,8,52,12
430555,Falset,242,929,258,219,872,318,461,1801,576
170059,"Far d'Empordà, el",59,180,46,61,167,50,120,347,96
250899,Farrera,9,50,13,9,34,10,18,84,23
430568,"Fatarella, la",46,320,158,61,278,188,107,598,346
430574,"Febró, la",0,24,5,1,7,3,1,31,8
081347,Figaró-Montmany,83,372,95,90,340,116,173,712,211
080804,Fígols,3,12,7,3,10,8,6,22,15
259084,Fígols i Alinyà,15,89,43,10,61,42,25,150,85
430580,"Figuera, la",2,45,19,2,31,19,4,76,38
170669,Figueres,4106,15647,2736,3955,15004,3996,8061,30651,6732
430593,Figuerola del Camp,24,112,29,40,98,42,64,210,71
170675,Flaçà,81,330,94,74,333,129,155,663,223
430607,Flix,188,1276,423,189,1147,572,377,2423,995
250925,"Floresta, la",11,58,20,10,39,24,21,97,44
080826,Fogars de la Selva,114,551,129,130,466,122,244,1017,251
080811,Fogars de Montclús,56,163,38,43,142,40,99,305,78
170681,Foixà,22,95,39,21,97,46,43,192,85
080832,Folgueroles,278,704,156,247,695,179,525,1399,335
250931,Fondarella,66,300,58,63,279,72,129,579,130
080847,Fonollosa,118,501,120,106,470,114,224,971,234
170694,Fontanals de Cerdanya,15,170,44,24,144,46,39,314,90
170708,Fontanilles,16,56,20,9,37,22,25,93,42
170715,Fontcoberta,118,496,90,129,504,105,247,1000,195
080850,Font-rubí,96,445,158,113,381,160,209,826,318
250946,Foradada,8,64,31,8,43,28,16,107,59
179026,Forallac,119,581,146,123,584,176,242,1165,322
430614,Forès,0,16,9,0,10,11,0,26,20
170736,Fornells de la Selva,259,813,137,267,840,163,526,1653,300
170741,Fortià,58,216,72,63,226,75,121,442,147
080863,"Franqueses del Vallès, les",1956,6752,1047,1801,6350,1264,3757,13102,2311
430629,Freginals,17,141,55,11,112,69,28,253,124
250962,"Fuliola, la",111,410,132,101,369,171,212,779,303
250978,Fulleda,1,31,15,2,32,17,3,63,32
080902,Gaià,13,68,9,12,50,11,25,118,20
430635,"Galera, la",44,275,90,50,232,109,94,507,199
080879,Gallifa,9,80,14,12,71,16,21,151,30
430640,Gandesa,224,1060,306,198,935,368,422,1995,674
430653,Garcia,32,181,75,39,152,80,71,333,155
430666,"Garidells, els",13,63,13,7,68,18,20,131,31
080885,"Garriga, la",1467,5168,1026,1351,5356,1394,2818,10524,2420
170754,Garrigàs,21,148,42,25,122,40,46,270,82
170767,Garrigoles,6,58,23,11,42,19,17,100,42
170773,Garriguella,78,282,72,70,265,90,148,547,162
080898,Gavà,4056,15557,3196,3771,15660,4086,7827,31217,7282
250984,Gavet de la Conca,14,85,52,9,83,60,23,168,112
080919,Gelida,709,2425,466,673,2337,584,1382,4762,1050
170789,Ger,37,150,46,27,128,44,64,278,90
259123,Gimenells i el Pla de la Font,68,381,128,74,314,164,142,695,292
430672,Ginestar,48,274,100,44,234,119,92,508,219
170792,Girona,8605,32328,5801,8151,34003,8339,16756,66331,14140
080924,Gironella,325,1634,498,330,1489,711,655,3123,1209
080930,Gisclareny,0,12,3,0,9,1,0,21,4
430688,Godall,28,199,113,32,192,109,60,391,222
250997,Golmés,143,592,134,159,540,166,302,1132,300
170806,Gombrèn,20,59,16,13,62,25,33,121,41
251001,Gósol,7,93,27,3,56,30,10,149,57
080945,"Granada, la",203,726,133,168,675,168,371,1401,301
251018,"Granadella, la",43,231,100,30,191,120,73,422,220
080958,Granera,1,40,11,4,18,6,5,58,17
251023,"Granja d'Escarp, la",42,353,110,54,285,128,96,638,238
080961,Granollers,4863,20635,4140,4531,20099,5662,9394,40734,9802
251039,Granyanella,10,48,23,5,42,19,15,90,42
251057,Granyena de les Garrigues,6,60,30,4,35,27,10,95,57
251044,Granyena de Segarra,4,37,26,7,33,29,11,70,55
430691,Gratallops,14,83,32,11,73,30,25,156,62
080977,Gualba,152,484,93,148,442,110,300,926,203
170813,Gualta,29,133,33,28,101,38,57,234,71
080996,Guardiola de Berguedà,53,339,108,54,266,117,107,605,225
430705,"Guiamets, els",6,94,34,14,93,51,20,187,85
170828,Guils de Cerdanya,34,213,35,36,174,44,70,387,79
251095,Guimerà,7,91,64,8,63,62,15,154,126
259031,"Guingueta d'Àneu, la",18,120,31,20,89,39,38,209,70
251109,Guissona,691,2655,259,650,2212,360,1341,4867,619
251116,Guixers,3,49,24,4,39,9,7,88,33
081000,Gurb,246,905,173,203,830,188,449,1735,361
430712,Horta de Sant Joan,74,394,165,66,340,180,140,734,345
081017,"Hospitalet de Llobregat, l'",18215,83270,21784,17111,83681,29457,35326,166951,51241
081629,"Hostalets de Pierola, els",322,1036,158,279,963,184,601,1999,342
170834,Hostalric,350,1380,295,334,1288,363,684,2668,658
081022,Igualada,3401,12650,2922,3193,12403,4182,6594,25053,7104
251155,Isona i Conca Dellà,52,336,160,57,290,154,109,626,314
170849,Isòvol,14,126,27,11,95,28,25,221,55
251137,Ivars d'Urgell,102,552,189,110,420,234,212,972,423
251121,Ivars de Noguera,17,124,41,20,95,53,37,219,94
251142,Ivorra,6,38,15,3,28,25,9,66,40
170852,Jafre,32,146,40,19,107,52,51,253,92
170865,"Jonquera, la",300,1077,199,252,1042,245,552,2119,444
081038,Jorba,86,281,53,69,281,68,155,562,121
259101,Josa i Tuixén,5,52,17,4,34,16,9,86,33
170871,Juià,38,113,26,29,103,31,67,216,57
251180,Juncosa,10,164,64,25,106,69,35,270,133
251193,Juneda,280,1235,328,233,1022,399,513,2257,727
251214,Les,74,355,52,77,339,71,151,694,123
251229,Linyola,199,910,252,203,811,302,402,1721,554
081043,"Llacuna, la",67,327,100,46,239,127,113,566,227
170887,Lladó,74,242,62,81,243,65,155,485,127
251235,Lladorre,13,81,20,20,71,27,33,152,47
251240,Lladurs,8,67,31,11,49,29,19,116,60
081056,"Llagosta, la",1191,4411,1018,1153,4353,1304,2344,8764,2322
170890,Llagostera,725,2886,606,709,2509,763,1434,5395,1369
170904,Llambilles,79,240,58,75,227,59,154,467,117
170911,Llanars,28,185,50,30,153,63,58,338,113
170926,Llançà,346,1626,489,348,1562,599,694,3188,1088
251253,Llardecans,21,156,80,21,126,93,42,282,173
251266,Llavorsí,26,118,44,19,123,37,45,241,81
251207,Lleida,11272,48263,9376,10762,46118,13385,22034,94381,22761
170932,Llers,100,397,122,99,396,128,199,793,250
251272,Lles de Cerdanya,16,101,39,14,62,28,30,163,67
081075,Lliçà d'Amunt,1386,5023,1057,1289,4827,1114,2675,9850,2171
081081,Lliçà de Vall,545,2172,507,509,2131,490,1054,4303,997
251288,Llimiana,5,57,33,2,39,23,7,96,56
081069,Llinars del Vallès,839,3238,655,758,3174,872,1597,6412,1527
170947,Llívia,105,619,112,97,477,126,202,1096,238
430727,"Lloar, el",8,34,16,6,29,17,14,63,33
251291,Llobera,17,66,21,10,62,25,27,128,46
430733,Llorac,5,41,15,5,33,13,10,74,28
430748,Llorenç del Penedès,216,744,170,193,722,261,409,1466,431
170950,Lloret de Mar,3169,14695,2108,2822,13300,2530,5991,27995,4638
170963,"Llosses, les",8,93,20,13,60,17,21,153,37
081094,Lluçà,17,93,20,27,74,26,44,167,46
171024,Maçanet de Cabrenys,49,248,97,46,224,117,95,472,214
171030,Maçanet de la Selva,566,2469,532,579,2198,619,1145,4667,1151
170979,Madremanya,33,82,25,16,100,27,49,182,52
170985,Maià de Montcal,38,140,45,44,129,47,82,269,92
251333,Maials,52,320,129,60,245,153,112,565,282
251305,Maldà,15,75,27,7,62,41,22,137,68
081108,Malgrat de Mar,1456,6309,1479,1332,5892,1949,2788,12201,3428
081115,Malla,19,86,26,17,87,31,36,173,57
081120,Manlleu,1891,6785,1436,1847,6362,1958,3738,13147,3394
081136,Manresa,6206,24684,5919,5803,23876,8809,12009,48560,14728
430764,Marçà,46,200,70,43,181,71,89,381,141
430751,Margalef,4,42,19,1,25,17,5,67,36
082423,Marganell,23,97,23,14,98,42,37,195,65
081141,Martorell,2714,9748,1851,2545,8642,2395,5259,18390,4246
081154,Martorelles,355,1628,399,339,1547,515,694,3175,914
430770,Mas de Barberans,31,205,70,33,172,108,64,377,178
171002,Masarac,18,106,29,16,82,33,34,188,62
430786,Masdenverge,67,385,119,65,346,124,132,731,243
081167,"Masies de Roda, les",59,241,65,45,244,83,104,485,148
081173,"Masies de Voltregà, les",277,1072,221,264,1056,296,541,2128,517
430799,Masllorenç,46,182,52,37,142,60,83,324,112
081189,"Masnou, el",1771,7535,1644,1606,7794,2392,3377,15329,4036
430803,"Masó, la",22,85,46,16,82,37,38,167,83
430810,Maspujols,65,279,59,70,252,57,135,531,116
081192,Masquefa,855,2895,496,846,2725,589,1701,5620,1085
430825,"Masroig, el",38,169,76,30,146,75,68,315,151
251312,Massalcoreig,23,212,57,23,167,78,46,379,135
171019,Massanes,73,252,67,61,211,59,134,463,126
251327,Massoteres,24,67,17,19,52,17,43,119,34
081206,Matadepera,913,2889,630,801,2903,705,1714,5792,1335
081213,Mataró,10714,42687,8459,10015,40670,11735,20729,83357,20194
081228,Mediona,215,734,213,203,688,258,418,1422,471
251348,Menàrguens,52,335,102,44,234,120,96,569,222
170998,Meranges,10,29,14,3,27,11,13,56,25
171058,Mieres,20,113,32,24,99,38,44,212,70
430831,"Milà, el",12,52,22,14,50,24,26,102,46
251351,Miralcamp,107,461,129,103,434,150,210,895,279
430846,Miravet,55,266,95,47,206,105,102,472,200
081385,Moià,518,1948,428,535,1782,549,1053,3730,977
430859,"Molar, el",14,100,46,12,78,43,26,178,89
081234,Molins de Rei,2308,8287,1683,2211,8410,2253,4519,16697,3936
251370,Mollerussa,1434,5378,817,1378,4822,1134,2812,10200,1951
171061,Mollet de Peralada,15,56,25,11,44,31,26,100,56
081249,Mollet del Vallès,4599,17764,3335,4485,17247,4289,9084,35011,7624
171077,Molló,17,110,38,23,105,46,40,215,84
251364,"Molsosa, la",2,38,18,7,35,16,9,73,34
081287,Monistrol de Calders,56,246,62,36,222,73,92,468,135
081271,Monistrol de Montserrat,228,1013,254,218,922,310,446,1935,564
171096,Montagut i Oix,73,346,88,65,289,109,138,635,197
430862,Montblanc,603,2579,543,528,2370,736,1131,4949,1279
430884,Montbrió del Camp,226,943,180,220,858,223,446,1801,403
081252,Montcada i Reixac,3110,11767,2135,2925,11530,2927,6035,23297,5062
081304,Montclar,13,33,13,6,36,16,19,69,29
251399,Montellà i Martinet,28,240,67,25,185,78,53,425,145
081311,Montesquiu,73,299,83,64,262,114,137,561,197
251403,Montferrer i Castellbò,73,393,83,76,331,71,149,724,154
430897,Montferri,32,137,34,37,99,30,69,236,64
251386,Montgai,35,214,99,25,182,116,60,396,215
081265,Montgat,1022,3887,701,936,3892,877,1958,7779,1578
081326,Montmajor,26,153,61,31,146,59,57,299,120
081332,Montmaneu,10,50,28,6,43,27,16,93,55
430901,"Montmell, el",115,516,138,107,420,122,222,936,260
081350,Montmeló,758,2969,649,685,2981,821,1443,5950,1470
251425,Montoliu de Lleida,33,179,51,31,150,71,64,329,122
251410,Montoliu de Segarra,15,69,27,4,51,27,19,120,54
251431,Montornès de Segarra,7,27,19,6,29,17,13,56,36
081363,Montornès del Vallès,1550,5714,977,1505,5290,1181,3055,11004,2158
430918,Mont-ral,13,63,20,8,49,12,21,112,32
171100,Mont-ras,120,600,147,128,585,159,248,1185,306
430923,Mont-roig del Camp,984,4378,999,898,3942,947,1882,8320,1946
081379,Montseny,24,110,40,25,90,43,49,200,83
430939,Móra d'Ebre,479,1838,433,417,1826,585,896,3664,1018
430944,Móra la Nova,241,1109,263,221,1013,343,462,2122,606
430957,"Morell, el",332,1286,199,305,1157,251,637,2443,450
430960,"Morera de Montsant, la",13,63,18,8,43,12,21,106,30
081290,Muntanyola,53,216,33,67,187,39,120,403,72
081398,Mura,13,82,17,19,60,20,32,142,37
251459,Nalec,1,27,20,2,26,17,3,53,37
250254,Naut Aran,126,661,110,133,650,102,259,1311,212
081402,Navarcles,436,2026,463,437,1976,665,873,4002,1128
081419,Navàs,490,2034,521,461,1897,714,951,3931,1235
171117,Navata,114,405,107,112,410,114,226,815,221
251462,Navès,20,95,22,22,85,36,42,180,58
081424,"Nou de Berguedà, la",4,52,19,9,44,22,13,96,41
430976,"Nou de Gaià, la",62,165,46,53,161,61,115,326,107
430982,Nulles,36,153,43,32,133,56,68,286,99
251484,Odèn,9,100,45,9,75,29,18,175,74
081430,Òdena,389,1220,247,320,1141,307,709,2361,554
171122,Ogassa,22,97,28,14,59,25,36,156,53
081458,Olèrdola,380,1230,243,332,1143,251,712,2373,494
081461,Olesa de Bonesvalls,167,594,128,165,544,137,332,1138,265
081477,Olesa de Montserrat,2278,7993,1505,2126,7675,1966,4404,15668,3471
251497,Oliana,95,604,223,113,588,247,208,1192,470
251500,Oliola,11,87,31,14,59,33,25,146,64
251517,Olius,106,290,66,87,285,68,193,575,134
081483,Olivella,388,1335,194,358,1158,176,746,2493,370
081496,Olost,71,400,122,71,366,156,142,766,278
171143,Olot,2717,11475,2689,2445,10728,3859,5162,22203,6548
251522,"Oluges, les",3,54,27,7,37,30,10,91,57
081445,Olvan,53,286,93,48,266,130,101,552,223
251538,"Omellons, els",12,66,45,7,65,37,19,131,82
251543,"Omells de na Gaia, els",7,44,25,5,40,20,12,84,45
171156,Ordis,30,128,41,28,119,34,58,247,75
251556,Organyà,43,260,110,39,248,141,82,508,251
081509,Orís,21,112,21,22,105,22,43,217,43
081516,Oristà,27,183,62,30,178,77,57,361,139
081521,Orpí,5,49,19,5,43,10,10,92,29
081537,Òrrius,59,254,40,61,222,54,120,476,94
251569,Os de Balaguer,87,326,97,92,302,104,179,628,201
171169,Osor,28,154,48,31,132,59,59,286,107
251575,Ossó de Sió,15,65,26,12,61,32,27,126,58
081542,Pacs del Penedès,72,309,59,80,302,70,152,611,129
081555,Palafolls,907,3080,517,898,3058,605,1805,6138,1122
171175,Palafrugell,2001,7731,1641,1864,7363,2163,3865,15094,3804
171181,Palamós,1338,5931,1412,1297,5926,1901,2635,11857,3313
251581,"Palau d'Anglesola, el",167,729,165,163,668,243,330,1397,408
171194,Palau de Santa Eulàlia,9,34,14,2,32,7,11,66,21
171215,Palau-sator,21,106,31,26,82,39,47,188,70
171208,Palau-saverdera,133,443,136,150,433,142,283,876,278
081568,Palau-solità i Plegamans,1286,4952,887,1324,4929,1076,2610,9881,1963
431009,"Pallaresos, els",551,1560,172,525,1468,203,1076,3028,375
081574,Pallejà,1154,3814,673,1019,3701,892,2173,7515,1565
430995,"Palma d'Ebre, la",13,103,57,14,108,76,27,211,133
089058,"Palma de Cervelló, la",253,1078,172,235,1046,218,488,2124,390
171236,Palol de Revardit,43,160,40,36,148,47,79,308,87
171241,Pals,201,841,240,167,800,284,368,1641,524
081580,"Papiol, el",360,1371,269,336,1349,338,696,2720,607
171254,Pardines,14,55,19,5,40,22,19,95,41
081593,Parets del Vallès,1710,6630,1074,1583,6344,1392,3293,12974,2466
171267,Parlavà,35,135,43,27,125,45,62,260,88
431016,Passanant i Belltall,2,65,19,2,40,26,4,105,45
171289,Pau,46,168,66,38,180,71,84,348,137
431021,Paüls,31,172,87,35,173,98,66,345,185
171292,Pedret i Marzà,18,68,18,14,53,18,32,121,36
251641,Penelles,32,195,71,18,119,69,50,314,140
171306,"Pera, la",41,142,40,35,142,67,76,284,107
081607,Perafita,22,133,51,28,121,52,50,254,103
431037,Perafort,168,448,70,123,409,69,291,857,139
171328,Peralada,151,611,163,161,580,193,312,1191,356
251654,Peramola,17,116,44,16,105,51,33,221,95
431042,"Perelló, el",203,1055,390,194,901,412,397,1956,802
081614,Piera,1428,5138,1086,1313,4714,1321,2741,9852,2407
431055,"Piles, les",17,75,21,18,67,16,35,142,37
081635,Pineda de Mar,2052,8730,2198,1940,8314,2714,3992,17044,4912
431068,"Pinell de Brai, el",60,355,136,59,303,163,119,658,299
251667,Pinell de Solsonès,14,74,28,9,49,33,23,123,61
251673,Pinós,27,105,34,17,84,35,44,189,69
431074,Pira,47,163,41,39,143,47,86,306,88
431080,"Pla de Santa Maria, el",190,831,199,159,731,234,349,1562,433
081640,"Pla del Penedès, el",109,415,91,113,383,112,222,798,203
171334,"Planes d'Hostoles, les",134,513,217,96,492,242,230,1005,459
171349,Planoles,25,111,30,12,84,38,37,195,68
259118,"Plans de Sió, els",35,187,72,33,136,97,68,323,169
251689,"Poal, el",42,223,77,35,186,93,77,409,170
251692,"Pobla de Cérvoles, la",10,82,31,11,49,37,21,131,68
081653,"Pobla de Claramunt, la",197,718,175,210,680,206,407,1398,381
081666,"Pobla de Lillet, la",47,383,141,34,333,217,81,716,358
431093,"Pobla de Mafumet, la",360,1282,121,320,1187,150,680,2469,271
431107,"Pobla de Massaluca, la",21,106,59,15,83,70,36,189,129
431114,"Pobla de Montornès, la",265,988,246,245,867,249,510,1855,495
251713,"Pobla de Segur, la",201,971,318,206,866,450,407,1837,768
431129,Poboleda,23,121,51,19,96,51,42,217,102
081672,Polinyà,919,2926,327,891,2792,383,1810,5718,710
431135,"Pont d'Armentera, el",35,187,67,33,163,76,68,350,143
250306,"Pont de Bar, el",11,61,28,9,40,23,20,101,51
171352,Pont de Molins,34,183,47,43,175,47,77,358,94
251734,"Pont de Suert, el",168,811,193,163,712,271,331,1523,464
081825,"Pont de Vilomara i Rocafort, el",339,1322,288,313,1183,335,652,2505,623
431418,Pontils,5,43,20,4,41,10,9,84,30
081688,Pontons,36,176,46,24,148,47,60,324,93
171365,Pontós,21,73,32,9,69,19,30,142,51
251728,Ponts,219,861,260,190,842,329,409,1703,589
171371,Porqueres,388,1512,352,431,1476,370,819,2988,722
431140,Porrera,21,176,56,16,132,60,37,308,116
171404,"Port de la Selva, el",59,342,122,45,280,132,104,622,254
171387,Portbou,37,385,174,57,340,221,94,725,395
251749,"Portella, la",59,295,61,37,223,75,96,518,136
431153,Pradell de la Teixeta,7,57,17,12,58,30,19,115,47
431166,Prades,40,208,73,34,190,81,74,398,154
431172,Prat de Comte,11,53,24,6,43,27,17,96,51
081691,"Prat de Llobregat, el",5120,21067,4729,4846,20977,6127,9966,42044,10856
431188,Pratdip,47,218,103,33,176,108,80,394,211
081712,Prats de Lluçanès,180,891,243,145,831,334,325,1722,577
081705,"Prats de Rei, els",31,200,50,29,152,75,60,352,125
251752,Prats i Sansor,14,93,22,12,82,25,26,175,47
251765,Preixana,22,116,64,28,105,70,50,221,134
251771,Preixens,19,140,70,30,108,83,49,248,153
082303,Premià de Dalt,900,3518,753,835,3464,841,1735,6982,1594
081727,Premià de Mar,2249,9511,2060,2152,9333,2858,4401,18844,4918
171390,"Preses, les",166,581,137,153,571,164,319,1152,301
251790,Prullans,8,65,31,11,65,29,19,130,60
171411,Puigcerdà,729,3089,561,717,2890,775,1446,5979,1336
081748,Puigdàlber,45,175,42,47,170,53,92,345,95
251804,Puiggròs,27,102,31,14,81,41,41,183,72
431191,Puigpelat,122,387,54,102,357,61,224,744,115
081751,Puig-reig,242,1349,449,274,1251,642,516,2600,1091
251811,Puigverd d'Agramunt,19,100,31,13,67,29,32,167,60
251826,Puigverd de Lleida,118,482,127,110,423,151,228,905,278
081764,Pujalt,19,64,26,9,57,23,28,121,49
081770,"Quar, la",4,18,10,1,20,4,5,38,14
171426,Quart,360,1172,192,338,1154,225,698,2326,417
170433,Queralbs,6,70,30,4,47,25,10,117,55
431205,Querol,39,208,58,25,168,52,64,376,110
171432,Rabós,13,53,23,10,55,28,23,108,51
081786,Rajadell,32,184,53,39,164,56,71,348,109
431212,Rasquera,41,258,131,47,251,130,88,509,261
171447,Regencós,21,102,31,26,76,35,47,178,66
081799,Rellinars,51,275,49,68,234,49,119,509,98
431227,Renau,17,47,7,13,50,7,30,97,14
431233,Reus,9428,34631,7022,9072,35163,9646,18500,69794,16668
251832,Rialp,43,264,42,45,214,59,88,478,101
431248,"Riba, la",42,212,67,28,169,83,70,381,150
431251,Riba-roja d'Ebre,49,421,162,54,326,183,103,747,345
259059,Ribera d'Ondara,23,139,57,25,120,56,48,259,113
251850,Ribera d'Urgellet,78,350,76,70,284,105,148,634,181
171450,Ribes de Freser,102,592,222,95,539,309,197,1131,531
171463,Riells i Viabrea,394,1442,227,351,1342,244,745,2784,471
431264,"Riera de Gaià, la",180,553,112,172,519,142,352,1072,254
251863,Riner,17,88,32,22,85,37,39,173,69
171479,Ripoll,763,3560,980,683,3367,1398,1446,6927,2378
081803,Ripollet,3459,12774,2169,3510,12324,2997,6969,25098,5166
259139,Riu de Cerdanya,3,48,9,3,35,8,6,83,17
171485,Riudarenes,194,737,178,164,680,195,358,1417,373
171498,Riudaura,30,154,38,43,145,53,73,299,91
431270,Riudecanyes,111,380,103,90,342,116,201,722,219
431286,Riudecols,86,461,107,79,396,125,165,857,232
171501,Riudellots de la Selva,175,710,135,163,671,172,338,1381,307
431299,Riudoms,625,2200,535,534,2008,644,1159,4208,1179
171518,Riumors,19,80,26,14,77,28,33,157,54
081810,"Roca del Vallès, la",1059,3566,664,992,3459,778,2051,7025,1442
431303,Rocafort de Queralt,10,81,44,15,71,35,25,152,79
431310,Roda de Berà,534,2165,573,500,1967,583,1034,4132,1156
081831,Roda de Ter,540,2015,447,479,1987,656,1019,4002,1103
431325,Rodonyà,45,183,41,36,146,62,81,329,103
431331,Roquetes,707,2944,630,648,2607,751,1355,5551,1381
171523,Roses,1731,6555,1509,1677,6470,1658,3408,13025,3167
251898,Rosselló,249,1110,184,254,977,247,503,2087,431
431346,"Rourell, el",33,136,31,34,121,39,67,257,70
081846,Rubí,6712,25688,4511,6360,25280,5802,13072,50968,10313
081859,Rubió,15,80,28,14,69,22,29,149,50
171539,Rupià,12,89,26,22,70,27,34,159,53
089019,Rupit i Pruit,10,104,41,16,94,35,26,198,76
081878,Sabadell,17358,68101,15520,16396,68305,21764,33754,136406,37284
081884,Sagàs,19,45,16,12,44,13,31,89,29
251902,Salàs de Pallars,17,128,47,17,101,55,34,229,102
081901,Saldes,8,111,39,7,86,32,15,197,71
171544,Sales de Llierca,13,44,9,9,50,8,22,94,17
081918,Sallent,465,2103,690,476,2062,984,941,4165,1674
431359,Salomó,44,179,61,50,141,64,94,320,125
439057,Salou,2160,10498,1324,1924,9167,1485,4084,19665,2809
171557,Salt,3214,11233,1474,2955,9213,2014,6169,20446,3488
251919,Sanaüja,26,138,55,25,114,65,51,252,120
081944,Sant Adrià de Besòs,3151,11672,2587,2911,11495,3570,6062,23167,6157
081957,Sant Agustí de Lluçanès,2,32,12,4,32,9,6,64,21
081960,Sant Andreu de la Barca,2826,9339,1501,2639,8967,1996,5465,18306,3497
081976,Sant Andreu de Llavaneres,1016,3463,718,913,3580,900,1929,7043,1618
171576,Sant Andreu Salou,13,50,17,8,46,21,21,96,38
171833,Sant Aniol de Finestres,27,127,35,21,107,34,48,234,69
081982,Sant Antoni de Vilamajor,517,1987,358,471,1956,419,988,3943,777
081995,Sant Bartomeu del Grau,53,322,73,58,299,70,111,621,143
082009,Sant Boi de Llobregat,6831,27958,6167,6382,27527,8242,13213,55485,14409
082016,Sant Boi de Lluçanès,21,190,60,39,154,92,60,344,152
431362,Sant Carles de la Ràpita,1104,4917,1371,1114,4782,1715,2218,9699,3086
082037,Sant Cebrià de Vallalta,332,1196,201,324,1064,211,656,2260,412
082021,Sant Celoni,1551,5774,1230,1492,5585,1619,3043,11359,2849
082042,Sant Climent de Llobregat,408,1335,230,379,1325,261,787,2660,491
171582,Sant Climent Sescebes,32,240,61,36,151,70,68,391,131
082055,Sant Cugat del Vallès,9133,28678,4617,8688,30063,5939,17821,58741,10556
082068,Sant Cugat Sesgarrigues,80,310,91,89,293,109,169,603,200
251961,Sant Esteve de la Sarga,4,51,24,4,34,15,8,85,39
082074,Sant Esteve de Palautordera,280,803,149,258,876,166,538,1679,315
082080,Sant Esteve Sesrovires,690,2572,493,714,2469,604,1404,5041,1097
171595,Sant Feliu de Buixalleu,51,279,72,54,247,73,105,526,145
082107,Sant Feliu de Codines,543,2027,402,512,1880,536,1055,3907,938
171609,Sant Feliu de Guíxols,1749,7326,1716,1687,7060,2272,3436,14386,3988
082114,Sant Feliu de Llobregat,3744,14356,3188,3618,14627,4182,7362,28983,7370
171616,Sant Feliu de Pallerols,109,427,124,111,422,160,220,849,284
082129,Sant Feliu Sasserra,51,211,61,34,191,78,85,402,139
171621,Sant Ferriol,24,90,20,19,69,18,43,159,38
082093,Sant Fost de Campsentelles,750,2929,643,649,2843,852,1399,5772,1495
082135,Sant Fruitós de Bages,796,2809,516,739,2748,635,1535,5557,1151
171637,Sant Gregori,362,1136,247,302,1165,252,664,2301,499
251924,Sant Guim de Freixenet,89,372,114,75,317,140,164,689,254
251977,Sant Guim de la Plana,13,54,26,11,45,26,24,99,52
171642,Sant Hilari Sacalm,434,1978,483,423,1750,613,857,3728,1096
082153,Sant Hipòlit de Voltregà,282,1178,252,275,1067,392,557,2245,644
081939,Sant Iscle de Vallalta,119,464,94,131,392,104,250,856,198
439023,Sant Jaume d'Enveja,271,1131,404,242,1068,439,513,2199,843
082166,Sant Jaume de Frontanyà,1,8,6,1,7,1,2,15,7
171655,Sant Jaume de Llierca,50,256,92,46,250,118,96,506,210
431378,Sant Jaume dels Domenys,250,860,169,212,778,224,462,1638,393
171674,Sant Joan de les Abadesses,211,1099,383,200,997,523,411,2096,906
171680,Sant Joan de Mollet,35,171,42,43,165,53,78,336,95
082188,Sant Joan de Vilatorrada,931,3601,844,882,3435,1040,1813,7036,1884
082172,Sant Joan Despí,3094,10759,2255,2805,11162,2906,5899,21921,5161
171851,Sant Joan les Fonts,194,936,312,190,919,368,384,1855,680
171668,Sant Jordi Desvalls,43,231,68,61,222,83,104,453,151
089030,Sant Julià de Cerdanyola,17,88,29,9,65,31,26,153,60
171693,Sant Julià de Ramis,350,1172,208,362,1122,220,712,2294,428
082205,Sant Julià de Vilatorta,286,1025,221,288,1048,255,574,2073,476
179032,Sant Julià del Llor i Bonmatí,127,442,81,107,402,105,234,844,186
082212,Sant Just Desvern,1394,5146,1260,1343,5551,1695,2737,10697,2955
082227,Sant Llorenç d'Hortons,236,874,150,247,820,190,483,1694,340
171714,Sant Llorenç de la Muga,19,89,22,18,73,28,37,162,50
251930,Sant Llorenç de Morunys,56,308,128,67,290,144,123,598,272
082233,Sant Llorenç Savall,168,788,232,182,716,275,350,1504,507
082251,Sant Martí d'Albars,6,34,14,6,30,16,12,64,30
082248,Sant Martí de Centelles,85,409,64,86,362,87,171,771,151
171729,Sant Martí de Llémena,55,231,49,52,201,38,107,432,87
259025,Sant Martí de Riucorb,37,215,109,41,174,109,78,389,218
082264,Sant Martí de Tous,127,364,102,122,332,128,249,696,230
082270,Sant Martí Sarroca,259,1019,259,267,1014,312,526,2033,571
082286,Sant Martí Sesgueioles,31,137,32,31,120,44,62,257,76
171735,Sant Martí Vell,17,84,27,21,70,23,38,154,50
082299,Sant Mateu de Bages,31,213,88,36,163,113,67,376,201
171740,Sant Miquel de Campmajor,15,79,29,12,70,27,27,149,56
171753,Sant Miquel de Fluvià,52,293,65,55,263,70,107,556,135
171766,Sant Mori,13,69,15,12,52,16,25,121,31
171772,Sant Pau de Segúries,41,204,88,40,214,87,81,418,175
082310,Sant Pere de Ribes,2705,10276,1723,2638,9893,2104,5343,20169,3827
082325,Sant Pere de Riudebitlles,226,746,215,216,685,276,442,1431,491
082331,Sant Pere de Torelló,210,846,211,143,755,271,353,1601,482
082346,Sant Pere de Vilamajor,422,1411,287,431,1399,298,853,2810,585
171788,Sant Pere Pescador,184,802,156,159,665,172,343,1467,328
081897,Sant Pere Sallavinera,16,54,20,10,40,22,26,94,42
082359,Sant Pol de Mar,411,1621,472,380,1608,505,791,3229,977
082362,Sant Quintí de Mediona,201,661,203,179,631,226,380,1292,429
082378,Sant Quirze de Besora,144,672,238,147,616,331,291,1288,569
082384,Sant Quirze del Vallès,1973,6601,991,1925,6815,1244,3898,13416,2235
082397,Sant Quirze Safaja,64,243,38,73,193,33,137,436,71
251945,Sant Ramon,22,168,76,25,134,71,47,302,147
082401,Sant Sadurní d'Anoia,1126,4190,843,1124,4172,1135,2250,8362,1978
082418,Sant Sadurní d'Osormort,5,35,10,2,24,10,7,59,20
080983,Sant Salvador de Guardiola,296,1047,251,285,971,280,581,2018,531
082628,Sant Vicenç de Castellet,769,3181,684,704,2976,1012,1473,6157,1696
082649,Sant Vicenç de Montalt,668,1972,404,571,1973,419,1239,3945,823
082652,Sant Vicenç de Torelló,168,643,164,156,624,220,324,1267,384
082634,Sant Vicenç dels Horts,2467,9738,1834,2376,9353,2335,4843,19091,4169
431384,Santa Bàrbara,307,1266,377,270,1149,452,577,2415,829
082439,Santa Cecília de Voltregà,7,64,20,7,57,18,14,121,38
082444,Santa Coloma de Cervelló,862,2675,411,937,2625,528,1799,5300,939
171805,Santa Coloma de Farners,1123,4404,866,1108,4008,1092,2231,8412,1958
082457,Santa Coloma de Gramenet,9491,40373,9656,8867,37708,12643,18358,78081,22299
431397,Santa Coloma de Queralt,249,929,270,244,871,368,493,1800,638
171812,Santa Cristina d'Aro,456,1782,392,449,1689,426,905,3471,818
082460,Santa Eugènia de Berga,152,830,161,154,738,198,306,1568,359
082476,Santa Eulàlia de Riuprimer,121,437,79,115,402,105,236,839,184
082482,Santa Eulàlia de Ronçana,699,2355,523,632,2284,621,1331,4639,1144
082495,Santa Fe del Penedès,39,128,22,35,128,27,74,256,49
171827,Santa Llogaia d'Àlguema,33,135,20,19,113,21,52,248,41
082508,Santa Margarida de Montbui,893,3241,668,846,3137,856,1739,6378,1524
082515,Santa Margarida i els Monjos,777,2534,430,714,2390,492,1491,4924,922
082589,Santa Maria d'Oló,81,351,114,74,318,127,155,669,241
082536,Santa Maria de Besora,11,52,20,7,43,29,18,95,49
082567,Santa Maria de Martorelles,75,295,53,71,285,72,146,580,125
082554,Santa Maria de Merlès,19,55,15,15,59,14,34,114,29
082573,Santa Maria de Miralles,8,49,14,11,40,18,19,89,32
082592,Santa Maria de Palautordera,849,3173,618,765,2994,739,1614,6167,1357
431401,Santa Oliva,316,1103,248,276,1041,303,592,2144,551
171848,Santa Pau,112,526,154,96,521,158,208,1047,312
082606,Santa Perpètua de Mogoda,2620,8819,1468,2306,8367,1829,4926,17186,3297
082613,Santa Susanna,297,1125,240,270,1093,268,567,2218,508
081923,Santpedor,704,2474,513,642,2431,620,1346,4905,1133
431423,Sarral,120,562,148,141,446,178,261,1008,326
171864,Sarrià de Ter,405,1695,363,404,1598,472,809,3293,835
252017,Sarroca de Bellera,0,50,23,2,32,17,2,82,40
252000,Sarroca de Lleida,19,135,66,10,107,66,29,242,132
171870,"Saus, Camallera i Llampaies",57,267,78,65,257,91,122,524,169
431439,Savallà del Comtat,1,21,8,2,21,12,3,42,20
431444,"Secuita, la",146,581,110,149,546,133,295,1127,243
171886,"Selva de Mar, la",6,69,27,5,53,21,11,122,48
431457,"Selva del Camp, la",516,1928,374,487,1844,449,1003,3772,823
431460,Senan,3,21,9,3,13,4,6,34,13
430445,"Sénia, la",493,2001,490,421,1895,593,914,3896,1083
252022,Senterada,2,66,9,5,37,12,7,103,21
250352,"Sentiu de Sió, la",23,146,66,25,147,60,48,293,126
082671,Sentmenat,833,3038,507,757,2928,582,1590,5966,1089
171903,Serinyà,95,374,103,107,350,94,202,724,197
252043,Seròs,132,695,205,120,502,233,252,1197,438
171910,Serra de Daró,23,65,27,11,62,23,34,127,50
171925,Setcases,9,71,28,5,63,19,14,134,47
252038,"Seu d'Urgell, la",977,4068,923,913,4224,1261,1890,8292,2184
082690,Seva,338,1174,270,269,1105,332,607,2279,602
252056,Sidamon,63,256,52,52,220,63,115,476,115
171931,Sils,538,2008,422,508,1893,482,1046,3901,904
082704,Sitges,2220,9751,2058,2076,9478,2588,4296,19229,4646
170524,Siurana,8,47,19,8,46,22,16,93,41
082711,Sobremunt,1,26,9,7,28,12,8,54,21
252069,"Soleràs, el",19,115,51,29,80,65,48,195,116
431476,Solivella,52,193,85,44,185,94,96,378,179
252075,Solsona,783,3057,691,744,2839,953,1527,5896,1644
082726,Sora,11,68,18,10,53,15,21,121,33
252081,Soriguera,21,140,38,22,120,36,43,260,74
252094,Sort,186,757,170,177,728,219,363,1485,389
252108,Soses,155,613,148,130,528,180,285,1141,328
082732,Subirats,265,1023,267,231,930,313,496,1953,580
252115,Sudanell,53,337,95,46,237,104,99,574,199
252120,Sunyer,11,113,39,16,86,42,27,199,81
082747,Súria,399,1940,552,393,1873,842,792,3813,1394
171946,Susqueda,2,42,14,5,20,12,7,62,26
082763,Tagamanent,33,117,24,27,98,23,60,215,47
082779,Talamanca,11,50,19,8,40,13,19,90,32
252154,Talarn,20,156,40,28,120,49,48,276,89
252167,Talavera,18,90,40,10,64,45,28,154,85
171959,"Tallada d'Empordà, la",35,147,54,32,141,45,67,288,99
082785,Taradell,587,2066,470,481,1999,616,1068,4065,1086
431482,Tarragona,11197,44209,9246,10552,44121,12874,21749,88330,22120
252173,Tàrrega,1575,5634,1047,1447,5425,1459,3022,11059,2506
252189,Tarrés,9,36,17,4,28,11,13,64,28
252192,Tarroja de Segarra,10,60,20,8,50,25,18,110,45
082750,Tavèrnoles,25,108,27,21,109,27,46,217,54
082802,Tavertet,9,49,12,5,37,13,14,86,25
082819,Teià,513,2050,490,462,2016,610,975,4066,1100
252206,Térmens,87,536,146,87,487,193,174,1023,339
171962,Terrades,21,96,24,20,94,33,41,190,57
082798,Terrassa,19604,72735,14090,18476,70664,19948,38080,143399,34038
082824,Tiana,700,2773,507,770,2901,663,1470,5674,1170
252213,Tírvia,9,50,17,8,51,21,17,101,38
252228,Tiurana,4,20,12,3,25,12,7,45,24
431495,Tivenys,49,272,128,47,230,150,96,502,278
431508,Tivissa,104,543,224,104,530,255,208,1073,479
082830,Tona,722,2621,584,712,2606,767,1434,5227,1351
252234,Torà,73,415,115,62,388,149,135,803,264
082845,Tordera,1496,5530,1241,1387,5251,1440,2883,10781,2681
082858,Torelló,1135,4651,1070,1095,4601,1397,2230,9252,2467
252249,"Torms, els",9,44,28,5,32,30,14,76,58
252252,Tornabous,77,299,111,49,254,121,126,553,232
252271,"Torre de Cabdella, la",34,266,90,26,225,120,60,491,210
082861,"Torre de Claramunt, la",356,1358,254,331,1262,258,687,2620,512
431515,"Torre de Fontaubella, la",7,43,17,7,32,20,14,75,37
431520,"Torre de l'Espanyol, la",43,225,83,55,176,94,98,401,177
252265,Torrebesses,16,91,45,9,82,48,25,173,93
431536,Torredembarra,1256,5182,1184,1215,5172,1466,2471,10354,2650
252287,Torrefarrera,510,1560,198,442,1541,261,952,3101,459
259078,Torrefeta i Florejacs,34,192,89,31,165,90,65,357,179
252304,Torregrossa,149,757,227,146,651,305,295,1408,532
252311,Torrelameu,34,295,71,52,175,82,86,470,153
082877,Torrelavit,125,490,121,109,424,124,234,914,245
082883,Torrelles de Foix,196,799,211,172,705,225,368,1504,436
082896,Torrelles de Llobregat,583,2014,298,618,1977,361,1201,3991,659
171978,Torrent,8,57,24,12,51,18,20,108,42
252326,Torres de Segre,135,847,202,144,731,242,279,1578,444
252332,Torre-serona,23,131,43,30,105,56,53,236,99
171984,Torroella de Fluvià,49,260,53,52,230,60,101,490,113
171997,Torroella de Montgrí,969,3923,892,927,3644,1026,1896,7567,1918
431541,Torroja del Priorat,7,55,27,4,42,25,11,97,52
172001,Tortellà,44,245,81,62,238,102,106,483,183
431554,Tortosa,2709,11442,2846,2438,10756,3741,5147,22198,6587
172018,Toses,4,62,23,12,36,13,16,98,36
172023,Tossa de Mar,410,2018,469,370,1860,554,780,3878,1023
252347,Tremp,446,2131,568,448,1909,803,894,4040,1371
172044,Ullà,98,416,71,93,297,78,191,713,149
082900,Ullastrell,242,661,124,225,661,143,467,1322,267
172057,Ullastret,24,94,25,34,88,24,58,182,49
431567,Ulldecona,572,2411,568,525,2109,719,1097,4520,1287
431573,Ulldemolins,14,147,69,15,95,72,29,242,141
172039,Ultramort,18,69,24,13,53,27,31,122,51
172060,Urús,11,66,12,14,60,22,25,126,34
082917,Vacarisses,743,2116,356,637,1993,373,1380,4109,729
170144,"Vajol, la",6,36,6,3,28,7,9,64,13
172076,"Vall d'en Bas, la",243,985,257,239,922,319,482,1907,576
172082,"Vall de Bianya, la",103,448,106,114,410,124,217,858,230
250432,"Vall de Boí, la",53,384,91,57,332,75,110,716,166
259010,Vall de Cardós,24,144,42,25,108,41,49,252,83
082922,Vallbona d'Anoia,131,490,114,102,446,141,233,936,255
252385,Vallbona de les Monges,13,84,41,13,66,45,26,150,86
082938,Vallcebre,13,90,43,11,69,32,24,159,75
431589,Vallclara,8,39,17,8,32,12,16,71,29
252402,Vallfogona de Balaguer,142,644,144,158,635,165,300,1279,309
171707,Vallfogona de Ripollès,13,72,31,9,61,29,22,133,60
431592,Vallfogona de Riucorb,0,41,18,2,20,18,2,61,36
082943,Vallgorguina,294,944,143,264,893,161,558,1837,304
082956,Vallirana,1395,4872,1034,1399,4726,1186,2794,9598,2220
172095,Vall-llobrega,99,311,47,91,303,50,190,614,97
431606,Vallmoll,127,592,135,141,544,131,268,1136,266
082969,Vallromanes,288,848,134,273,820,156,561,1668,290
431613,Valls,2122,8376,1765,1992,7877,2438,4114,16253,4203
259062,"Valls d'Aguilar, les",16,94,46,13,90,39,29,184,85
252398,"Valls de Valira, les",47,301,81,45,299,76,92,600,157
431628,Vandellòs i l'Hospitalet de l'Infant,510,2061,440,489,2008,539,999,4069,979
259097,"Vansa i Fórnols, la",5,76,29,9,59,32,14,135,61
082975,Veciana,17,58,27,13,39,22,30,97,49
431634,"Vendrell, el",3246,12377,2722,3186,12012,3176,6432,24389,5898
172109,Ventalló,70,287,82,67,247,83,137,534,165
252424,Verdú,49,289,119,62,270,175,111,559,294
172116,Verges,85,381,106,93,370,160,178,751,266
431649,Vespella de Gaià,37,146,39,29,128,38,66,274,77
082981,Vic,4037,14206,2579,3657,13538,3939,7694,27744,6518
172121,Vidrà,14,61,12,11,54,17,25,115,29
172137,Vidreres,693,2715,573,639,2442,640,1332,5157,1213
252430,Vielha e Mijaran,422,2077,265,395,1974,341,817,4051,606
431652,Vilabella,50,282,84,57,226,106,107,508,190
172142,Vilabertran,79,302,87,74,276,95,153,578,182
172155,Vilablareix,227,873,150,198,911,170,425,1784,320
082994,Vilada,19,156,58,9,122,79,28,278,137
172174,Viladamat,26,149,52,33,132,48,59,281,100
172168,Viladasens,19,76,17,15,68,21,34,144,38
083015,Viladecans,6088,22180,4190,5775,21863,5262,11863,44043,9452
083008,Viladecavalls,682,2622,401,648,2589,453,1330,5211,854
172180,Vilademuls,70,254,84,60,231,88,130,485,172
172207,Viladrau,76,360,91,78,327,105,154,687,196
172214,Vilafant,474,1858,362,462,1874,451,936,3732,813
083054,Vilafranca del Penedès,3559,13130,2617,3375,12843,3697,6934,25973,6314
252445,Vilagrassa,50,170,47,38,162,47,88,332,94
172235,Vilajuïga,97,385,108,114,378,108,211,763,216
431750,Vilalba dels Arcs,33,208,111,35,181,114,68,389,225
083067,Vilalba Sasserra,71,236,40,73,218,68,144,454,108
252458,Vilaller,38,213,53,29,168,62,67,381,115
172240,Vilallonga de Ter,25,144,50,20,119,63,45,263,113
431665,Vilallonga del Camp,222,785,131,212,724,155,434,1509,286
172253,Vilamacolum,20,114,29,21,85,38,41,199,67
172266,Vilamalla,83,399,91,87,353,90,170,752,181
172272,Vilamaniscle,24,57,13,12,52,12,36,109,25
252477,Vilamòs,14,71,10,10,58,8,24,129,18
172288,Vilanant,36,132,31,40,126,34,76,258,65
431671,Vilanova d'Escornalbou,49,186,57,34,165,49,83,351,106
252483,Vilanova de Bellpuig,90,364,149,71,319,186,161,683,335
252496,Vilanova de l'Aguda,11,70,31,12,62,42,23,132,73
252542,Vilanova de la Barca,81,369,113,65,357,135,146,726,248
252509,Vilanova de Meià,18,143,63,21,109,68,39,252,131
431687,Vilanova de Prades,3,42,18,14,33,16,17,75,34
083036,Vilanova de Sau,17,106,33,10,110,38,27,216,71
252516,Vilanova de Segrià,60,348,79,56,289,98,116,637,177
083020,Vilanova del Camí,1229,4256,799,1097,4112,1013,2326,8368,1812
089024,Vilanova del Vallès,635,1776,260,568,1727,284,1203,3503,544
083073,Vilanova i la Geltrú,5309,21897,4863,5130,22196,6546,10439,44093,11409
431690,Vilaplana,31,232,62,37,204,64,68,436,126
431704,Vila-rodona,108,436,97,106,387,130,214,823,227
172305,Vila-sacra,57,220,50,65,211,78,122,431,128
252521,Vila-sana,57,241,59,55,212,82,112,453,141
431711,Vila-seca,2066,7925,1127,1965,7494,1346,4031,15419,2473
082140,Vilassar de Dalt,720,2949,706,710,2933,864,1430,5882,1570
082191,Vilassar de Mar,1769,6509,1458,1697,6812,1940,3466,13321,3398
172229,Vilaür,21,39,15,14,45,19,35,84,34
431726,Vilaverd,42,165,45,44,136,55,86,301,100
431732,"Vilella Alta, la",8,42,20,10,32,17,18,74,37
431747,"Vilella Baixa, la",17,65,25,15,51,29,32,116,54
172333,Vilobí d'Onyar,281,1106,253,273,950,273,554,2056,526
083041,Vilobí del Penedès,104,356,93,82,342,113,186,698,206
172327,Vilopriu,21,70,23,13,59,23,34,129,46
252537,"Vilosell, el",5,56,31,5,56,35,10,112,66
431763,Vimbodí i Poblet,73,325,141,43,245,137,116,570,278
252555,Vinaixa,34,176,68,24,158,86,58,334,154
431779,Vinebre,35,147,46,31,135,55,66,282,101
431785,Vinyols i els Arcs,158,658,144,168,606,138,326,1264,282
083089,Viver i Serrateix,17,49,25,13,50,20,30,99,45
430521,Xerta,72,397,137,78,378,188,150,775,325
,Catalunya,609792,2523167,568781,575594,2473067,768502,1185386,4996234,1337283

