Codi,Literal,Homes. De 0 a 14 anys,Homes. De 15 a 64 anys,Homes. 65 anys o més,Dones. De 0 a 14 anys,Dones. De 15 a 64 anys,Dones. 65 anys o més,Total. De 0 a 14 anys,Total. De 15 a 64 anys,Total. 65 anys o més
250019,Abella de la Conca,9,71,22,14,53,17,23,124,39
080018,Abrera,855,3952,470,830,3619,518,1685,7571,988
250024,Àger,18,163,89,9,132,80,27,295,169
250030,Agramunt,428,2054,418,334,1633,592,762,3687,1010
080023,Aguilar de Segarra,19,82,32,14,76,27,33,158,59
170010,Agullana,42,265,87,51,213,98,93,478,185
080142,Aiguafreda,168,797,186,166,771,285,334,1568,471
430017,Aiguamúrcia,49,298,82,48,245,75,97,543,157
170025,Aiguaviva,49,207,36,59,194,49,108,401,85
250387,Aitona,147,864,230,116,692,321,263,1556,551
250045,"Alamús, els",31,260,71,38,211,90,69,471,161
250058,Alàs i Cerc,25,144,48,23,112,52,48,256,100
250061,"Albagés, l'",32,161,70,29,134,66,61,295,136
170031,Albanyà,11,49,12,8,47,10,19,96,22
250077,Albatàrrec,131,574,109,110,467,128,241,1041,237
250083,Albesa,107,537,155,98,498,192,205,1035,347
250096,"Albi, l'",48,277,91,40,249,106,88,526,197
430022,Albinyana,176,754,174,166,687,183,342,1441,357
430038,"Albiol, l'",34,131,19,44,105,15,78,236,34
170046,Albons,51,229,49,28,196,67,79,425,116
430043,Alcanar,691,3466,818,549,3139,957,1240,6605,1775
250100,Alcanó,8,78,37,16,72,42,24,150,79
250117,Alcarràs,456,2145,481,408,1923,557,864,4068,1038
250122,Alcoletge,175,869,158,153,720,164,328,1589,322
430056,Alcover,350,1637,336,365,1414,398,715,3051,734
439044,"Aldea, l'",247,1378,370,219,1129,452,466,2507,822
430069,Aldover,38,298,105,48,271,133,86,569,238
430075,"Aleixar, l'",64,264,81,77,234,95,141,498,176
080039,Alella,702,3237,505,683,3279,607,1385,6516,1112
430081,Alfara de Carles,9,123,51,14,92,52,23,215,103
250138,Alfarràs,230,1182,302,229,962,369,459,2144,671
250143,Alfés,14,113,43,13,88,50,27,201,93
430094,Alforja,125,547,149,97,493,173,222,1040,322
250156,Algerri,19,145,74,11,132,86,30,277,160
250169,Alguaire,226,1101,280,181,963,337,407,2064,617
250175,Alins,9,84,37,10,62,49,19,146,86
430108,Alió,10,147,40,26,112,41,36,259,81
250194,Almacelles,416,2278,533,374,1827,660,790,4105,1193
250208,Almatret,14,145,73,17,96,98,31,241,171
250215,Almenar,224,1300,350,204,1065,433,428,2365,783
430115,Almoster,126,437,68,139,398,73,265,835,141
250220,Alòs de Balaguer,9,62,29,5,40,29,14,102,58
170062,Alp,90,604,77,99,509,88,189,1113,165
080044,Alpens,29,109,27,22,84,36,51,193,63
250236,Alpicat,436,1969,290,440,1841,386,876,3810,676
250241,Alt Àneu,33,176,52,24,128,44,57,304,96
430120,Altafulla,377,1546,219,366,1488,278,743,3034,497
170078,Amer,136,759,232,109,728,294,245,1487,526
430136,"Ametlla de Mar, l'",453,2390,610,452,2205,634,905,4595,1244
080057,"Ametlla del Vallès, l'",785,2629,342,702,2601,458,1487,5230,800
439060,"Ampolla, l'",155,905,273,126,880,274,281,1785,547
430141,Amposta,1409,6894,1418,1379,6264,1778,2788,13158,3196
170084,Anglès,368,1841,470,364,1592,576,732,3433,1046
250273,Anglesola,67,440,152,76,402,166,143,842,318
250292,Arbeca,170,839,283,135,742,343,305,1581,626
430167,"Arboç, l'",461,1799,326,343,1490,383,804,3289,709
430154,Arbolí,1,48,8,0,30,18,1,78,26
170097,Arbúcies,516,2406,446,442,1859,563,958,4265,1009
080060,Arenys de Mar,1057,4773,1025,913,4755,1493,1970,9528,2518
080076,Arenys de Munt,676,2715,468,664,2580,618,1340,5295,1086
170101,Argelaguer,43,138,44,28,117,48,71,255,92
080082,Argençola,13,80,22,13,60,21,26,140,43
430173,"Argentera, l'",5,67,17,6,44,16,11,111,33
080095,Argentona,1003,3878,648,946,3804,882,1949,7682,1530
170118,"Armentera, l'",46,250,86,35,240,113,81,490,199
430189,Arnes,22,145,100,17,138,88,39,283,188
250313,Arres,4,30,3,2,14,8,6,44,11
250328,Arsèguel,3,35,11,3,38,10,6,73,21
080109,Artés,406,1783,379,348,1645,511,754,3428,890
250334,Artesa de Lleida,105,507,144,93,421,181,198,928,325
250349,Artesa de Segre,257,1301,359,225,1141,413,482,2442,772
430192,Ascó,84,559,169,87,500,203,171,1059,372
250365,Aspa,14,77,44,14,74,46,28,151,90
250371,"Avellanes i Santa Linya, les",18,177,69,15,118,72,33,295,141
080116,Avià,144,696,185,141,654,238,285,1350,423
080121,Avinyó,169,723,172,163,636,259,332,1359,431
170123,Avinyonet de Puigventós,134,456,56,110,418,67,244,874,123
080137,Avinyonet del Penedès,127,602,125,106,473,158,233,1075,283
080155,Badalona,16123,82899,13095,15122,75573,18708,31245,158472,31803
089045,Badia del Vallès,1105,5035,864,1022,4943,1154,2127,9978,2018
080168,Bagà,118,723,232,125,684,296,243,1407,528
250390,Baix Pallars,17,130,64,23,100,47,40,230,111
250404,Balaguer,1243,5556,1149,1212,5084,1525,2455,10640,2674
080174,Balenyà,265,1258,217,294,1163,282,559,2421,499
080180,Balsareny,199,1148,290,209,1059,405,408,2207,695
430206,Banyeres del Penedès,225,966,142,201,864,159,426,1830,301
170157,Banyoles,1526,5982,1197,1451,5467,1686,2977,11449,2883
250411,Barbens,45,309,99,31,217,127,76,526,226
430213,Barberà de la Conca,36,179,48,28,147,65,64,326,113
082520,Barberà del Vallès,2338,10585,1414,2170,10318,1808,4508,20903,3222
080193,Barcelona,96385,536488,128997,91997,548871,202864,188382,1085359,331861
250426,"Baronia de Rialb, la",18,102,32,16,71,42,34,173,74
170160,Bàscara,67,317,94,35,274,113,102,591,207
250447,Bassella,20,79,35,15,71,36,35,150,71
430228,Batea,112,710,261,119,634,270,231,1344,531
250450,Bausen,0,18,15,0,7,12,0,25,27
080207,Begues,639,1997,224,596,1957,286,1235,3954,510
170139,Begur,312,1492,308,287,1350,327,599,2842,635
250463,Belianes,40,189,77,37,150,99,77,339,176
251706,Bellaguarda,19,100,65,10,93,65,29,193,130
170182,Bellcaire d'Empordà,48,226,64,49,210,75,97,436,139
250479,Bellcaire d'Urgell,57,402,172,74,384,206,131,786,378
250485,Bell-lloc d'Urgell,146,769,227,175,726,283,321,1495,510
250498,Bellmunt d'Urgell,13,65,30,19,67,31,32,132,61
430234,Bellmunt del Priorat,14,108,41,12,92,57,26,200,98
080214,Bellprat,3,36,15,6,30,9,9,66,24
250501,Bellpuig,314,1635,358,302,1365,480,616,3000,838
430249,Bellvei,134,671,126,125,553,139,259,1224,265
250518,Bellver de Cerdanya,113,733,156,124,586,194,237,1319,350
250523,Bellvís,135,826,267,127,668,337,262,1494,604
250539,Benavent de Segrià,102,468,80,122,399,78,224,867,158
430252,Benifallet,33,233,126,34,208,156,67,441,282
430265,Benissanet,71,428,135,55,371,145,126,799,280
080229,Berga,1085,5641,1452,1001,5229,2049,2086,10870,3501
170195,Besalú,140,739,228,148,717,285,288,1456,513
170209,Bescanó,350,1310,280,318,1272,329,668,2582,609
170216,Beuda,10,57,13,11,65,8,21,122,21
080235,Bigues i Riells del Fai,726,2804,375,649,2593,417,1375,5397,792
250557,Biosca,11,76,33,10,55,43,21,131,76
170221,"Bisbal d'Empordà, la",711,3234,663,710,3030,913,1421,6264,1576
430271,"Bisbal de Falset, la",15,85,38,14,75,39,29,160,77
430287,"Bisbal del Penedès, la",212,1042,222,203,900,236,415,1942,458
172348,Biure,11,87,22,21,69,26,32,156,48
430290,Blancafort,28,146,46,20,112,62,48,258,108
170237,Blanes,2928,13913,2349,2818,12818,2993,5746,26731,5342
170293,Boadella i les Escaules,13,78,21,12,78,28,25,156,49
170242,Bolvir,15,119,21,12,97,31,27,216,52
430304,Bonastre,31,204,47,42,160,50,73,364,97
250576,"Bòrdes, Es",18,92,21,10,90,16,28,182,37
170255,Bordils,127,555,113,117,490,152,244,1045,265
250582,"Borges Blanques, les",386,1936,513,331,1749,691,717,3685,1204
430311,"Borges del Camp, les",137,669,154,154,608,192,291,1277,346
170268,Borrassà,32,236,59,25,185,77,57,421,136
080240,Borredà,45,185,41,27,159,73,72,344,114
250595,Bossòst,72,389,78,63,354,87,135,743,165
430326,Bot,29,238,112,28,193,136,57,431,248
430332,Botarell,93,371,49,68,324,58,161,695,107
250560,Bovera,8,112,68,10,98,75,18,210,143
430347,Bràfim,37,249,55,30,202,77,67,451,132
170274,Breda,274,1284,320,284,1129,394,558,2413,714
080253,"Bruc, el",153,624,104,128,531,115,281,1155,219
080266,"Brull, el",18,78,21,13,71,18,31,149,39
170280,Brunyola i Sant Martí Sapresa,20,113,52,18,107,52,38,220,104
430350,Cabacés,15,121,47,21,85,53,36,206,100
250609,Cabanabona,4,29,22,4,30,26,8,59,48
170314,Cabanelles,13,95,27,8,70,27,21,165,54
170307,Cabanes,67,323,84,80,279,84,147,602,168
080272,"Cabanyes, les",74,290,39,83,254,51,157,544,90
250616,Cabó,5,35,20,2,26,16,7,61,36
430363,Cabra del Camp,81,339,88,60,305,71,141,644,159
080288,Cabrera d'Anoia,82,417,65,77,355,63,159,772,128
080291,Cabrera de Mar,372,1519,248,334,1431,270,706,2950,518
080305,Cabrils,689,2234,281,721,2273,338,1410,4507,619
170329,Cadaqués,209,1043,179,223,1026,242,432,2069,421
080312,Calaf,219,1265,273,223,1015,357,442,2280,630
430379,Calafell,1520,7658,1310,1395,7168,1470,2915,14826,2780
080348,Calders,63,281,80,71,258,80,134,539,160
080327,Caldes d'Estrac,180,917,171,174,874,291,354,1791,462
170335,Caldes de Malavella,476,1978,389,460,1885,486,936,3863,875
080333,Caldes de Montbui,1286,5689,1017,1200,5387,1362,2486,11076,2379
080351,Calella,1252,6368,1154,1205,5978,1716,2457,12346,2870
080370,Calldetenes,174,839,132,174,731,164,348,1570,296
080386,Callús,122,528,122,109,510,186,231,1038,308
080364,Calonge de Segarra,19,59,28,10,56,33,29,115,61
170340,Calonge i Sant Antoni,713,3395,719,695,3161,775,1408,6556,1494
250621,Camarasa,39,312,133,31,262,154,70,574,287
439039,Camarles,227,1192,316,222,1048,366,449,2240,682
430385,Cambrils,2308,10111,1496,2237,9845,1851,4545,19956,3347
170353,Camós,46,229,66,38,215,83,84,444,149
170366,Campdevànol,225,1163,378,180,1076,477,405,2239,855
170372,Campelles,1,44,11,3,37,10,4,81,21
080399,Campins,30,134,21,41,116,21,71,250,42
170388,Campllong,39,119,36,35,118,34,74,237,70
170391,Camprodon,127,835,255,143,757,321,270,1592,576
250637,Canejan,3,35,16,5,28,17,8,63,33
170405,Canet d'Adri,32,221,44,30,187,62,62,408,106
080403,Canet de Mar,979,4414,881,889,4275,1328,1868,8689,2209
080410,Canovelles,1187,5895,795,1113,5002,1020,2300,10897,1815
080425,Cànoves i Samalús,211,928,156,214,802,179,425,1730,335
170412,Cantallops,18,89,41,15,81,43,33,170,84
080431,Canyelles,320,1305,169,312,1164,170,632,2469,339
430398,Capafonts,0,42,18,2,32,20,2,74,38
430402,Capçanes,19,137,43,18,134,57,37,271,100
080446,Capellades,397,1838,407,387,1801,553,784,3639,960
170427,Capmany,27,165,62,29,148,63,56,313,125
080459,Capolat,2,29,7,5,18,11,7,47,18
080462,Cardedeu,1444,5460,805,1329,5399,1124,2773,10859,1929
080478,Cardona,287,1746,508,296,1621,768,583,3367,1276
080484,Carme,57,264,76,41,211,103,98,475,179
430419,Caseres,17,84,51,16,89,54,33,173,105
170448,Cassà de la Selva,699,3138,673,646,2733,891,1345,5871,1564
080497,Casserres,79,515,178,75,498,241,154,1013,419
080575,Castell de l'Areny,2,28,9,6,18,5,8,46,14
259046,Castell de Mur,10,47,26,10,44,26,20,91,52
250642,Castellar de la Ribera,13,44,22,11,48,24,24,92,46
080522,Castellar de n'Hug,9,78,16,7,65,23,16,143,39
080500,Castellar del Riu,12,55,16,11,44,10,23,99,26
080517,Castellar del Vallès,2016,7557,1114,1855,7298,1495,3871,14855,2609
080538,Castellbell i el Vilar,234,1232,258,216,1085,344,450,2317,602
080543,Castellbisbal,1139,4141,523,1069,3792,608,2208,7933,1131
080556,Castellcir,60,207,34,48,171,55,108,378,89
250674,Castelldans,46,380,122,50,268,138,96,648,260
080569,Castelldefels,4968,21825,2577,4754,21152,3387,9722,42977,5964
080581,Castellet i la Gornal,163,671,161,142,607,175,305,1278,336
170464,Castellfollit de la Roca,58,351,104,56,284,140,114,635,244
080608,Castellfollit de Riubregós,9,73,20,7,59,33,16,132,53
080594,Castellfollit del Boix,33,132,32,29,129,52,62,261,84
080615,Castellgalí,134,530,108,108,447,109,242,977,217
080620,Castellnou de Bages,81,326,41,70,280,39,151,606,80
250680,Castellnou de Seana,50,252,96,33,212,107,83,464,203
170470,Castelló d'Empúries,811,3661,708,779,3279,783,1590,6940,1491
250693,Castelló de Farfanya,21,194,78,25,161,85,46,355,163
080636,Castellolí,30,157,34,40,152,47,70,309,81
170486,Castell-Platja d'Aro,663,3766,606,614,3451,668,1277,7217,1274
250707,Castellserà,50,377,152,58,325,166,108,702,318
080641,Castellterçol,146,737,205,151,690,273,297,1427,478
430424,Castellvell del Camp,246,890,110,248,857,123,494,1747,233
080654,Castellví de la Marca,115,548,140,121,492,187,236,1040,327
080667,Castellví de Rosanes,131,549,87,154,492,92,285,1041,179
430430,"Catllar, el",321,1321,191,259,1243,184,580,2564,375
250714,Cava,0,24,10,1,15,6,1,39,16
171899,"Cellera de Ter, la",153,738,174,133,655,243,286,1393,417
170499,Celrà,365,1346,193,375,1265,239,740,2611,432
080673,Centelles,488,2280,482,463,2229,729,951,4509,1211
082687,Cercs,84,434,161,52,397,205,136,831,366
082665,Cerdanyola del Vallès,4501,21256,2990,4217,21095,3900,8718,42351,6890
080689,Cervelló,618,2923,380,561,2711,481,1179,5634,861
250729,Cervera,760,3476,617,756,2884,812,1516,6360,1429
250735,Cervià de les Garrigues,46,284,126,39,250,128,85,534,254
170502,Cervià de Ter,68,258,82,70,261,88,138,519,170
170519,Cistella,7,83,28,19,69,26,26,152,54
250740,Ciutadilla,19,77,32,4,63,28,23,140,60
250753,Clariana de Cardener,11,59,9,11,48,8,22,107,17
250766,"Cogul, el",6,76,35,8,56,30,14,132,65
170545,Colera,28,215,67,23,195,73,51,410,140
250772,Coll de Nargó,26,228,79,28,179,78,54,407,157
080692,Collbató,381,1325,153,328,1204,185,709,2529,338
430458,Colldejou,5,83,17,9,60,16,14,143,33
080706,Collsuspina,30,117,21,22,104,22,52,221,43
170558,Colomers,14,67,28,6,62,36,20,129,64
251636,"Coma i la Pedra, la",12,111,26,10,67,27,22,178,53
251615,Conca de Dalt,19,141,61,15,121,71,34,262,132
430461,Conesa,9,55,15,9,31,22,18,86,37
430477,Constantí,482,2281,356,433,1832,429,915,4113,785
080713,Copons,12,103,25,25,91,33,37,194,58
430483,Corbera d'Ebre,72,400,131,59,318,148,131,718,279
080728,Corbera de Llobregat,1232,4706,606,1093,4419,749,2325,9125,1355
250788,Corbins,93,536,104,79,392,143,172,928,247
170577,Corçà,78,452,103,66,445,117,144,897,220
080734,Cornellà de Llobregat,6017,29695,6132,5729,28437,8279,11746,58132,14411
170561,Cornellà del Terri,157,706,177,129,690,220,286,1396,397
430496,Cornudella de Montsant,50,359,104,57,274,135,107,633,239
430509,Creixell,206,978,233,177,888,276,383,1866,509
170583,Crespià,21,76,30,11,76,28,32,152,58
179011,"Cruïlles, Monells i Sant Sadurní de l'Heura",86,462,93,99,418,113,185,880,206
080749,Cubelles,1027,4578,711,798,3955,766,1825,8533,1477
250791,Cubells,25,114,64,27,101,70,52,215,134
430516,Cunit,749,3704,742,751,3349,738,1500,7053,1480
170600,Darnius,24,185,67,29,164,78,53,349,145
170617,Das,13,69,16,9,53,16,22,122,32
439018,Deltebre,741,3729,987,635,3547,1172,1376,7276,2159
080752,Dosrius,370,1680,186,400,1598,235,770,3278,421
430537,Duesaigües,11,83,34,8,49,26,19,132,60
170622,"Escala, l'",587,3204,761,541,2912,790,1128,6116,1551
080765,Esparreguera,1882,7881,1106,1646,7165,1465,3528,15046,2571
170638,Espinelves,14,70,24,9,51,31,23,121,55
250812,"Espluga Calba, l'",13,176,54,18,124,67,31,300,121
430542,"Espluga de Francolí, l'",265,1278,372,230,1221,491,495,2499,863
080771,Esplugues de Llobregat,3155,16547,3238,2895,16872,4101,6050,33419,7339
170643,Espolla,14,124,46,20,104,59,34,228,105
170656,Esponellà,31,150,38,32,141,45,63,291,83
250827,Espot,22,154,23,27,100,34,49,254,57
080787,"Espunyola, l'",17,82,38,18,85,32,35,167,70
082541,"Esquirol, l'",154,760,203,179,673,270,333,1433,473
250886,Estamariu,4,38,20,6,30,19,10,68,39
080790,"Estany, l'",20,118,46,17,121,61,37,239,107
250851,Estaràs,7,70,24,9,47,27,16,117,51
250864,Esterri d'Àneu,48,281,75,55,264,80,103,545,155
250870,Esterri de Cardós,0,24,8,5,23,9,5,47,17
430555,Falset,190,951,232,197,832,315,387,1783,547
170059,"Far d'Empordà, el",40,168,39,43,145,48,83,313,87
250899,Farrera,2,47,11,6,31,7,8,78,18
430568,"Fatarella, la",49,381,155,61,319,195,110,700,350
430574,"Febró, la",0,28,7,1,17,5,1,45,12
081347,Figaró-Montmany,72,371,83,75,292,126,147,663,209
080804,Fígols,2,12,10,1,10,7,3,22,17
259084,Fígols i Alinyà,5,83,49,3,66,48,8,149,97
430580,"Figuera, la",5,61,21,5,52,21,10,113,42
170669,Figueres,3247,13860,2529,3027,13252,3726,6274,27112,6255
430593,Figuerola del Camp,22,100,31,40,103,40,62,203,71
170675,Flaçà,57,346,91,65,325,113,122,671,204
430607,Flix,205,1398,421,191,1264,481,396,2662,902
250925,"Floresta, la",13,58,27,8,49,30,21,107,57
080826,Fogars de la Selva,125,479,85,130,440,79,255,919,164
080811,Fogars de Montclús,48,156,34,21,137,41,69,293,75
170681,Foixà,28,101,39,16,97,44,44,198,83
080832,Folgueroles,198,669,124,183,652,157,381,1321,281
250931,Fondarella,62,286,52,46,273,64,108,559,116
080847,Fonollosa,103,463,89,94,427,104,197,890,193
170694,Fontanals de Cerdanya,18,159,35,21,150,42,39,309,77
170708,Fontanilles,12,67,22,7,51,16,19,118,38
170715,Fontcoberta,81,426,67,100,432,75,181,858,142
080850,Font-rubí,106,470,160,100,399,159,206,869,319
250946,Foradada,10,75,31,4,53,24,14,128,55
179026,Forallac,113,621,130,111,592,179,224,1213,309
430614,Forès,0,19,13,0,12,13,0,31,26
170736,Fornells de la Selva,172,648,92,189,655,134,361,1303,226
170741,Fortià,32,209,54,47,172,68,79,381,122
080863,"Franqueses del Vallès, les",1314,6032,792,1239,5446,994,2553,11478,1786
430629,Freginals,24,154,58,20,129,59,44,283,117
250962,"Fuliola, la",66,412,143,69,371,174,135,783,317
250978,Fulleda,1,43,17,4,35,15,5,78,32
080902,Gaià,14,52,13,9,52,14,23,104,27
430635,"Galera, la",49,267,95,45,250,118,94,517,213
080879,Gallifa,21,80,13,17,72,13,38,152,26
430640,Gandesa,187,1130,287,190,927,370,377,2057,657
430653,Garcia,23,179,77,23,146,86,46,325,163
430666,"Garidells, els",13,67,20,13,66,17,26,133,37
080885,"Garriga, la",1215,4740,801,1184,4851,1151,2399,9591,1952
170754,Garrigàs,25,123,44,19,93,42,44,216,86
170767,Garrigoles,10,59,16,6,41,23,16,100,39
170773,Garriguella,55,248,74,38,232,84,93,480,158
080898,Gavà,3523,16063,2632,3395,15599,3319,6918,31662,5951
250984,Gavet de la Conca,12,82,51,10,93,61,22,175,112
080919,Gelida,526,2161,366,470,1964,489,996,4125,855
170789,Ger,34,165,42,23,160,26,57,325,68
259123,Gimenells i el Pla de la Font,71,399,118,55,332,143,126,731,261
430672,Ginestar,51,355,108,52,267,132,103,622,240
170792,Girona,7395,31491,4977,7072,31578,7377,14467,63069,12354
080924,Gironella,251,1539,511,281,1496,708,532,3035,1219
080930,Gisclareny,0,16,2,0,14,1,0,30,3
430688,Godall,39,243,117,42,212,118,81,455,235
250997,Golmés,122,536,127,112,512,151,234,1048,278
170806,Gombrèn,13,76,22,9,72,30,22,148,52
251001,Gósol,9,82,26,2,70,32,11,152,58
080945,"Granada, la",140,625,122,126,595,146,266,1220,268
251018,"Granadella, la",35,255,114,39,194,137,74,449,251
080958,Granera,1,41,10,0,17,6,1,58,16
251023,"Granja d'Escarp, la",55,388,109,46,305,139,101,693,248
080961,Granollers,4543,21432,3439,4295,20333,4898,8838,41765,8337
251039,Granyanella,6,59,24,7,57,19,13,116,43
251057,Granyena de les Garrigues,4,70,22,5,43,32,9,113,54
251044,Granyena de Segarra,2,49,26,2,39,31,4,88,57
430691,Gratallops,23,83,29,8,73,30,31,156,59
080977,Gualba,87,400,65,79,349,68,166,749,133
170813,Gualta,30,152,28,24,88,36,54,240,64
080996,Guardiola de Berguedà,67,308,109,49,273,125,116,581,234
430705,"Guiamets, els",17,120,38,17,83,55,34,203,93
170828,Guils de Cerdanya,24,173,29,27,151,34,51,324,63
251095,Guimerà,6,106,68,10,81,73,16,187,141
259031,"Guingueta d'Àneu, la",29,124,37,19,109,42,48,233,79
251109,Guissona,458,2083,242,428,1607,321,886,3690,563
251116,Guixers,3,61,18,3,36,16,6,97,34
081000,Gurb,221,803,140,213,765,154,434,1568,294
430712,Horta de Sant Joan,84,426,157,59,344,168,143,770,325
081017,"Hospitalet de Llobregat, l'",15365,87068,19274,14423,85994,26026,29788,173062,45300
081629,"Hostalets de Pierola, els",173,755,122,157,652,144,330,1407,266
170834,Hostalric,290,1334,228,275,1190,302,565,2524,530
081022,Igualada,2796,12853,2574,2654,12149,3791,5450,25002,6365
251155,Isona i Conca Dellà,73,368,172,44,304,178,117,672,350
170849,Isòvol,12,123,17,9,72,32,21,195,49
251137,Ivars d'Urgell,99,690,194,111,513,251,210,1203,445
251121,Ivars de Noguera,13,131,46,16,103,48,29,234,94
251142,Ivorra,7,44,17,4,43,29,11,87,46
170852,Jafre,18,149,46,12,106,55,30,255,101
170865,"Jonquera, la",210,1185,169,192,1047,217,402,2232,386
081038,Jorba,69,222,57,75,215,76,144,437,133
259101,Josa i Tuixén,11,60,20,5,59,21,16,119,41
170871,Juià,32,113,29,17,91,36,49,204,65
251180,Juncosa,24,200,77,32,131,82,56,331,159
251193,Juneda,217,1176,318,198,985,370,415,2161,688
251214,Les,63,333,49,56,324,78,119,657,127
251229,Linyola,172,905,236,169,814,287,341,1719,523
081043,"Llacuna, la",48,329,88,51,239,105,99,568,193
170887,Lladó,37,206,58,46,179,65,83,385,123
251235,Lladorre,7,69,25,12,74,24,19,143,49
251240,Lladurs,14,70,28,11,59,25,25,129,53
081056,"Llagosta, la",1030,5095,793,974,4751,1031,2004,9846,1824
170890,Llagostera,553,2567,541,544,2185,672,1097,4752,1213
170904,Llambilles,41,229,43,50,191,58,91,420,101
170911,Llanars,38,207,50,21,182,60,59,389,110
170926,Llançà,294,1608,385,308,1512,504,602,3120,889
251253,Llardecans,25,183,83,27,156,88,52,339,171
251266,Llavorsí,16,114,43,15,109,37,31,223,80
251207,Lleida,9203,44986,8158,8979,42466,11885,18182,87452,20043
170932,Llers,84,418,92,88,381,104,172,799,196
251272,Lles de Cerdanya,12,91,31,3,58,32,15,149,63
081075,Lliçà d'Amunt,1240,4657,732,1166,4372,771,2406,9029,1503
081081,Lliçà de Vall,549,2237,352,475,2084,336,1024,4321,688
251288,Llimiana,7,53,27,3,46,22,10,99,49
081069,Llinars del Vallès,745,3010,476,646,2880,668,1391,5890,1144
170947,Llívia,86,527,81,60,441,96,146,968,177
430727,"Lloar, el",6,35,20,2,32,16,8,67,36
251291,Llobera,13,80,25,6,62,36,19,142,61
430733,Llorac,6,40,13,5,32,20,11,72,33
430748,Llorenç del Penedès,185,691,140,181,696,180,366,1387,320
170950,Lloret de Mar,2623,13189,1456,2292,11365,1803,4915,24554,3259
170963,"Llosses, les",13,94,27,10,80,22,23,174,49
081094,Lluçà,19,95,21,20,72,26,39,167,47
171024,Maçanet de Cabrenys,27,247,92,31,198,105,58,445,197
171030,Maçanet de la Selva,446,2113,366,448,1922,417,894,4035,783
170979,Madremanya,10,69,23,18,77,25,28,146,48
170985,Maià de Montcal,28,127,42,19,123,40,47,250,82
251333,Maials,50,313,131,50,259,170,100,572,301
251305,Maldà,18,81,53,13,81,39,31,162,92
081108,Malgrat de Mar,1314,6321,1234,1178,5854,1630,2492,12175,2864
081115,Malla,15,87,18,14,100,23,29,187,41
081120,Manlleu,1749,7063,1347,1606,6333,1881,3355,13396,3228
081136,Manresa,5223,24437,5620,4790,23203,8499,10013,47640,14119
430764,Marçà,43,199,86,41,191,93,84,390,179
430751,Margalef,9,43,18,3,32,23,12,75,41
082423,Marganell,18,89,23,19,96,43,37,185,66
081141,Martorell,2246,9831,1505,2064,8489,2035,4310,18320,3540
081154,Martorelles,367,1786,358,313,1677,437,680,3463,795
430770,Mas de Barberans,31,227,84,32,205,100,63,432,184
171002,Masarac,16,89,28,16,79,37,32,168,65
430786,Masdenverge,62,388,119,72,318,118,134,706,237
081167,"Masies de Roda, les",44,269,59,45,254,71,89,523,130
081173,"Masies de Voltregà, les",266,1063,201,262,1059,274,528,2122,475
430799,Masllorenç,33,177,48,35,138,69,68,315,117
081189,"Masnou, el",1663,7579,1291,1571,7720,2009,3234,15299,3300
430803,"Masó, la",6,95,34,17,93,35,23,188,69
430810,Maspujols,44,166,61,48,150,60,92,316,121
081192,Masquefa,712,2673,382,708,2492,447,1420,5165,829
430825,"Masroig, el",34,170,68,24,157,85,58,327,153
251312,Massalcoreig,40,235,71,35,162,92,75,397,163
171019,Massanes,41,253,54,45,208,59,86,461,113
251327,Massoteres,16,84,23,17,61,24,33,145,47
081206,Matadepera,961,2777,387,770,2763,511,1731,5540,898
081213,Mataró,9049,43463,7171,8425,40507,10133,17474,83970,17304
081228,Mediona,152,753,197,135,632,214,287,1385,411
251348,Menàrguens,43,288,119,48,235,130,91,523,249
170998,Meranges,4,34,15,1,21,11,5,55,26
171058,Mieres,26,119,30,25,89,42,51,208,72
430831,"Milà, el",9,56,19,15,59,22,24,115,41
251351,Miralcamp,79,458,122,80,422,149,159,880,271
430846,Miravet,46,298,75,37,218,122,83,516,197
081385,Moià,481,1922,358,437,1716,485,918,3638,843
430859,"Molar, el",19,101,46,11,78,47,30,179,93
081234,Molins de Rei,1852,8244,1415,1779,8156,1928,3631,16400,3343
251370,Mollerussa,1078,4769,708,974,4073,967,2052,8842,1675
171061,Mollet de Peralada,6,60,19,7,46,34,13,106,53
081249,Mollet del Vallès,4208,19511,2551,4065,18001,3377,8273,37512,5928
171077,Molló,11,115,39,12,103,49,23,218,88
251364,"Molsosa, la",5,42,13,6,45,16,11,87,29
081287,Monistrol de Calders,48,238,62,47,223,73,95,461,135
081271,Monistrol de Montserrat,195,1048,247,134,920,296,329,1968,543
171096,Montagut i Oix,59,309,100,64,262,109,123,571,209
430862,Montblanc,504,2400,518,427,2215,703,931,4615,1221
430884,Montbrió del Camp,138,621,157,125,541,192,263,1162,349
081252,Montcada i Reixac,2635,11498,1905,2534,10992,2589,5169,22490,4494
081304,Montclar,10,31,13,9,38,15,19,69,28
251399,Montellà i Martinet,36,222,66,25,177,80,61,399,146
081311,Montesquiu,49,313,86,50,261,116,99,574,202
251403,Montferrer i Castellbò,54,377,81,57,303,72,111,680,153
430897,Montferri,22,85,31,22,74,24,44,159,55
251386,Montgai,44,241,102,43,212,130,87,453,232
081265,Montgat,686,3420,511,682,3408,720,1368,6828,1231
081326,Montmajor,28,159,56,17,150,53,45,309,109
081332,Montmaneu,7,77,25,11,53,28,18,130,53
430901,"Montmell, el",90,455,92,83,375,80,173,830,172
081350,Montmeló,733,3207,523,676,3093,689,1409,6300,1212
251425,Montoliu de Lleida,34,172,52,18,156,66,52,328,118
251410,Montoliu de Segarra,7,69,30,2,48,30,9,117,60
251431,Montornès de Segarra,1,26,23,5,33,17,6,59,40
081363,Montornès del Vallès,1177,5537,772,1182,4889,959,2359,10426,1731
430918,Mont-ral,11,78,10,3,67,10,14,145,20
171100,Mont-ras,143,702,122,145,610,119,288,1312,241
430923,Mont-roig del Camp,650,3537,697,667,3192,713,1317,6729,1410
081379,Montseny,13,116,34,12,94,30,25,210,64
430939,Móra d'Ebre,399,1678,441,383,1647,550,782,3325,991
430944,Móra la Nova,230,1179,258,220,1000,329,450,2179,587
430957,"Morell, el",230,1007,178,225,861,203,455,1868,381
430960,"Morera de Montsant, la",10,66,19,9,46,15,19,112,34
081290,Muntanyola,42,179,26,45,153,19,87,332,45
081398,Mura,12,95,20,14,71,21,26,166,41
251459,Nalec,5,31,13,3,32,18,8,63,31
250254,Naut Aran,123,701,94,118,595,101,241,1296,195
081402,Navarcles,413,1962,455,390,1907,596,803,3869,1051
081419,Navàs,423,1935,520,377,1849,706,800,3784,1226
171117,Navata,84,314,90,93,307,92,177,621,182
251462,Navès,16,80,31,16,86,33,32,166,64
081424,"Nou de Berguedà, la",16,46,21,15,43,21,31,89,42
430976,"Nou de Gaià, la",35,152,42,37,133,50,72,285,92
430982,Nulles,16,144,32,19,118,53,35,262,85
251484,Odèn,11,102,45,6,77,34,17,179,79
081430,Òdena,282,1073,210,239,1039,257,521,2112,467
171122,Ogassa,18,108,26,11,75,27,29,183,53
081458,Olèrdola,299,1148,169,249,1003,216,548,2151,385
081461,Olesa de Bonesvalls,119,583,93,117,500,94,236,1083,187
081477,Olesa de Montserrat,1894,7801,1296,1699,7284,1740,3593,15085,3036
251497,Oliana,109,677,197,95,623,238,204,1300,435
251500,Oliola,14,100,28,8,68,28,22,168,56
251517,Olius,63,232,50,57,226,58,120,458,108
081483,Olivella,231,1006,104,217,853,104,448,1859,208
081496,Olost,84,378,129,62,367,167,146,745,296
171143,Olot,2301,11099,2643,2109,9955,3825,4410,21054,6468
251522,"Oluges, les",2,60,29,6,49,28,8,109,57
081445,Olvan,52,302,100,49,282,137,101,584,237
251538,"Omellons, els",10,79,42,11,80,30,21,159,72
251543,"Omells de na Gaia, els",8,59,27,5,41,19,13,100,46
171156,Ordis,27,129,29,28,108,32,55,237,61
251556,Organyà,43,319,114,46,287,152,89,606,266
081509,Orís,16,101,24,23,95,25,39,196,49
081516,Oristà,26,191,75,20,197,84,46,388,159
081521,Orpí,10,66,21,14,62,17,24,128,38
081537,Òrrius,6,120,27,7,93,42,13,213,69
251569,Os de Balaguer,60,312,122,66,257,107,126,569,229
171169,Osor,20,118,60,13,108,71,33,226,131
251575,Ossó de Sió,10,76,32,17,71,30,27,147,62
081542,Pacs del Penedès,54,292,46,69,270,56,123,562,102
081555,Palafolls,710,2728,363,678,2670,434,1388,5398,797
171175,Palafrugell,1654,7841,1455,1493,6879,1985,3147,14720,3440
171181,Palamós,1326,6005,1191,1255,5790,1630,2581,11795,2821
251581,"Palau d'Anglesola, el",131,672,158,129,572,221,260,1244,379
171194,Palau de Santa Eulàlia,5,40,8,2,27,9,7,67,17
171215,Palau-sator,13,106,31,8,84,38,21,190,69
171208,Palau-saverdera,65,412,126,69,385,140,134,797,266
081568,Palau-solità i Plegamans,1182,4992,612,1171,4607,746,2353,9599,1358
431009,"Pallaresos, els",378,1245,104,360,1143,116,738,2388,220
081574,Pallejà,973,3862,491,873,3679,657,1846,7541,1148
430995,"Palma d'Ebre, la",17,113,60,19,116,73,36,229,133
089058,"Palma de Cervelló, la",261,1103,137,234,1063,190,495,2166,327
171236,Palol de Revardit,40,149,40,35,124,41,75,273,81
171241,Pals,142,828,261,118,755,296,260,1583,557
081580,"Papiol, el",277,1381,229,293,1255,298,570,2636,527
171254,Pardines,12,45,23,6,44,19,18,89,42
081593,Parets del Vallès,1414,6142,846,1342,5621,1048,2756,11763,1894
171267,Parlavà,20,130,35,12,107,48,32,237,83
431016,Passanant i Belltall,1,58,34,4,42,35,5,100,69
171289,Pau,37,181,42,28,161,52,65,342,94
431021,Paüls,26,190,85,32,179,90,58,369,175
171292,Pedret i Marzà,13,53,14,9,51,14,22,104,28
251641,Penelles,27,196,74,22,124,82,49,320,156
171306,"Pera, la",24,153,47,31,130,51,55,283,98
081607,Perafita,20,129,38,27,110,55,47,239,93
431037,Perafort,83,347,50,53,316,52,136,663,102
171328,Peralada,111,590,135,124,509,156,235,1099,291
251654,Peramola,23,127,53,17,101,56,40,228,109
431042,"Perelló, el",136,898,293,128,737,312,264,1635,605
081614,Piera,1173,4627,868,1064,4137,1082,2237,8764,1950
431055,"Piles, les",11,80,21,15,54,15,26,134,36
081635,Pineda de Mar,1970,9489,1624,1770,8608,2043,3740,18097,3667
431068,"Pinell de Brai, el",67,373,131,60,315,166,127,688,297
251667,Pinell de Solsonès,9,77,24,13,56,25,22,133,49
251673,Pinós,18,117,44,15,95,33,33,212,77
431074,Pira,39,154,43,43,145,51,82,299,94
431080,"Pla de Santa Maria, el",174,724,163,124,631,193,298,1355,356
081640,"Pla del Penedès, el",65,317,94,53,277,125,118,594,219
171334,"Planes d'Hostoles, les",117,567,229,100,527,258,217,1094,487
171349,Planoles,12,104,35,11,84,35,23,188,70
259118,"Plans de Sió, els",30,181,86,24,149,100,54,330,186
251689,"Poal, el",38,237,78,30,180,97,68,417,175
251692,"Pobla de Cérvoles, la",13,89,36,17,63,32,30,152,68
081653,"Pobla de Claramunt, la",182,785,147,163,640,195,345,1425,342
081666,"Pobla de Lillet, la",53,433,154,41,409,237,94,842,391
431093,"Pobla de Mafumet, la",130,521,73,128,513,100,258,1034,173
431107,"Pobla de Massaluca, la",13,136,67,13,111,67,26,247,134
431114,"Pobla de Montornès, la",172,884,182,161,760,180,333,1644,362
251713,"Pobla de Segur, la",170,1021,363,154,881,461,324,1902,824
431129,Poboleda,14,140,46,10,89,54,24,229,100
081672,Polinyà,603,2646,214,586,2435,280,1189,5081,494
431135,"Pont d'Armentera, el",31,194,71,28,176,80,59,370,151
250306,"Pont de Bar, el",11,70,28,12,48,24,23,118,52
171352,Pont de Molins,27,157,39,20,144,32,47,301,71
251734,"Pont de Suert, el",151,835,215,121,725,270,272,1560,485
081825,"Pont de Vilomara i Rocafort, el",285,1210,213,253,1088,261,538,2298,474
431418,Pontils,3,47,21,8,47,13,11,94,34
081688,Pontons,36,198,39,28,148,49,64,346,88
171365,Pontós,12,79,28,9,60,29,21,139,57
251728,Ponts,195,842,250,158,816,306,353,1658,556
171371,Porqueres,341,1423,290,361,1442,297,702,2865,587
431140,Porrera,38,169,59,17,139,66,55,308,125
171404,"Port de la Selva, el",61,302,97,38,304,106,99,606,203
171387,Portbou,48,452,175,56,387,229,104,839,404
251749,"Portella, la",45,347,65,25,245,69,70,592,134
431153,Pradell de la Teixeta,4,64,20,10,55,25,14,119,45
431166,Prades,41,210,72,32,180,87,73,390,159
431172,Prat de Comte,14,53,30,9,58,32,23,111,62
081691,"Prat de Llobregat, el",4664,23049,3813,4287,22290,4966,8951,45339,8779
431188,Pratdip,36,251,96,33,200,99,69,451,195
081712,Prats de Lluçanès,204,923,265,194,831,336,398,1754,601
081705,"Prats de Rei, els",28,192,51,21,165,75,49,357,126
251752,Prats i Sansor,18,102,13,9,68,16,27,170,29
251765,Preixana,19,131,67,23,108,74,42,239,141
251771,Preixens,28,149,79,33,133,92,61,282,171
082303,Premià de Dalt,835,3550,528,822,3484,671,1657,7034,1199
081727,Premià de Mar,2208,10124,1586,2047,9627,2268,4255,19751,3854
171390,"Preses, les",128,575,130,135,569,155,263,1144,285
251790,Prullans,9,69,32,15,71,28,24,140,60
171411,Puigcerdà,798,3313,517,632,2909,690,1430,6222,1207
081748,Puigdàlber,26,134,20,34,126,37,60,260,57
251804,Puiggròs,29,100,31,17,83,38,46,183,69
431191,Puigpelat,86,304,46,65,269,59,151,573,105
081751,Puig-reig,221,1375,463,222,1268,653,443,2643,1116
251811,Puigverd d'Agramunt,20,92,35,16,77,28,36,169,63
251826,Puigverd de Lleida,98,427,115,88,390,141,186,817,256
081764,Pujalt,13,62,26,8,67,27,21,129,53
081770,"Quar, la",1,26,8,0,19,7,1,45,15
171426,Quart,216,1001,144,180,924,172,396,1925,316
170433,Queralbs,15,67,31,9,50,26,24,117,57
431205,Querol,31,160,27,27,146,25,58,306,52
171432,Rabós,12,70,15,10,67,20,22,137,35
081786,Rajadell,31,171,49,27,148,41,58,319,90
431212,Rasquera,50,300,130,48,270,136,98,570,266
171447,Regencós,17,117,35,22,81,32,39,198,67
081799,Rellinars,51,226,53,49,222,52,100,448,105
431227,Renau,5,35,4,9,32,8,14,67,12
431233,Reus,8281,36268,6148,7942,34445,8683,16223,70713,14831
251832,Rialp,40,266,35,38,219,51,78,485,86
431248,"Riba, la",44,256,73,27,198,84,71,454,157
431251,Riba-roja d'Ebre,70,471,165,58,384,205,128,855,370
259059,Ribera d'Ondara,24,169,62,22,125,74,46,294,136
251850,Ribera d'Urgellet,64,353,98,46,300,110,110,653,208
171450,Ribes de Freser,108,656,229,88,609,327,196,1265,556
171463,Riells i Viabrea,327,1214,145,293,1110,149,620,2324,294
431264,"Riera de Gaià, la",115,481,89,98,425,124,213,906,213
251863,Riner,14,87,36,17,90,30,31,177,66
171479,Ripoll,691,3677,999,588,3478,1399,1279,7155,2398
081803,Ripollet,2964,13205,1853,2743,12233,2429,5707,25438,4282
259139,Riu de Cerdanya,2,37,8,5,31,11,7,68,19
171485,Riudarenes,126,652,141,117,569,156,243,1221,297
171498,Riudaura,22,162,30,16,141,46,38,303,76
431270,Riudecanyes,62,297,88,58,274,99,120,571,187
431286,Riudecols,77,420,93,73,351,119,150,771,212
171501,Riudellots de la Selva,145,666,141,123,608,166,268,1274,307
431299,Riudoms,511,2030,468,453,1901,562,964,3931,1030
171518,Riumors,11,53,27,4,48,29,15,101,56
081810,"Roca del Vallès, la",803,3457,499,784,3291,584,1587,6748,1083
431303,Rocafort de Queralt,13,90,35,9,66,51,22,156,86
431310,Roda de Berà,373,1988,386,365,1700,384,738,3688,770
081831,Roda de Ter,435,1857,403,399,1816,625,834,3673,1028
431325,Rodonyà,36,167,46,35,127,63,71,294,109
431331,Roquetes,586,2723,582,515,2345,693,1101,5068,1275
171523,Roses,1477,6137,1082,1382,5843,1252,2859,11980,2334
251898,Rosselló,212,932,164,187,767,216,399,1699,380
431346,"Rourell, el",25,122,30,32,98,47,57,220,77
081846,Rubí,5739,26163,3542,5325,24524,4713,11064,50687,8255
081859,Rubió,7,56,18,15,35,15,22,91,33
171539,Rupià,14,76,23,12,59,29,26,135,52
089019,Rupit i Pruit,11,120,33,16,114,45,27,234,78
081878,Sabadell,14983,69702,13627,14303,68229,19701,29286,137931,33328
081884,Sagàs,13,43,14,12,44,17,25,87,31
251902,Salàs de Pallars,12,109,47,6,88,68,18,197,115
081901,Saldes,18,132,30,12,106,28,30,238,58
171544,Sales de Llierca,7,51,5,18,44,3,25,95,8
081918,Sallent,405,2354,687,456,2240,1004,861,4594,1691
431359,Salomó,30,150,48,27,117,67,57,267,115
439057,Salou,1629,9368,893,1468,7781,1023,3097,17149,1916
171557,Salt,2486,10991,1429,2268,8840,2003,4754,19831,3432
251919,Sanaüja,27,140,62,32,112,75,59,252,137
081944,Sant Adrià de Besòs,2681,11133,2188,2530,10961,3092,5211,22094,5280
081957,Sant Agustí de Lluçanès,7,36,13,6,35,10,13,71,23
081960,Sant Andreu de la Barca,2332,9686,1055,2077,8972,1261,4409,18658,2316
081976,Sant Andreu de Llavaneres,971,3339,532,846,3139,636,1817,6478,1168
171576,Sant Andreu Salou,14,41,18,17,44,22,31,85,40
171833,Sant Aniol de Finestres,17,106,29,23,86,28,40,192,57
081982,Sant Antoni de Vilamajor,421,1745,294,420,1658,339,841,3403,633
081995,Sant Bartomeu del Grau,79,376,72,84,302,88,163,678,160
082009,Sant Boi de Llobregat,6080,29389,5014,5812,28480,6593,11892,57869,11607
082016,Sant Boi de Lluçanès,27,198,66,28,167,89,55,365,155
431362,Sant Carles de la Ràpita,949,4645,1143,961,4402,1388,1910,9047,2531
082037,Sant Cebrià de Vallalta,241,1159,133,228,978,134,469,2137,267
082021,Sant Celoni,1235,5504,1084,1216,5129,1376,2451,10633,2460
082042,Sant Climent de Llobregat,309,1282,181,298,1218,228,607,2500,409
171582,Sant Climent Sescebes,41,147,62,31,141,60,72,288,122
082055,Sant Cugat del Vallès,7979,25106,3114,7454,25928,4193,15433,51034,7307
082068,Sant Cugat Sesgarrigues,77,310,77,77,268,81,154,578,158
251961,Sant Esteve de la Sarga,6,63,30,2,35,19,8,98,49
082074,Sant Esteve de Palautordera,183,738,98,251,685,124,434,1423,222
082080,Sant Esteve Sesrovires,577,2472,333,589,2251,368,1166,4723,701
171595,Sant Feliu de Buixalleu,58,273,71,45,228,81,103,501,152
082107,Sant Feliu de Codines,433,1997,359,428,1699,496,861,3696,855
171609,Sant Feliu de Guíxols,1616,7199,1522,1580,6960,1990,3196,14159,3512
082114,Sant Feliu de Llobregat,3274,15267,2314,3266,15123,3242,6540,30390,5556
171616,Sant Feliu de Pallerols,86,428,117,92,391,158,178,819,275
082129,Sant Feliu Sasserra,35,214,57,43,193,80,78,407,137
171621,Sant Ferriol,20,67,20,8,58,21,28,125,41
082093,Sant Fost de Campsentelles,604,2735,425,523,2581,541,1127,5316,966
082135,Sant Fruitós de Bages,650,2651,400,563,2425,510,1213,5076,910
171637,Sant Gregori,256,1048,201,238,997,211,494,2045,412
251924,Sant Guim de Freixenet,63,357,104,63,335,135,126,692,239
251977,Sant Guim de la Plana,16,67,24,12,52,28,28,119,52
171642,Sant Hilari Sacalm,351,1997,441,322,1704,570,673,3701,1011
082153,Sant Hipòlit de Voltregà,275,1104,286,238,1018,398,513,2122,684
081939,Sant Iscle de Vallalta,112,414,78,121,359,82,233,773,160
439023,Sant Jaume d'Enveja,227,1142,342,203,1053,401,430,2195,743
082166,Sant Jaume de Frontanyà,1,10,4,2,14,1,3,24,5
171655,Sant Jaume de Llierca,39,267,103,57,227,122,96,494,225
431378,Sant Jaume dels Domenys,169,713,164,140,608,204,309,1321,368
171674,Sant Joan de les Abadesses,197,1227,364,188,1051,538,385,2278,902
171680,Sant Joan de Mollet,46,152,47,36,156,50,82,308,97
082188,Sant Joan de Vilatorrada,859,3680,695,717,3556,855,1576,7236,1550
082172,Sant Joan Despí,2784,11147,1629,2533,11254,2138,5317,22401,3767
171851,Sant Joan les Fonts,144,946,257,125,850,330,269,1796,587
171668,Sant Jordi Desvalls,42,211,61,40,189,89,82,400,150
089030,Sant Julià de Cerdanyola,22,80,35,18,76,28,40,156,63
171693,Sant Julià de Ramis,226,970,167,218,894,181,444,1864,348
082205,Sant Julià de Vilatorta,253,962,155,248,965,226,501,1927,381
179032,Sant Julià del Llor i Bonmatí,78,402,78,79,341,115,157,743,193
082212,Sant Just Desvern,1266,5025,958,1279,5503,1296,2545,10528,2254
082227,Sant Llorenç d'Hortons,189,744,148,172,695,178,361,1439,326
171714,Sant Llorenç de la Muga,11,72,19,10,57,27,21,129,46
251930,Sant Llorenç de Morunys,46,336,112,45,279,132,91,615,244
082233,Sant Llorenç Savall,168,777,210,173,681,262,341,1458,472
082251,Sant Martí d'Albars,5,41,11,5,35,17,10,76,28
082248,Sant Martí de Centelles,83,325,61,79,280,79,162,605,140
171729,Sant Martí de Llémena,41,180,47,50,162,40,91,342,87
259025,Sant Martí de Riucorb,31,243,102,26,197,110,57,440,212
082264,Sant Martí de Tous,104,353,105,87,325,127,191,678,232
082270,Sant Martí Sarroca,218,987,252,200,897,295,418,1884,547
082286,Sant Martí Sesgueioles,28,123,34,31,100,45,59,223,79
171735,Sant Martí Vell,21,77,18,13,59,21,34,136,39
082299,Sant Mateu de Bages,36,212,89,26,176,122,62,388,211
171740,Sant Miquel de Campmajor,12,83,22,14,67,20,26,150,42
171753,Sant Miquel de Fluvià,51,241,55,49,203,72,100,444,127
171766,Sant Mori,6,62,12,10,58,16,16,120,28
171772,Sant Pau de Segúries,35,219,81,34,200,97,69,419,178
082310,Sant Pere de Ribes,2353,9923,1300,2321,9354,1608,4674,19277,2908
082325,Sant Pere de Riudebitlles,176,774,186,160,724,226,336,1498,412
082331,Sant Pere de Torelló,162,787,182,126,754,253,288,1541,435
082346,Sant Pere de Vilamajor,332,1260,217,357,1188,224,689,2448,441
171788,Sant Pere Pescador,153,703,132,103,547,166,256,1250,298
081897,Sant Pere Sallavinera,7,57,23,8,49,27,15,106,50
082359,Sant Pol de Mar,394,1731,308,360,1629,351,754,3360,659
082362,Sant Quintí de Mediona,166,730,173,121,632,217,287,1362,390
082378,Sant Quirze de Besora,121,667,226,122,630,303,243,1297,529
082384,Sant Quirze del Vallès,1658,6206,613,1661,6121,879,3319,12327,1492
082397,Sant Quirze Safaja,51,224,27,51,202,24,102,426,51
251945,Sant Ramon,33,192,77,22,162,79,55,354,156
082401,Sant Sadurní d'Anoia,991,4017,760,983,3846,1020,1974,7863,1780
082418,Sant Sadurní d'Osormort,8,33,11,4,27,6,12,60,17
080983,Sant Salvador de Guardiola,235,1047,177,244,965,195,479,2012,372
082628,Sant Vicenç de Castellet,520,2682,585,541,2538,969,1061,5220,1554
082649,Sant Vicenç de Montalt,579,1785,244,520,1716,283,1099,3501,527
082652,Sant Vicenç de Torelló,174,594,154,143,615,231,317,1209,385
082634,Sant Vicenç dels Horts,2274,9777,1512,2229,9331,1896,4503,19108,3408
431384,Santa Bàrbara,260,1246,377,261,1116,455,521,2362,832
082439,Santa Cecília de Voltregà,14,71,22,13,64,15,27,135,37
082444,Santa Coloma de Cervelló,716,2639,306,703,2524,426,1419,5163,732
171805,Santa Coloma de Farners,845,3826,746,813,3398,937,1658,7224,1683
082457,Santa Coloma de Gramenet,8064,44449,8070,7271,40971,10231,15335,85420,18301
431397,Santa Coloma de Queralt,250,1026,242,243,933,341,493,1959,583
171812,Santa Cristina d'Aro,361,1520,283,356,1394,300,717,2914,583
082460,Santa Eugènia de Berga,128,879,142,140,716,173,268,1595,315
082476,Santa Eulàlia de Riuprimer,79,322,76,59,297,93,138,619,169
082482,Santa Eulàlia de Ronçana,512,2151,399,469,2101,479,981,4252,878
082495,Santa Fe del Penedès,34,123,23,34,110,26,68,233,49
171827,Santa Llogaia d'Àlguema,22,121,22,28,99,21,50,220,43
082508,Santa Margarida de Montbui,798,3515,570,761,3296,775,1559,6811,1345
082515,Santa Margarida i els Monjos,504,2466,299,491,2063,398,995,4529,697
082589,Santa Maria d'Oló,58,379,99,62,349,125,120,728,224
082536,Santa Maria de Besora,10,62,22,10,55,28,20,117,50
082567,Santa Maria de Martorelles,70,284,49,68,261,56,138,545,105
082554,Santa Maria de Merlès,10,50,16,12,53,11,22,103,27
082573,Santa Maria de Miralles,8,47,9,10,39,15,18,86,24
082592,Santa Maria de Palautordera,718,3013,490,637,2639,602,1355,5652,1092
431401,Santa Oliva,279,1039,227,211,903,248,490,1942,475
171848,Santa Pau,92,552,155,93,520,153,185,1072,308
082606,Santa Perpètua de Mogoda,1671,8265,1078,1550,7747,1333,3221,16012,2411
082613,Santa Susanna,269,1079,179,253,974,185,522,2053,364
081923,Santpedor,503,2232,382,467,2152,527,970,4384,909
431423,Sarral,109,570,147,95,481,194,204,1051,341
171864,Sarrià de Ter,285,1424,302,273,1366,415,558,2790,717
252017,Sarroca de Bellera,3,51,24,1,36,27,4,87,51
252000,Sarroca de Lleida,18,158,54,17,130,69,35,288,123
171870,"Saus, Camallera i Llampaies",43,266,63,48,235,82,91,501,145
431439,Savallà del Comtat,1,26,11,8,15,11,9,41,22
431444,"Secuita, la",96,474,83,82,426,108,178,900,191
171886,"Selva de Mar, la",13,77,25,12,74,22,25,151,47
431457,"Selva del Camp, la",490,1680,345,460,1591,417,950,3271,762
431460,Senan,5,22,6,4,7,2,9,29,8
430445,"Sénia, la",402,2210,478,400,1940,546,802,4150,1024
252022,Senterada,5,49,12,6,41,13,11,90,25
250352,"Sentiu de Sió, la",22,151,59,16,161,69,38,312,128
082671,Sentmenat,609,2650,381,565,2513,491,1174,5163,872
171903,Serinyà,81,371,94,77,329,93,158,700,187
252043,Seròs,105,768,225,79,500,232,184,1268,457
171910,Serra de Daró,17,60,27,5,45,30,22,105,57
171925,Setcases,8,69,20,11,52,21,19,121,41
252038,"Seu d'Urgell, la",971,4311,907,865,4251,1228,1836,8562,2135
082690,Seva,262,1096,218,240,1034,249,502,2130,467
252056,Sidamon,40,254,61,46,221,66,86,475,127
171931,Sils,351,1467,271,345,1374,318,696,2841,589
082704,Sitges,1976,9168,1497,1890,9093,2018,3866,18261,3515
170524,Siurana,10,60,21,7,58,25,17,118,46
082711,Sobremunt,8,31,10,13,30,10,21,61,20
252069,"Soleràs, el",19,128,54,16,101,64,35,229,118
431476,Solivella,45,186,86,43,170,100,88,356,186
252075,Solsona,707,3137,662,685,2790,842,1392,5927,1504
082726,Sora,11,76,19,16,57,14,27,133,33
252081,Soriguera,18,130,31,14,99,45,32,229,76
252094,Sort,176,804,171,146,710,231,322,1514,402
252108,Soses,119,643,135,79,495,172,198,1138,307
082732,Subirats,228,997,247,244,902,325,472,1899,572
252115,Sudanell,37,323,77,38,233,97,75,556,174
252120,Sunyer,16,94,35,16,86,36,32,180,71
082747,Súria,413,2062,603,409,1954,849,822,4016,1452
171946,Susqueda,5,47,12,3,34,11,8,81,23
082763,Tagamanent,19,109,22,25,83,24,44,192,46
082779,Talamanca,8,54,9,7,47,9,15,101,18
252154,Talarn,15,111,37,23,104,49,38,215,86
252167,Talavera,25,104,38,8,84,44,33,188,82
171959,"Tallada d'Empordà, la",24,120,55,20,107,41,44,227,96
082785,Taradell,538,2033,421,393,1879,500,931,3912,921
431482,Tarragona,10432,46204,8147,9762,45211,11402,20194,91415,19549
252173,Tàrrega,1279,5436,981,1204,4879,1376,2483,10315,2357
252189,Tarrés,2,41,13,4,32,19,6,73,32
252192,Tarroja de Segarra,10,59,23,6,48,29,16,107,52
082750,Tavèrnoles,17,110,23,19,110,21,36,220,44
082802,Tavertet,8,63,18,4,44,18,12,107,36
082819,Teià,527,2108,346,448,2041,397,975,4149,743
252206,Térmens,88,523,152,78,505,185,166,1028,337
171962,Terrades,4,44,24,3,47,24,7,91,48
082798,Terrassa,15931,71473,12175,14907,67595,17736,30838,139068,29911
082824,Tiana,646,2612,341,655,2584,467,1301,5196,808
252213,Tírvia,5,43,16,1,39,16,6,82,32
252228,Tiurana,3,14,9,2,13,7,5,27,16
431495,Tivenys,55,294,122,42,254,149,97,548,271
431508,Tivissa,98,598,207,107,527,251,205,1125,458
082830,Tona,638,2587,466,592,2445,600,1230,5032,1066
252234,Torà,99,458,129,89,407,145,188,865,274
082845,Tordera,1105,4805,939,960,4510,1101,2065,9315,2040
082858,Torelló,919,4681,958,941,4462,1308,1860,9143,2266
252249,"Torms, els",10,60,31,10,46,32,20,106,63
252252,Tornabous,44,282,115,32,234,116,76,516,231
252271,"Torre de Cabdella, la",20,259,91,19,208,125,39,467,216
082861,"Torre de Claramunt, la",305,1236,166,282,1125,184,587,2361,350
431515,"Torre de Fontaubella, la",1,46,19,7,38,23,8,84,42
431520,"Torre de l'Espanyol, la",34,259,81,42,198,100,76,457,181
252265,Torrebesses,18,96,41,11,82,57,29,178,98
431536,Torredembarra,1104,5091,893,1071,4706,1179,2175,9797,2072
252287,Torrefarrera,265,1139,171,232,1028,216,497,2167,387
259078,Torrefeta i Florejacs,37,204,88,41,182,98,78,386,186
252304,Torregrossa,120,797,247,142,670,326,262,1467,573
252311,Torrelameu,29,264,64,19,170,82,48,434,146
082877,Torrelavit,65,485,118,58,370,136,123,855,254
082883,Torrelles de Foix,175,817,210,166,692,192,341,1509,402
082896,Torrelles de Llobregat,458,1769,219,448,1708,259,906,3477,478
171978,Torrent,13,66,21,10,64,16,23,130,37
252326,Torres de Segre,134,735,197,133,635,220,267,1370,417
252332,Torre-serona,16,125,36,17,113,34,33,238,70
171984,Torroella de Fluvià,27,179,47,29,135,43,56,314,90
171997,Torroella de Montgrí,843,3877,729,786,3478,875,1629,7355,1604
431541,Torroja del Priorat,3,62,17,5,37,18,8,99,35
172001,Tortellà,40,235,89,48,194,123,88,429,212
431554,Tortosa,2409,12490,2597,2246,10803,3721,4655,23293,6318
172018,Toses,15,64,18,8,39,16,23,103,34
172023,Tossa de Mar,380,1984,389,360,1849,452,740,3833,841
252347,Tremp,331,1724,613,331,1580,822,662,3304,1435
172044,Ullà,78,450,63,77,294,77,155,744,140
082900,Ullastrell,153,551,93,126,496,110,279,1047,203
172057,Ullastret,16,80,25,17,71,24,33,151,49
431567,Ulldecona,418,2225,555,385,1934,712,803,4159,1267
431573,Ulldemolins,21,166,87,15,130,89,36,296,176
172039,Ultramort,15,72,28,1,54,30,16,126,58
172060,Urús,17,70,16,9,66,22,26,136,38
082917,Vacarisses,537,1826,261,513,1694,263,1050,3520,524
170144,"Vajol, la",6,41,12,5,28,9,11,69,21
172076,"Vall d'en Bas, la",152,908,285,173,800,332,325,1708,617
172082,"Vall de Bianya, la",98,441,101,87,396,133,185,837,234
250432,"Vall de Boí, la",61,440,81,58,351,88,119,791,169
259010,Vall de Cardós,17,153,48,23,107,45,40,260,93
082922,Vallbona d'Anoia,99,485,85,92,419,131,191,904,216
252385,Vallbona de les Monges,7,86,34,5,61,54,12,147,88
082938,Vallcebre,18,94,37,7,86,34,25,180,71
431589,Vallclara,3,38,21,6,23,17,9,61,38
252402,Vallfogona de Balaguer,84,563,155,106,536,157,190,1099,312
171707,Vallfogona de Ripollès,10,77,23,15,56,25,25,133,48
431592,Vallfogona de Riucorb,1,48,38,3,23,46,4,71,84
082943,Vallgorguina,192,729,112,157,718,108,349,1447,220
082956,Vallirana,1122,4645,734,1122,4432,873,2244,9077,1607
172095,Vall-llobrega,95,304,40,63,199,29,158,503,69
431606,Vallmoll,102,575,107,89,489,107,191,1064,214
082969,Vallromanes,239,733,85,223,714,100,462,1447,185
431613,Valls,1838,8252,1608,1739,7669,2209,3577,15921,3817
259062,"Valls d'Aguilar, les",18,115,39,11,88,43,29,203,82
252398,"Valls de Valira, les",39,273,93,26,231,82,65,504,175
431628,Vandellòs i l'Hospitalet de l'Infant,399,1871,357,327,1747,433,726,3618,790
259097,"Vansa i Fórnols, la",6,74,28,5,53,30,11,127,58
082975,Veciana,15,51,24,8,51,18,23,102,42
431634,"Vendrell, el",2650,11636,1854,2650,10909,2254,5300,22545,4108
172109,Ventalló,31,264,80,34,210,79,65,474,159
252424,Verdú,59,322,123,52,297,174,111,619,297
172116,Verges,82,390,116,62,367,162,144,757,278
431649,Vespella de Gaià,22,136,27,20,115,19,42,251,46
082981,Vic,3201,14118,2424,2861,12386,3757,6062,26504,6181
172121,Vidrà,13,56,15,11,59,14,24,115,29
172137,Vidreres,595,2472,434,493,2158,524,1088,4630,958
252430,Vielha e Mijaran,424,2137,215,343,1855,265,767,3992,480
431652,Vilabella,44,271,88,45,254,85,89,525,173
172142,Vilabertran,60,284,91,52,264,92,112,548,183
172155,Vilablareix,195,821,91,167,825,114,362,1646,205
082994,Vilada,27,180,54,17,152,86,44,332,140
172174,Viladamat,25,149,42,23,127,55,48,276,97
172168,Viladasens,11,66,21,10,57,26,21,123,47
083015,Viladecans,5100,22477,3177,4779,21749,3886,9879,44226,7063
083008,Viladecavalls,734,2514,297,687,2447,357,1421,4961,654
172180,Vilademuls,62,261,86,39,246,92,101,507,178
172207,Viladrau,61,376,85,80,303,94,141,679,179
172214,Vilafant,434,1789,266,436,1778,310,870,3567,576
083054,Vilafranca del Penedès,2892,13265,2218,2750,12378,3184,5642,25643,5402
252445,Vilagrassa,33,159,51,25,136,63,58,295,114
172235,Vilajuïga,76,368,86,92,349,101,168,717,187
431750,Vilalba dels Arcs,34,241,105,33,193,114,67,434,219
083067,Vilalba Sasserra,43,215,35,50,201,37,93,416,72
252458,Vilaller,39,292,57,26,198,66,65,490,123
172240,Vilallonga de Ter,19,160,64,16,131,58,35,291,122
431665,Vilallonga del Camp,102,554,109,108,543,123,210,1097,232
172253,Vilamacolum,18,104,26,21,77,34,39,181,60
172266,Vilamalla,102,421,58,86,366,59,188,787,117
172272,Vilamaniscle,21,60,17,16,50,18,37,110,35
252477,Vilamòs,10,73,11,13,58,8,23,131,19
172288,Vilanant,14,116,33,23,113,34,37,229,67
431671,Vilanova d'Escornalbou,28,183,41,24,151,39,52,334,80
252483,Vilanova de Bellpuig,72,345,151,34,332,166,106,677,317
252496,Vilanova de l'Aguda,8,70,45,22,62,39,30,132,84
252542,Vilanova de la Barca,72,395,109,58,359,129,130,754,238
252509,Vilanova de Meià,14,157,55,16,122,68,30,279,123
431687,Vilanova de Prades,3,59,18,8,37,24,11,96,42
083036,Vilanova de Sau,14,109,26,21,119,34,35,228,60
252516,Vilanova de Segrià,48,315,64,36,261,85,84,576,149
083020,Vilanova del Camí,1086,4425,596,1004,4168,760,2090,8593,1356
089024,Vilanova del Vallès,408,1347,204,310,1299,206,718,2646,410
083073,Vilanova i la Geltrú,4766,22122,4159,4701,21403,5675,9467,43525,9834
431690,Vilaplana,24,204,69,31,173,83,55,377,152
431704,Vila-rodona,64,395,123,57,327,122,121,722,245
172305,Vila-sacra,26,183,32,27,167,50,53,350,82
252521,Vila-sana,35,203,67,47,185,74,82,388,141
431711,Vila-seca,1358,6631,825,1356,6077,1058,2714,12708,1883
082140,Vilassar de Dalt,631,2947,562,609,2839,746,1240,5786,1308
082191,Vilassar de Mar,1734,6501,1108,1487,6647,1574,3221,13148,2682
172229,Vilaür,6,49,14,11,45,14,17,94,28
431726,Vilaverd,28,154,41,25,119,71,53,273,112
431732,"Vilella Alta, la",6,46,16,9,29,15,15,75,31
431747,"Vilella Baixa, la",12,75,18,15,49,29,27,124,47
172333,Vilobí d'Onyar,214,1046,208,169,862,219,383,1908,427
083041,Vilobí del Penedès,83,364,88,72,324,102,155,688,190
172327,Vilopriu,19,65,19,10,51,25,29,116,44
252537,"Vilosell, el",3,68,28,5,62,36,8,130,64
431763,Vimbodí i Poblet,68,375,152,44,270,143,112,645,295
252555,Vinaixa,25,215,67,30,182,85,55,397,152
431779,Vinebre,22,178,50,14,155,64,36,333,114
431785,Vinyols i els Arcs,109,575,119,124,504,122,233,1079,241
083089,Viver i Serrateix,14,65,19,15,60,21,29,125,40
430521,Xerta,85,398,160,68,387,180,153,785,340
,Catalunya,525760,2525384,492562,494991,2413043,682957,1020751,4938427,1175519

