Codi,Literal,Homes. De 0 a 14 anys,Homes. De 15 a 64 anys,Homes. 65 anys o més,Dones. De 0 a 14 anys,Dones. De 15 a 64 anys,Dones. 65 anys o més,Total. De 0 a 14 anys,Total. De 15 a 64 anys,Total. 65 anys o més
250019,Abella de la Conca,7,72,23,15,51,15,22,123,38
080018,Abrera,1041,4342,591,962,3953,632,2003,8295,1223
250024,Àger,27,189,88,21,161,89,48,350,177
250030,Agramunt,445,2005,416,406,1739,597,851,3744,1013
080023,Aguilar de Segarra,19,87,29,17,80,25,36,167,54
170010,Agullana,45,299,85,63,223,97,108,522,182
080142,Aiguafreda,175,817,203,191,781,297,366,1598,500
430017,Aiguamúrcia,54,340,86,61,285,80,115,625,166
170025,Aiguaviva,77,238,47,72,233,47,149,471,94
250387,Aitona,151,875,230,134,685,323,285,1560,553
250045,"Alamús, els",40,264,80,45,224,87,85,488,167
250058,Alàs i Cerc,19,137,50,25,107,53,44,244,103
250061,"Albagés, l'",29,161,67,27,121,71,56,282,138
170031,Albanyà,12,60,9,13,50,8,25,110,17
250077,Albatàrrec,158,717,110,138,613,136,296,1330,246
250083,Albesa,118,564,152,96,496,187,214,1060,339
250096,"Albi, l'",51,269,103,44,256,113,95,525,216
430022,Albinyana,171,790,185,194,728,207,365,1518,392
430038,"Albiol, l'",41,149,20,44,129,22,85,278,42
170046,Albons,48,259,51,49,214,66,97,473,117
430043,Alcanar,753,3789,892,661,3465,1010,1414,7254,1902
250100,Alcanó,9,78,29,12,71,40,21,149,69
250117,Alcarràs,610,2976,474,549,2565,602,1159,5541,1076
250122,Alcoletge,197,1038,171,195,897,179,392,1935,350
430056,Alcover,464,1796,346,432,1643,419,896,3439,765
439044,"Aldea, l'",267,1505,382,237,1224,448,504,2729,830
430069,Aldover,57,319,112,65,297,134,122,616,246
430075,"Aleixar, l'",72,304,68,81,272,101,153,576,169
080039,Alella,802,3277,558,724,3350,686,1526,6627,1244
430081,Alfara de Carles,14,152,49,21,109,55,35,261,104
250138,Alfarràs,244,1089,302,219,935,366,463,2024,668
250143,Alfés,12,115,42,15,92,42,27,207,84
430094,Alforja,144,655,161,111,593,187,255,1248,348
250156,Algerri,19,145,78,12,121,94,31,266,172
250169,Alguaire,232,1153,276,199,970,335,431,2123,611
250175,Alins,15,102,37,16,80,47,31,182,84
430108,Alió,9,147,38,28,121,41,37,268,79
250194,Almacelles,467,2432,528,418,1996,665,885,4428,1193
250208,Almatret,8,138,69,10,89,83,18,227,152
250215,Almenar,233,1350,346,232,1081,427,465,2431,773
430115,Almoster,133,475,69,142,460,78,275,935,147
250220,Alòs de Balaguer,5,51,31,4,29,26,9,80,57
170062,Alp,118,719,81,128,592,97,246,1311,178
080044,Alpens,30,111,27,22,92,29,52,203,56
250236,Alpicat,579,2144,309,551,2069,406,1130,4213,715
250241,Alt Àneu,26,178,44,20,130,36,46,308,80
430120,Altafulla,421,1659,260,407,1624,314,828,3283,574
170078,Amer,135,784,227,121,742,295,256,1526,522
430136,"Ametlla de Mar, l'",562,2634,688,548,2444,716,1110,5078,1404
080057,"Ametlla del Vallès, l'",857,2764,370,747,2714,497,1604,5478,867
439060,"Ampolla, l'",182,1108,330,145,1047,306,327,2155,636
430141,Amposta,1674,7632,1515,1651,6963,1805,3325,14595,3320
170084,Anglès,420,1971,437,450,1729,562,870,3700,999
250273,Anglesola,88,446,147,91,414,165,179,860,312
250292,Arbeca,172,815,295,134,736,328,306,1551,623
430167,"Arboç, l'",523,2000,343,456,1694,425,979,3694,768
430154,Arbolí,3,49,8,0,35,17,3,84,25
170097,Arbúcies,569,2491,448,520,2008,559,1089,4499,1007
080060,Arenys de Mar,1110,4980,1076,976,4853,1632,2086,9833,2708
080076,Arenys de Munt,733,2844,508,705,2728,672,1438,5572,1180
170101,Argelaguer,37,158,38,30,138,44,67,296,82
080082,Argençola,13,109,17,17,59,25,30,168,42
430173,"Argentera, l'",4,55,19,2,37,17,6,92,36
080095,Argentona,1087,3996,701,998,3936,915,2085,7932,1616
170118,"Armentera, l'",54,275,82,65,267,112,119,542,194
430189,Arnes,20,142,89,14,129,94,34,271,183
250313,Arres,4,38,4,1,15,6,5,53,10
250328,Arsèguel,3,35,11,7,28,9,10,63,20
080109,Artés,432,1904,388,406,1749,554,838,3653,942
250334,Artesa de Lleida,135,519,140,116,433,174,251,952,314
250349,Artesa de Segre,285,1361,352,272,1183,416,557,2544,768
430192,Ascó,79,569,178,87,495,200,166,1064,378
250365,Aspa,17,68,43,11,73,39,28,141,82
250371,"Avellanes i Santa Linya, les",24,157,82,18,124,62,42,281,144
080116,Avià,181,741,187,160,692,245,341,1433,432
080121,Avinyó,181,766,197,175,681,289,356,1447,486
170123,Avinyonet de Puigventós,168,514,63,152,475,77,320,989,140
080137,Avinyonet del Penedès,150,623,135,116,510,156,266,1133,291
080155,Badalona,16865,79689,13631,15800,74425,19137,32665,154114,32768
089045,Badia del Vallès,1087,4791,866,1023,4680,1232,2110,9471,2098
080168,Bagà,146,787,226,128,765,310,274,1552,536
250390,Baix Pallars,29,140,53,24,119,48,53,259,101
250404,Balaguer,1370,6017,1177,1313,5316,1586,2683,11333,2763
080174,Balenyà,300,1372,212,312,1236,311,612,2608,523
080180,Balsareny,213,1304,283,220,1092,400,433,2396,683
430206,Banyeres del Penedès,283,1065,181,271,958,187,554,2023,368
170157,Banyoles,1648,6287,1252,1547,5814,1779,3195,12101,3031
250411,Barbens,58,306,111,49,234,134,107,540,245
430213,Barberà de la Conca,40,206,50,35,146,62,75,352,112
082520,Barberà del Vallès,2593,11421,1530,2523,11061,2016,5116,22482,3546
080193,Barcelona,98513,543469,129588,93777,554522,201668,192290,1097991,331256
250426,"Baronia de Rialb, la",20,95,29,21,75,39,41,170,68
170160,Bàscara,76,324,100,46,283,117,122,607,217
250447,Bassella,16,82,34,12,77,31,28,159,65
430228,Batea,128,726,264,124,642,279,252,1368,543
250450,Bausen,3,19,15,2,13,11,5,32,26
080207,Begues,693,2193,246,639,2182,318,1332,4375,564
170139,Begur,318,1530,344,288,1405,373,606,2935,717
250463,Belianes,35,194,75,33,155,97,68,349,172
251706,Bellaguarda,24,100,53,13,88,58,37,188,111
170182,Bellcaire d'Empordà,60,205,57,49,221,72,109,426,129
250479,Bellcaire d'Urgell,69,401,162,78,383,191,147,784,353
250485,Bell-lloc d'Urgell,179,811,216,196,768,277,375,1579,493
250498,Bellmunt d'Urgell,12,66,26,12,67,32,24,133,58
430234,Bellmunt del Priorat,22,117,38,23,105,49,45,222,87
080214,Bellprat,4,32,14,3,29,10,7,61,24
250501,Bellpuig,371,1850,356,368,1494,501,739,3344,857
430249,Bellvei,205,717,133,167,633,150,372,1350,283
250518,Bellver de Cerdanya,146,847,188,145,702,203,291,1549,391
250523,Bellvís,165,847,273,136,741,319,301,1588,592
250539,Benavent de Segrià,151,524,92,151,483,88,302,1007,180
430252,Benifallet,33,246,113,35,216,145,68,462,258
430265,Benissanet,78,456,129,71,366,150,149,822,279
080229,Berga,1206,5991,1390,1127,5424,2022,2333,11415,3412
170195,Besalú,155,753,236,165,765,287,320,1518,523
170209,Bescanó,426,1493,308,419,1427,377,845,2920,685
170216,Beuda,7,60,14,14,57,11,21,117,25
080235,Bigues i Riells del Fai,820,3061,428,810,2799,483,1630,5860,911
250557,Biosca,13,79,30,6,56,38,19,135,68
170221,"Bisbal d'Empordà, la",872,3720,693,800,3358,942,1672,7078,1635
430271,"Bisbal de Falset, la",18,70,34,13,64,38,31,134,72
430287,"Bisbal del Penedès, la",270,1233,268,260,1096,270,530,2329,538
172348,Biure,10,90,22,16,76,29,26,166,51
430290,Blancafort,28,152,46,22,126,64,50,278,110
170237,Blanes,3165,14545,2587,3013,13493,3244,6178,28038,5831
170293,Boadella i les Escaules,16,82,20,11,84,28,27,166,48
170242,Bolvir,24,148,27,16,129,34,40,277,61
430304,Bonastre,49,249,48,49,211,51,98,460,99
250576,"Bòrdes, Es",18,87,21,10,84,18,28,171,39
170255,Bordils,150,621,113,140,559,149,290,1180,262
250582,"Borges Blanques, les",464,2126,510,390,1878,690,854,4004,1200
430311,"Borges del Camp, les",184,706,158,192,666,209,376,1372,367
170268,Borrassà,48,247,58,40,202,70,88,449,128
080240,Borredà,54,220,57,31,167,85,85,387,142
250595,Bossòst,81,475,79,81,412,91,162,887,170
430326,Bot,29,221,112,22,193,121,51,414,233
430332,Botarell,102,394,57,86,349,59,188,743,116
250560,Bovera,9,105,72,11,82,74,20,187,146
430347,Bràfim,48,226,56,42,213,81,90,439,137
170274,Breda,272,1314,331,282,1179,406,554,2493,737
080253,"Bruc, el",200,715,103,161,614,111,361,1329,214
080266,"Brull, el",30,84,19,20,80,19,50,164,38
170280,Brunyola i Sant Martí Sapresa,24,118,47,16,115,53,40,233,100
430350,Cabacés,16,122,47,20,95,45,36,217,92
250609,Cabanabona,4,26,20,5,24,30,9,50,50
170314,Cabanelles,10,104,23,10,65,24,20,169,47
170307,Cabanes,71,321,94,85,273,88,156,594,182
080272,"Cabanyes, les",89,310,54,102,283,50,191,593,104
250616,Cabó,3,33,19,4,25,11,7,58,30
430363,Cabra del Camp,114,387,96,78,357,84,192,744,180
080288,Cabrera d'Anoia,116,518,73,115,418,80,231,936,153
080291,Cabrera de Mar,410,1571,262,344,1505,316,754,3076,578
080305,Cabrils,777,2328,328,771,2401,359,1548,4729,687
170329,Cadaqués,232,999,185,212,983,249,444,1982,434
080312,Calaf,258,1386,289,263,1090,344,521,2476,633
430379,Calafell,1964,8839,1565,1803,8336,1758,3767,17175,3323
080348,Calders,74,310,73,71,284,87,145,594,160
080327,Caldes d'Estrac,205,970,190,195,945,294,400,1915,484
170335,Caldes de Malavella,604,2316,417,568,2263,542,1172,4579,959
080333,Caldes de Montbui,1493,5936,1050,1321,5656,1429,2814,11592,2479
080351,Calella,1413,6561,1251,1372,6193,1837,2785,12754,3088
080370,Calldetenes,194,899,132,196,793,177,390,1692,309
080386,Callús,156,571,129,135,564,204,291,1135,333
080364,Calonge de Segarra,15,62,27,9,54,29,24,116,56
170340,Calonge i Sant Antoni,802,3792,782,809,3573,879,1611,7365,1661
250621,Camarasa,55,340,121,32,290,153,87,630,274
439039,Camarles,275,1212,333,254,1089,392,529,2301,725
430385,Cambrils,2738,11417,1706,2667,11062,2130,5405,22479,3836
170353,Camós,55,225,70,40,214,88,95,439,158
170366,Campdevànol,248,1124,376,196,1085,476,444,2209,852
170372,Campelles,6,44,13,11,41,10,17,85,23
080399,Campins,32,145,23,35,133,22,67,278,45
170388,Campllong,47,137,32,37,133,37,84,270,69
170391,Camprodon,143,866,246,170,802,315,313,1668,561
250637,Canejan,1,40,16,5,24,18,6,64,34
170405,Canet d'Adri,41,217,49,35,199,64,76,416,113
080403,Canet de Mar,1108,4650,946,957,4489,1398,2065,9139,2344
080410,Canovelles,1379,6204,859,1297,5225,1059,2676,11429,1918
080425,Cànoves i Samalús,230,994,174,251,887,206,481,1881,380
170412,Cantallops,24,105,35,15,97,43,39,202,78
080431,Canyelles,419,1463,211,400,1410,201,819,2873,412
430398,Capafonts,1,40,23,2,32,21,3,72,44
430402,Capçanes,20,141,46,17,138,53,37,279,99
080446,Capellades,432,1881,419,417,1824,552,849,3705,971
170427,Capmany,41,203,72,37,176,64,78,379,136
080459,Capolat,5,23,7,9,22,11,14,45,18
080462,Cardedeu,1567,5737,878,1451,5747,1216,3018,11484,2094
080478,Cardona,304,1747,502,300,1578,756,604,3325,1258
080484,Carme,59,304,70,49,255,95,108,559,165
430419,Caseres,13,84,46,18,81,51,31,165,97
170448,Cassà de la Selva,804,3470,660,746,2947,910,1550,6417,1570
080497,Casserres,86,532,170,72,498,232,158,1030,402
080575,Castell de l'Areny,5,33,5,6,20,6,11,53,11
259046,Castell de Mur,7,53,29,11,48,25,18,101,54
250642,Castellar de la Ribera,15,42,23,15,44,21,30,86,44
080522,Castellar de n'Hug,10,82,14,10,58,24,20,140,38
080500,Castellar del Riu,14,49,18,14,49,10,28,98,28
080517,Castellar del Vallès,2213,8064,1171,2031,7942,1581,4244,16006,2752
080538,Castellbell i el Vilar,285,1329,280,271,1153,362,556,2482,642
080543,Castellbisbal,1290,4303,576,1169,3985,654,2459,8288,1230
080556,Castellcir,60,236,31,67,181,53,127,417,84
250674,Castelldans,51,393,110,49,287,125,100,680,235
080569,Castelldefels,5453,22753,2910,5084,22057,3823,10537,44810,6733
080581,Castellet i la Gornal,191,785,169,179,717,181,370,1502,350
170464,Castellfollit de la Roca,77,344,104,65,317,136,142,661,240
080608,Castellfollit de Riubregós,7,69,26,7,57,29,14,126,55
080594,Castellfollit del Boix,36,133,39,33,136,49,69,269,88
080615,Castellgalí,197,687,125,156,612,141,353,1299,266
080620,Castellnou de Bages,93,393,54,99,334,48,192,727,102
250680,Castellnou de Seana,43,232,102,43,209,110,86,441,212
170470,Castelló d'Empúries,955,4413,905,918,3946,974,1873,8359,1879
250693,Castelló de Farfanya,28,202,72,23,166,81,51,368,153
080636,Castellolí,39,173,35,52,160,47,91,333,82
170486,Castell-Platja d'Aro,737,3851,690,693,3617,788,1430,7468,1478
250707,Castellserà,61,380,148,59,320,163,120,700,311
080641,Castellterçol,175,802,210,177,744,267,352,1546,477
430424,Castellvell del Camp,288,952,121,264,931,130,552,1883,251
080654,Castellví de la Marca,135,574,126,125,523,178,260,1097,304
080667,Castellví de Rosanes,142,610,110,177,567,113,319,1177,223
430430,"Catllar, el",386,1498,206,337,1432,220,723,2930,426
250714,Cava,0,20,10,0,14,6,0,34,16
171899,"Cellera de Ter, la",169,752,179,159,678,249,328,1430,428
170499,Celrà,459,1581,193,467,1557,256,926,3138,449
080673,Centelles,565,2478,497,543,2391,735,1108,4869,1232
082687,Cercs,84,444,153,58,395,200,142,839,353
082665,Cerdanyola del Vallès,4598,21185,3287,4422,21038,4217,9020,42223,7504
080689,Cervelló,710,3098,446,674,2930,535,1384,6028,981
250729,Cervera,847,3328,608,754,2981,810,1601,6309,1418
250735,Cervià de les Garrigues,41,282,115,45,235,128,86,517,243
170502,Cervià de Ter,91,284,73,73,284,84,164,568,157
170519,Cistella,11,80,29,13,71,34,24,151,63
250740,Ciutadilla,17,76,31,8,67,27,25,143,58
250753,Clariana de Cardener,8,62,7,14,52,9,22,114,16
250766,"Cogul, el",6,70,33,8,55,31,14,125,64
170545,Colera,24,198,73,25,174,79,49,372,152
250772,Coll de Nargó,36,216,71,28,199,84,64,415,155
080692,Collbató,493,1446,170,405,1331,195,898,2777,365
430458,Colldejou,7,75,16,8,60,17,15,135,33
080706,Collsuspina,29,124,31,28,116,23,57,240,54
170558,Colomers,11,60,25,6,59,34,17,119,59
251636,"Coma i la Pedra, la",12,129,28,13,72,24,25,201,52
251615,Conca de Dalt,14,138,58,14,118,68,28,256,126
430461,Conesa,4,46,13,6,35,20,10,81,33
430477,Constantí,576,2488,372,515,1980,442,1091,4468,814
080713,Copons,22,102,29,35,95,35,57,197,64
430483,Corbera d'Ebre,78,417,130,64,337,148,142,754,278
080728,Corbera de Llobregat,1377,4978,652,1228,4833,775,2605,9811,1427
250788,Corbins,103,507,114,90,403,139,193,910,253
170577,Corçà,80,434,114,83,447,122,163,881,236
080734,Cornellà de Llobregat,6486,30045,6422,6201,28740,8625,12687,58785,15047
170561,Cornellà del Terri,184,731,187,147,722,205,331,1453,392
430496,Cornudella de Montsant,51,371,108,56,284,145,107,655,253
430509,Creixell,255,1148,269,222,1006,319,477,2154,588
170583,Crespià,19,83,27,15,77,32,34,160,59
179011,"Cruïlles, Monells i Sant Sadurní de l'Heura",85,463,91,101,423,109,186,886,200
080749,Cubelles,1227,4943,800,1096,4724,921,2323,9667,1721
250791,Cubells,24,129,56,26,100,66,50,229,122
430516,Cunit,978,4364,926,1021,4036,954,1999,8400,1880
170600,Darnius,26,188,58,27,160,77,53,348,135
170617,Das,23,82,19,15,68,20,38,150,39
439018,Deltebre,805,4169,1029,704,3803,1241,1509,7972,2270
080752,Dosrius,468,1820,208,459,1717,265,927,3537,473
430537,Duesaigües,13,93,32,10,62,30,23,155,62
170622,"Escala, l'",722,3579,907,630,3373,929,1352,6952,1836
080765,Esparreguera,1964,8054,1195,1783,7324,1535,3747,15378,2730
170638,Espinelves,10,67,19,12,54,28,22,121,47
250812,"Espluga Calba, l'",20,148,55,25,108,73,45,256,128
430542,"Espluga de Francolí, l'",272,1347,356,257,1261,489,529,2608,845
080771,Esplugues de Llobregat,3315,16055,3515,3051,16445,4481,6366,32500,7996
170643,Espolla,14,140,43,24,122,61,38,262,104
170656,Esponellà,44,144,35,39,146,54,83,290,89
250827,Espot,23,148,23,29,107,34,52,255,57
080787,"Espunyola, l'",17,76,36,17,79,35,34,155,71
082541,"Esquirol, l'",186,770,208,179,691,259,365,1461,467
250886,Estamariu,3,36,22,7,29,18,10,65,40
080790,"Estany, l'",24,122,42,23,119,60,47,241,102
250851,Estaràs,6,68,24,7,48,24,13,116,48
250864,Esterri d'Àneu,62,392,64,56,309,82,118,701,146
250870,Esterri de Cardós,1,28,6,4,26,10,5,54,16
430555,Falset,217,996,233,208,909,301,425,1905,534
170059,"Far d'Empordà, el",50,174,46,56,158,53,106,332,99
250899,Farrera,9,56,11,9,42,6,18,98,17
430568,"Fatarella, la",51,363,153,55,313,193,106,676,346
430574,"Febró, la",0,20,10,0,13,3,0,33,13
081347,Figaró-Montmany,84,362,88,88,310,125,172,672,213
080804,Fígols,2,12,12,3,10,9,5,22,21
259084,Fígols i Alinyà,14,99,44,7,70,50,21,169,94
430580,"Figuera, la",6,60,17,3,43,19,9,103,36
170669,Figueres,3558,15537,2594,3393,14512,3736,6951,30049,6330
430593,Figuerola del Camp,25,108,28,37,108,35,62,216,63
170675,Flaçà,73,358,93,72,353,123,145,711,216
430607,Flix,224,1447,410,206,1325,486,430,2772,896
250925,"Floresta, la",13,64,25,7,42,28,20,106,53
080826,Fogars de la Selva,146,550,97,139,485,96,285,1035,193
080811,Fogars de Montclús,53,157,40,39,138,38,92,295,78
170681,Foixà,25,117,38,14,98,44,39,215,82
080832,Folgueroles,261,719,137,212,716,160,473,1435,297
250931,Fondarella,63,295,51,53,292,67,116,587,118
080847,Fonollosa,107,519,89,118,472,94,225,991,183
170694,Fontanals de Cerdanya,18,167,36,26,158,46,44,325,82
170708,Fontanilles,14,69,21,10,41,18,24,110,39
170715,Fontcoberta,89,443,75,111,453,80,200,896,155
080850,Font-rubí,119,505,150,119,423,167,238,928,317
250946,Foradada,10,71,29,5,51,23,15,122,52
179026,Forallac,125,624,122,99,604,163,224,1228,285
430614,Forès,0,16,9,0,8,10,0,24,19
170736,Fornells de la Selva,228,774,107,255,790,141,483,1564,248
170741,Fortià,43,214,71,50,192,69,93,406,140
080863,"Franqueses del Vallès, les",1577,6628,866,1446,6061,1082,3023,12689,1948
430629,Freginals,22,161,55,19,120,72,41,281,127
250962,"Fuliola, la",75,404,135,67,386,172,142,790,307
250978,Fulleda,1,43,17,5,31,16,6,74,33
080902,Gaià,18,62,12,15,50,14,33,112,26
430635,"Galera, la",54,317,88,53,270,102,107,587,190
080879,Gallifa,15,84,14,15,71,15,30,155,29
430640,Gandesa,214,1166,294,210,997,355,424,2163,649
430653,Garcia,24,197,75,34,173,99,58,370,174
430666,"Garidells, els",14,78,19,18,74,18,32,152,37
080885,"Garriga, la",1424,5001,841,1307,5169,1249,2731,10170,2090
170754,Garrigàs,18,142,46,24,118,47,42,260,93
170767,Garrigoles,9,61,21,7,41,21,16,102,42
170773,Garriguella,58,278,79,55,262,93,113,540,172
080898,Gavà,3849,16218,2770,3631,15911,3615,7480,32129,6385
250984,Gavet de la Conca,13,82,55,10,87,60,23,169,115
080919,Gelida,615,2440,398,573,2247,528,1188,4687,926
170789,Ger,29,171,47,25,147,31,54,318,78
259123,Gimenells i el Pla de la Font,78,394,126,79,350,155,157,744,281
430672,Ginestar,61,388,118,61,302,136,122,690,254
170792,Girona,7973,34062,5126,7507,33952,7568,15480,68014,12694
080924,Gironella,293,1684,492,314,1561,708,607,3245,1200
080930,Gisclareny,0,18,2,0,12,2,0,30,4
430688,Godall,42,273,116,57,234,119,99,507,235
250997,Golmés,144,580,122,128,561,158,272,1141,280
170806,Gombrèn,16,73,19,17,81,26,33,154,45
251001,Gósol,12,82,24,5,67,29,17,149,53
080945,"Granada, la",173,710,125,154,652,162,327,1362,287
251018,"Granadella, la",35,257,109,37,196,131,72,453,240
080958,Granera,1,38,9,3,21,5,4,59,14
251023,"Granja d'Escarp, la",44,364,117,46,276,137,90,640,254
080961,Granollers,4763,22200,3541,4435,20677,5042,9198,42877,8583
251039,Granyanella,7,56,20,8,49,20,15,105,40
251057,Granyena de les Garrigues,7,70,22,6,41,26,13,111,48
251044,Granyena de Segarra,2,43,25,1,35,32,3,78,57
430691,Gratallops,23,92,26,10,79,36,33,171,62
080977,Gualba,100,426,77,115,397,77,215,823,154
170813,Gualta,30,154,32,23,102,39,53,256,71
080996,Guardiola de Berguedà,69,360,109,52,286,131,121,646,240
430705,"Guiamets, els",11,114,36,12,100,57,23,214,93
170828,Guils de Cerdanya,30,191,28,25,169,36,55,360,64
251095,Guimerà,8,108,63,7,79,69,15,187,132
259031,"Guingueta d'Àneu, la",24,145,37,17,111,38,41,256,75
251109,Guissona,563,2498,261,545,1919,359,1108,4417,620
251116,Guixers,5,57,18,5,38,15,10,95,33
081000,Gurb,258,866,147,221,813,170,479,1679,317
430712,Horta de Sant Joan,88,441,163,65,370,178,153,811,341
081017,"Hospitalet de Llobregat, l'",17041,89266,20152,16189,87442,26948,33230,176708,47100
081629,"Hostalets de Pierola, els",263,966,125,244,861,153,507,1827,278
170834,Hostalric,331,1464,264,311,1304,320,642,2768,584
081022,Igualada,3266,13443,2616,3025,12664,3904,6291,26107,6520
251155,Isona i Conca Dellà,68,378,171,58,306,182,126,684,353
170849,Isòvol,17,125,27,8,81,31,25,206,58
251137,Ivars d'Urgell,107,636,185,97,481,235,204,1117,420
251121,Ivars de Noguera,15,140,49,19,93,47,34,233,96
251142,Ivorra,7,45,19,5,35,25,12,80,44
170852,Jafre,24,155,43,15,126,56,39,281,99
170865,"Jonquera, la",259,1168,176,230,1110,231,489,2278,407
081038,Jorba,75,271,61,76,266,78,151,537,139
259101,Josa i Tuixén,7,61,16,6,51,14,13,112,30
170871,Juià,36,114,32,21,90,33,57,204,65
251180,Juncosa,21,175,69,31,126,82,52,301,151
251193,Juneda,243,1229,321,212,1034,378,455,2263,699
251214,Les,77,360,49,68,352,73,145,712,122
251229,Linyola,226,1011,247,206,846,300,432,1857,547
081043,"Llacuna, la",60,345,94,48,264,114,108,609,208
170887,Lladó,55,236,61,54,208,68,109,444,129
251235,Lladorre,11,78,22,17,73,26,28,151,48
251240,Lladurs,11,69,34,13,53,21,24,122,55
081056,"Llagosta, la",1118,4985,868,1066,4682,1101,2184,9667,1969
170890,Llagostera,629,2815,570,619,2405,726,1248,5220,1296
170904,Llambilles,59,245,47,63,207,57,122,452,104
170911,Llanars,38,218,49,29,187,63,67,405,112
170926,Llançà,348,1807,454,362,1679,559,710,3486,1013
251253,Llardecans,23,166,88,25,138,93,48,304,181
251266,Llavorsí,24,130,39,25,121,35,49,251,74
251207,Lleida,10417,48924,8449,10151,45706,12272,20568,94630,20721
170932,Llers,87,413,101,85,378,115,172,791,216
251272,Lles de Cerdanya,17,113,31,8,72,30,25,185,61
081075,Lliçà d'Amunt,1419,4985,819,1327,4731,862,2746,9716,1681
081081,Lliçà de Vall,598,2224,402,530,2142,394,1128,4366,796
251288,Llimiana,10,58,27,5,46,22,15,104,49
081069,Llinars del Vallès,784,3170,533,733,3075,740,1517,6245,1273
170947,Llívia,120,650,100,89,526,104,209,1176,204
430727,"Lloar, el",10,37,21,4,30,15,14,67,36
251291,Llobera,15,76,23,9,60,28,24,136,51
430733,Llorac,7,38,14,4,28,17,11,66,31
430748,Llorenç del Penedès,208,742,141,184,729,181,392,1471,322
170950,Lloret de Mar,3150,15990,1739,2785,13595,2104,5935,29585,3843
170963,"Llosses, les",11,100,23,9,72,19,20,172,42
081094,Lluçà,16,95,23,21,79,26,37,174,49
171024,Maçanet de Cabrenys,29,233,104,44,214,105,73,447,209
171030,Maçanet de la Selva,572,2540,441,594,2239,485,1166,4779,926
170979,Madremanya,18,70,28,18,79,25,36,149,53
170985,Maià de Montcal,32,138,42,30,126,42,62,264,84
251333,Maials,47,341,123,55,254,167,102,595,290
251305,Maldà,15,80,46,9,69,42,24,149,88
081108,Malgrat de Mar,1413,6466,1327,1323,6149,1794,2736,12615,3121
081115,Malla,17,91,21,11,92,23,28,183,44
081120,Manlleu,1859,7239,1361,1762,6553,1873,3621,13792,3234
081136,Manresa,5840,26311,5633,5510,24760,8504,11350,51071,14137
430764,Marçà,49,201,82,48,190,79,97,391,161
430751,Margalef,8,38,17,1,34,19,9,72,36
082423,Marganell,23,103,24,14,100,44,37,203,68
081141,Martorell,2424,9816,1593,2243,8504,2101,4667,18320,3694
081154,Martorelles,371,1747,363,321,1674,446,692,3421,809
430770,Mas de Barberans,35,218,79,35,188,108,70,406,187
171002,Masarac,19,99,26,13,73,35,32,172,61
430786,Masdenverge,63,404,125,82,339,120,145,743,245
081167,"Masies de Roda, les",50,268,55,46,262,74,96,530,129
081173,"Masies de Voltregà, les",302,1091,203,284,1083,269,586,2174,472
430799,Masllorenç,40,179,55,38,151,69,78,330,124
081189,"Masnou, el",1709,7620,1380,1615,7827,2137,3324,15447,3517
430803,"Masó, la",14,95,42,22,88,37,36,183,79
430810,Maspujols,59,226,61,57,197,63,116,423,124
081192,Masquefa,834,2857,446,841,2717,473,1675,5574,919
430825,"Masroig, el",38,185,71,27,164,81,65,349,152
251312,Massalcoreig,29,215,68,25,171,85,54,386,153
171019,Massanes,50,284,48,53,225,53,103,509,101
251327,Massoteres,23,72,22,19,56,17,42,128,39
081206,Matadepera,979,2882,451,843,2896,565,1822,5778,1016
081213,Mataró,9837,43674,7464,9191,41098,10458,19028,84772,17922
081228,Mediona,202,795,215,189,711,248,391,1506,463
251348,Menàrguens,42,298,108,48,224,134,90,522,242
170998,Meranges,5,36,12,2,29,9,7,65,21
171058,Mieres,26,115,34,31,99,39,57,214,73
430831,"Milà, el",12,52,23,13,54,24,25,106,47
251351,Miralcamp,98,502,121,96,476,147,194,978,268
430846,Miravet,46,302,80,41,227,118,87,529,198
081385,Moià,516,1982,390,493,1831,498,1009,3813,888
430859,"Molar, el",22,103,44,9,78,46,31,181,90
081234,Molins de Rei,2020,8301,1432,1926,8390,1998,3946,16691,3430
251370,Mollerussa,1270,5451,732,1199,4673,994,2469,10124,1726
171061,Mollet de Peralada,10,56,23,7,47,31,17,103,54
081249,Mollet del Vallès,4445,19219,2781,4312,18106,3621,8757,37325,6402
171077,Molló,16,126,37,21,106,54,37,232,91
251364,"Molsosa, la",2,43,16,5,36,17,7,79,33
081287,Monistrol de Calders,60,228,60,38,220,77,98,448,137
081271,Monistrol de Montserrat,211,1109,238,185,989,297,396,2098,535
171096,Montagut i Oix,66,355,89,63,288,110,129,643,199
430862,Montblanc,575,2605,527,470,2417,711,1045,5022,1238
430884,Montbrió del Camp,176,789,163,153,735,203,329,1524,366
081252,Montcada i Reixac,2813,11912,1943,2720,11411,2654,5533,23323,4597
081304,Montclar,12,28,14,5,38,15,17,66,29
251399,Montellà i Martinet,44,240,62,36,203,76,80,443,138
081311,Montesquiu,61,315,81,56,288,105,117,603,186
251403,Montferrer i Castellbò,76,447,72,71,362,61,147,809,133
430897,Montferri,34,127,37,36,103,29,70,230,66
251386,Montgai,39,230,102,36,201,119,75,431,221
081265,Montgat,808,3684,560,778,3693,747,1586,7377,1307
081326,Montmajor,33,169,54,19,154,58,52,323,112
081332,Montmaneu,9,68,28,9,51,27,18,119,55
430901,"Montmell, el",118,563,108,97,457,88,215,1020,196
081350,Montmeló,747,3149,545,692,3104,718,1439,6253,1263
251425,Montoliu de Lleida,33,165,50,21,154,63,54,319,113
251410,Montoliu de Segarra,12,74,28,1,49,29,13,123,57
251431,Montornès de Segarra,2,32,20,3,32,19,5,64,39
081363,Montornès del Vallès,1353,5819,830,1353,5149,1005,2706,10968,1835
430918,Mont-ral,8,76,14,4,58,11,12,134,25
171100,Mont-ras,142,682,130,138,618,137,280,1300,267
430923,Mont-roig del Camp,884,4462,839,840,3966,856,1724,8428,1695
081379,Montseny,16,113,39,13,104,34,29,217,73
430939,Móra d'Ebre,459,1919,438,467,1851,561,926,3770,999
430944,Móra la Nova,244,1124,260,221,999,331,465,2123,591
430957,"Morell, el",310,1225,173,265,1097,215,575,2322,388
430960,"Morera de Montsant, la",11,65,16,5,42,14,16,107,30
081290,Muntanyola,59,198,31,66,193,23,125,391,54
081398,Mura,15,97,18,17,69,22,32,166,40
251459,Nalec,2,29,17,2,29,16,4,58,33
250254,Naut Aran,120,671,99,148,596,106,268,1267,205
081402,Navarcles,434,2068,442,417,1984,602,851,4052,1044
081419,Navàs,486,2132,503,449,1963,710,935,4095,1213
171117,Navata,101,368,97,101,350,111,202,718,208
251462,Navès,21,85,25,16,82,37,37,167,62
081424,"Nou de Berguedà, la",12,49,22,11,40,25,23,89,47
430976,"Nou de Gaià, la",46,160,39,48,153,51,94,313,90
430982,Nulles,29,150,38,22,131,48,51,281,86
251484,Odèn,9,114,43,6,75,34,15,189,77
081430,Òdena,320,1164,219,260,1106,265,580,2270,484
171122,Ogassa,18,107,31,9,71,28,27,178,59
081458,Olèrdola,352,1243,197,322,1125,223,674,2368,420
081461,Olesa de Bonesvalls,151,653,112,136,579,109,287,1232,221
081477,Olesa de Montserrat,2165,8271,1342,2006,7719,1798,4171,15990,3140
251497,Oliana,105,676,205,115,625,250,220,1301,455
251500,Oliola,13,99,31,14,67,24,27,166,55
251517,Olius,86,280,53,80,258,57,166,538,110
081483,Olivella,344,1297,137,331,1103,128,675,2400,265
081496,Olost,80,410,114,74,367,172,154,777,286
171143,Olot,2530,11741,2585,2277,10584,3807,4807,22325,6392
251522,"Oluges, les",3,64,32,3,48,29,6,112,61
081445,Olvan,52,299,93,51,274,134,103,573,227
251538,"Omellons, els",9,83,38,11,72,31,20,155,69
251543,"Omells de na Gaia, els",8,45,24,3,42,20,11,87,44
171156,Ordis,35,133,30,26,115,33,61,248,63
251556,Organyà,48,301,118,47,298,146,95,599,264
081509,Orís,16,106,22,25,89,26,41,195,48
081516,Oristà,25,202,60,24,195,79,49,397,139
081521,Orpí,12,69,19,11,61,15,23,130,34
081537,Òrrius,53,234,44,57,201,51,110,435,95
251569,Os de Balaguer,75,334,113,79,273,111,154,607,224
171169,Osor,16,112,53,9,98,66,25,210,119
251575,Ossó de Sió,8,69,30,14,69,29,22,138,59
081542,Pacs del Penedès,64,318,61,76,289,61,140,607,122
081555,Palafolls,840,3041,419,783,3004,497,1623,6045,916
171175,Palafrugell,1847,7968,1486,1766,7284,2014,3613,15252,3500
171181,Palamós,1421,6279,1282,1347,6111,1721,2768,12390,3003
251581,"Palau d'Anglesola, el",158,720,170,159,655,237,317,1375,407
171194,Palau de Santa Eulàlia,9,46,11,2,35,9,11,81,20
171215,Palau-sator,14,101,33,17,87,38,31,188,71
171208,Palau-saverdera,97,470,162,100,458,164,197,928,326
081568,Palau-solità i Plegamans,1285,5070,708,1283,4865,859,2568,9935,1567
431009,"Pallaresos, els",490,1436,127,459,1340,139,949,2776,266
081574,Pallejà,1138,3966,528,971,3782,749,2109,7748,1277
430995,"Palma d'Ebre, la",19,117,63,19,117,78,38,234,141
089058,"Palma de Cervelló, la",263,1112,144,250,1088,200,513,2200,344
171236,Palol de Revardit,41,165,37,47,145,44,88,310,81
171241,Pals,197,931,284,165,914,308,362,1845,592
081580,"Papiol, el",301,1408,236,322,1334,299,623,2742,535
171254,Pardines,12,50,26,8,39,24,20,89,50
081593,Parets del Vallès,1617,6449,903,1466,6038,1159,3083,12487,2062
171267,Parlavà,23,144,35,16,131,45,39,275,80
431016,Passanant i Belltall,0,62,28,4,37,28,4,99,56
171289,Pau,53,182,55,41,195,52,94,377,107
431021,Paüls,25,202,79,35,185,87,60,387,166
171292,Pedret i Marzà,15,55,17,6,49,18,21,104,35
251641,Penelles,31,194,72,19,155,75,50,349,147
171306,"Pera, la",28,155,43,29,129,59,57,284,102
081607,Perafita,27,134,48,26,117,56,53,251,104
431037,Perafort,118,437,56,77,401,65,195,838,121
171328,Peralada,143,631,144,143,574,170,286,1205,314
251654,Peramola,26,125,51,12,109,56,38,234,107
431042,"Perelló, el",219,1168,348,186,962,352,405,2130,700
081614,Piera,1360,5020,943,1281,4579,1141,2641,9599,2084
431055,"Piles, les",11,82,23,12,69,18,23,151,41
081635,Pineda de Mar,2027,9545,1763,1866,8803,2199,3893,18348,3962
431068,"Pinell de Brai, el",66,374,134,60,324,172,126,698,306
251667,Pinell de Solsonès,12,75,28,13,56,30,25,131,58
251673,Pinós,18,112,41,16,90,31,34,202,72
431074,Pira,48,160,48,55,146,53,103,306,101
431080,"Pla de Santa Maria, el",204,816,193,158,725,213,362,1541,406
081640,"Pla del Penedès, el",90,349,92,65,332,113,155,681,205
171334,"Planes d'Hostoles, les",113,555,224,96,510,258,209,1065,482
171349,Planoles,14,109,29,14,76,37,28,185,66
259118,"Plans de Sió, els",37,180,81,25,147,103,62,327,184
251689,"Poal, el",35,235,73,36,187,93,71,422,166
251692,"Pobla de Cérvoles, la",17,88,34,16,70,32,33,158,66
081653,"Pobla de Claramunt, la",210,802,160,197,721,196,407,1523,356
081666,"Pobla de Lillet, la",49,448,155,41,390,229,90,838,384
431093,"Pobla de Mafumet, la",212,937,85,198,868,103,410,1805,188
431107,"Pobla de Massaluca, la",19,126,61,17,101,75,36,227,136
431114,"Pobla de Montornès, la",245,1058,208,228,890,223,473,1948,431
251713,"Pobla de Segur, la",195,1080,337,205,968,452,400,2048,789
431129,Poboleda,16,147,40,12,106,50,28,253,90
081672,Polinyà,761,2914,254,728,2696,323,1489,5610,577
431135,"Pont d'Armentera, el",39,206,79,31,183,82,70,389,161
250306,"Pont de Bar, el",16,68,28,11,53,21,27,121,49
171352,Pont de Molins,31,178,48,26,168,35,57,346,83
251734,"Pont de Suert, el",179,946,211,166,795,273,345,1741,484
081825,"Pont de Vilomara i Rocafort, el",324,1347,247,295,1218,283,619,2565,530
431418,Pontils,3,60,20,5,43,16,8,103,36
081688,Pontons,46,200,44,29,163,48,75,363,92
171365,Pontós,18,85,28,14,66,27,32,151,55
251728,Ponts,209,952,260,186,891,305,395,1843,565
171371,Porqueres,376,1514,294,397,1484,315,773,2998,609
431140,Porrera,34,170,54,23,137,62,57,307,116
171404,"Port de la Selva, el",69,355,104,52,331,104,121,686,208
171387,Portbou,44,451,164,52,384,230,96,835,394
251749,"Portella, la",41,313,63,25,262,71,66,575,134
431153,Pradell de la Teixeta,4,59,19,13,58,29,17,117,48
431166,Prades,43,237,73,41,201,81,84,438,154
431172,Prat de Comte,16,61,31,9,57,31,25,118,62
081691,"Prat de Llobregat, el",4851,22718,4032,4404,22132,5281,9255,44850,9313
431188,Pratdip,55,285,112,38,231,122,93,516,234
081712,Prats de Lluçanès,180,916,248,185,871,322,365,1787,570
081705,"Prats de Rei, els",26,205,50,18,165,74,44,370,124
251752,Prats i Sansor,19,91,21,10,77,19,29,168,40
251765,Preixana,22,139,61,28,109,74,50,248,135
251771,Preixens,31,146,81,36,127,85,67,273,166
082303,Premià de Dalt,854,3536,601,815,3434,704,1669,6970,1305
081727,Premià de Mar,2183,9713,1671,2022,9416,2394,4205,19129,4065
171390,"Preses, les",140,572,133,148,579,159,288,1151,292
251790,Prullans,12,75,35,11,71,28,23,146,63
171411,Puigcerdà,790,3290,531,731,2957,723,1521,6247,1254
081748,Puigdàlber,36,184,28,38,173,49,74,357,77
251804,Puiggròs,29,107,30,19,83,41,48,190,71
431191,Puigpelat,106,358,50,82,323,58,188,681,108
081751,Puig-reig,248,1463,444,248,1368,632,496,2831,1076
251811,Puigverd d'Agramunt,17,103,38,14,79,27,31,182,65
251826,Puigverd de Lleida,116,475,122,115,432,131,231,907,253
081764,Pujalt,15,70,21,4,68,25,19,138,46
081770,"Quar, la",3,23,10,0,20,5,3,43,15
171426,Quart,260,1041,144,224,996,187,484,2037,331
170433,Queralbs,14,71,30,9,50,25,23,121,55
431205,Querol,41,197,49,27,188,37,68,385,86
171432,Rabós,18,74,20,12,68,25,30,142,45
081786,Rajadell,36,179,47,33,157,44,69,336,91
431212,Rasquera,51,298,129,58,281,138,109,579,267
171447,Regencós,24,123,34,23,87,35,47,210,69
081799,Rellinars,51,266,46,65,229,56,116,495,102
431227,Renau,5,36,5,6,30,8,11,66,13
431233,Reus,9075,37766,6341,8875,36187,8874,17950,73953,15215
251832,Rialp,41,267,34,47,215,52,88,482,86
431248,"Riba, la",49,267,75,32,214,85,81,481,160
431251,Riba-roja d'Ebre,56,499,162,58,382,191,114,881,353
259059,Ribera d'Ondara,21,154,56,21,126,67,42,280,123
251850,Ribera d'Urgellet,78,340,90,53,283,110,131,623,200
171450,Ribes de Freser,104,642,227,86,606,311,190,1248,538
171463,Riells i Viabrea,398,1411,165,335,1300,170,733,2711,335
431264,"Riera de Gaià, la",151,587,88,125,511,125,276,1098,213
251863,Riner,19,99,30,24,95,33,43,194,63
171479,Ripoll,744,3785,948,624,3565,1391,1368,7350,2339
081803,Ripollet,3272,13560,1955,3153,12553,2595,6425,26113,4550
259139,Riu de Cerdanya,4,52,4,5,35,10,9,87,14
171485,Riudarenes,184,741,152,165,658,170,349,1399,322
171498,Riudaura,23,156,36,30,147,51,53,303,87
431270,Riudecanyes,98,367,90,82,335,111,180,702,201
431286,Riudecols,93,493,98,84,402,126,177,895,224
171501,Riudellots de la Selva,173,723,125,146,652,165,319,1375,290
431299,Riudoms,561,2253,480,519,2041,582,1080,4294,1062
171518,Riumors,18,74,23,17,71,30,35,145,53
081810,"Roca del Vallès, la",966,3652,552,930,3472,642,1896,7124,1194
431303,Rocafort de Queralt,21,94,34,15,76,38,36,170,72
431310,Roda de Berà,512,2284,442,466,2046,436,978,4330,878
081831,Roda de Ter,516,2034,411,450,1955,649,966,3989,1060
431325,Rodonyà,43,188,47,38,130,62,81,318,109
431331,Roquetes,686,3056,597,590,2574,720,1276,5630,1317
171523,Roses,1686,7237,1375,1625,6739,1535,3311,13976,2910
251898,Rosselló,266,1057,162,249,949,229,515,2006,391
431346,"Rourell, el",30,138,29,39,101,43,69,239,72
081846,Rubí,6311,26608,3775,5884,25372,5037,12195,51980,8812
081859,Rubió,13,69,23,16,63,18,29,132,41
171539,Rupià,16,86,24,18,70,29,34,156,53
089019,Rupit i Pruit,12,114,35,20,104,40,32,218,75
081878,Sabadell,16339,70952,14004,15523,69588,20087,31862,140540,34091
081884,Sagàs,14,39,14,10,39,18,24,78,32
251902,Salàs de Pallars,4,120,44,12,99,63,16,219,107
081901,Saldes,19,142,36,16,107,28,35,249,64
171544,Sales de Llierca,11,56,8,11,51,4,22,107,12
081918,Sallent,468,2322,664,473,2238,964,941,4560,1628
431359,Salomó,39,182,50,34,137,59,73,319,109
439057,Salou,2069,11288,1072,1797,9237,1186,3866,20525,2258
171557,Salt,2881,11857,1394,2638,9271,1944,5519,21128,3338
251919,Sanaüja,30,147,61,32,118,69,62,265,130
081944,Sant Adrià de Besòs,2897,11405,2320,2656,11216,3267,5553,22621,5587
081957,Sant Agustí de Lluçanès,3,40,10,4,34,10,7,74,20
081960,Sant Andreu de la Barca,2600,9654,1169,2380,9111,1487,4980,18765,2656
081976,Sant Andreu de Llavaneres,998,3493,592,888,3447,763,1886,6940,1355
171576,Sant Andreu Salou,15,43,17,11,47,19,26,90,36
171833,Sant Aniol de Finestres,26,117,30,22,102,30,48,219,60
081982,Sant Antoni de Vilamajor,514,1911,301,508,1834,376,1022,3745,677
081995,Sant Bartomeu del Grau,74,355,64,74,311,79,148,666,143
082009,Sant Boi de Llobregat,6389,29226,5322,6050,28383,7058,12439,57609,12380
082016,Sant Boi de Lluçanès,25,199,67,36,160,82,61,359,149
431362,Sant Carles de la Ràpita,1134,5386,1247,1139,5022,1583,2273,10408,2830
082037,Sant Cebrià de Vallalta,288,1256,172,309,1118,166,597,2374,338
082021,Sant Celoni,1400,5940,1101,1369,5576,1474,2769,11516,2575
082042,Sant Climent de Llobregat,369,1340,189,354,1289,238,723,2629,427
171582,Sant Climent Sescebes,33,172,68,29,148,63,62,320,131
082055,Sant Cugat del Vallès,8768,26476,3545,8168,27729,4567,16936,54205,8112
082068,Sant Cugat Sesgarrigues,80,322,73,79,285,93,159,607,166
251961,Sant Esteve de la Sarga,2,60,27,2,38,14,4,98,41
082074,Sant Esteve de Palautordera,258,830,122,287,818,143,545,1648,265
082080,Sant Esteve Sesrovires,675,2600,385,678,2405,459,1353,5005,844
171595,Sant Feliu de Buixalleu,59,304,67,54,252,75,113,556,142
082107,Sant Feliu de Codines,504,2044,367,465,1805,517,969,3849,884
171609,Sant Feliu de Guíxols,1681,7771,1545,1666,7257,2057,3347,15028,3602
082114,Sant Feliu de Llobregat,3495,14864,2578,3480,15038,3464,6975,29902,6042
171616,Sant Feliu de Pallerols,113,461,108,121,429,165,234,890,273
082129,Sant Feliu Sasserra,47,217,60,37,199,81,84,416,141
171621,Sant Ferriol,25,79,20,11,60,21,36,139,41
082093,Sant Fost de Campsentelles,699,2934,509,633,2780,679,1332,5714,1188
082135,Sant Fruitós de Bages,743,2858,430,649,2740,541,1392,5598,971
171637,Sant Gregori,303,1096,211,272,1063,222,575,2159,433
251924,Sant Guim de Freixenet,75,383,105,77,346,140,152,729,245
251977,Sant Guim de la Plana,17,65,21,12,46,30,29,111,51
171642,Sant Hilari Sacalm,407,2126,473,381,1807,569,788,3933,1042
082153,Sant Hipòlit de Voltregà,280,1185,278,264,1058,382,544,2243,660
081939,Sant Iscle de Vallalta,114,451,94,114,397,97,228,848,191
439023,Sant Jaume d'Enveja,248,1192,359,216,1096,417,464,2288,776
082166,Sant Jaume de Frontanyà,2,8,4,2,12,1,4,20,5
171655,Sant Jaume de Llierca,41,269,104,41,228,126,82,497,230
431378,Sant Jaume dels Domenys,217,872,160,179,754,206,396,1626,366
171674,Sant Joan de les Abadesses,204,1207,368,190,1062,525,394,2269,893
171680,Sant Joan de Mollet,42,169,46,44,158,58,86,327,104
082188,Sant Joan de Vilatorrada,932,3831,709,846,3542,919,1778,7373,1628
082172,Sant Joan Despí,2938,10946,1817,2668,11295,2366,5606,22241,4183
171851,Sant Joan les Fonts,157,988,276,151,880,335,308,1868,611
171668,Sant Jordi Desvalls,41,226,58,46,190,88,87,416,146
089030,Sant Julià de Cerdanyola,26,91,29,19,77,31,45,168,60
171693,Sant Julià de Ramis,310,1144,183,299,1106,191,609,2250,374
082205,Sant Julià de Vilatorta,271,999,176,275,1003,231,546,2002,407
179032,Sant Julià del Llor i Bonmatí,97,465,75,105,422,112,202,887,187
082212,Sant Just Desvern,1326,5172,1051,1303,5548,1411,2629,10720,2462
082227,Sant Llorenç d'Hortons,213,880,140,219,789,178,432,1669,318
171714,Sant Llorenç de la Muga,15,75,19,13,61,30,28,136,49
251930,Sant Llorenç de Morunys,69,376,112,64,320,143,133,696,255
082233,Sant Llorenç Savall,180,815,212,198,736,261,378,1551,473
082251,Sant Martí d'Albars,6,42,11,5,33,16,11,75,27
082248,Sant Martí de Centelles,90,377,65,82,310,77,172,687,142
171729,Sant Martí de Llémena,42,195,50,50,170,38,92,365,88
259025,Sant Martí de Riucorb,32,227,101,38,190,109,70,417,210
082264,Sant Martí de Tous,103,375,102,122,333,125,225,708,227
082270,Sant Martí Sarroca,250,1076,253,254,1013,296,504,2089,549
082286,Sant Martí Sesgueioles,25,132,29,30,110,45,55,242,74
171735,Sant Martí Vell,32,78,21,22,73,24,54,151,45
082299,Sant Mateu de Bages,32,224,90,29,173,110,61,397,200
171740,Sant Miquel de Campmajor,14,92,23,17,87,19,31,179,42
171753,Sant Miquel de Fluvià,71,278,59,42,254,78,113,532,137
171766,Sant Mori,8,71,10,10,69,12,18,140,22
171772,Sant Pau de Segúries,39,241,81,37,219,100,76,460,181
082310,Sant Pere de Ribes,2476,10472,1417,2432,9787,1769,4908,20259,3186
082325,Sant Pere de Riudebitlles,205,796,197,183,758,237,388,1554,434
082331,Sant Pere de Torelló,194,819,191,133,794,258,327,1613,449
082346,Sant Pere de Vilamajor,387,1387,239,411,1337,260,798,2724,499
171788,Sant Pere Pescador,174,781,144,123,642,165,297,1423,309
081897,Sant Pere Sallavinera,7,57,24,10,50,23,17,107,47
082359,Sant Pol de Mar,434,1755,379,394,1731,409,828,3486,788
082362,Sant Quintí de Mediona,198,716,190,171,675,217,369,1391,407
082378,Sant Quirze de Besora,146,737,223,149,693,309,295,1430,532
082384,Sant Quirze del Vallès,1807,6602,698,1829,6557,969,3636,13159,1667
082397,Sant Quirze Safaja,49,242,31,77,217,29,126,459,60
251945,Sant Ramon,31,193,82,23,153,81,54,346,163
082401,Sant Sadurní d'Anoia,1085,4204,778,1004,4107,1059,2089,8311,1837
082418,Sant Sadurní d'Osormort,8,35,13,6,31,8,14,66,21
080983,Sant Salvador de Guardiola,296,1079,202,285,1005,215,581,2084,417
082628,Sant Vicenç de Castellet,616,3064,597,559,2762,966,1175,5826,1563
082649,Sant Vicenç de Montalt,675,1869,314,576,1864,329,1251,3733,643
082652,Sant Vicenç de Torelló,173,633,160,159,644,227,332,1277,387
082634,Sant Vicenç dels Horts,2389,9860,1648,2363,9404,2037,4752,19264,3685
431384,Santa Bàrbara,299,1361,381,276,1187,451,575,2548,832
082439,Santa Cecília de Voltregà,12,64,21,13,64,16,25,128,37
082444,Santa Coloma de Cervelló,792,2716,336,844,2605,451,1636,5321,787
171805,Santa Coloma de Farners,990,4304,763,940,3760,982,1930,8064,1745
082457,Santa Coloma de Gramenet,8940,43403,8546,7812,40148,10868,16752,83551,19414
431397,Santa Coloma de Queralt,284,1070,263,267,938,345,551,2008,608
171812,Santa Cristina d'Aro,460,1770,329,434,1674,350,894,3444,679
082460,Santa Eugènia de Berga,141,869,146,158,741,176,299,1610,322
082476,Santa Eulàlia de Riuprimer,89,375,76,69,351,92,158,726,168
082482,Santa Eulàlia de Ronçana,641,2342,443,568,2266,542,1209,4608,985
082495,Santa Fe del Penedès,38,134,25,43,123,26,81,257,51
171827,Santa Llogaia d'Àlguema,31,131,19,29,104,21,60,235,40
082508,Santa Margarida de Montbui,845,3511,596,807,3276,799,1652,6787,1395
082515,Santa Margarida i els Monjos,657,2617,341,631,2319,424,1288,4936,765
082589,Santa Maria d'Oló,77,376,107,72,333,121,149,709,228
082536,Santa Maria de Besora,6,55,21,6,49,26,12,104,47
082567,Santa Maria de Martorelles,70,310,51,72,290,57,142,600,108
082554,Santa Maria de Merlès,15,49,19,17,52,11,32,101,30
082573,Santa Maria de Miralles,6,48,11,7,43,15,13,91,26
082592,Santa Maria de Palautordera,822,3205,519,746,2879,652,1568,6084,1171
431401,Santa Oliva,311,1132,231,249,1041,276,560,2173,507
171848,Santa Pau,99,567,144,109,534,157,208,1101,301
082606,Santa Perpètua de Mogoda,2396,9317,1176,2190,8488,1481,4586,17805,2657
082613,Santa Susanna,315,1154,201,279,1091,211,594,2245,412
081923,Santpedor,585,2457,422,548,2309,554,1133,4766,976
431423,Sarral,132,615,144,128,509,187,260,1124,331
171864,Sarrià de Ter,332,1561,330,340,1474,431,672,3035,761
252017,Sarroca de Bellera,2,51,24,2,35,19,4,86,43
252000,Sarroca de Lleida,15,158,56,18,118,67,33,276,123
171870,"Saus, Camallera i Llampaies",44,260,66,59,256,83,103,516,149
431439,Savallà del Comtat,1,25,10,5,18,12,6,43,22
431444,"Secuita, la",125,566,89,123,500,119,248,1066,208
171886,"Selva de Mar, la",6,83,27,15,73,22,21,156,49
431457,"Selva del Camp, la",530,1855,345,492,1724,430,1022,3579,775
431460,Senan,4,24,8,7,13,3,11,37,11
430445,"Sénia, la",473,2221,467,432,2026,560,905,4247,1027
252022,Senterada,4,62,11,9,46,13,13,108,24
250352,"Sentiu de Sió, la",17,163,65,17,166,68,34,329,133
082671,Sentmenat,737,2850,396,664,2703,520,1401,5553,916
171903,Serinyà,84,387,85,85,356,98,169,743,183
252043,Seròs,120,717,205,90,500,232,210,1217,437
171910,Serra de Daró,19,65,27,7,52,24,26,117,51
171925,Setcases,3,66,27,8,48,21,11,114,48
252038,"Seu d'Urgell, la",1027,4527,898,966,4455,1190,1993,8982,2088
082690,Seva,310,1192,235,275,1082,276,585,2274,511
252056,Sidamon,59,262,55,63,248,69,122,510,124
171931,Sils,489,1847,295,437,1717,342,926,3564,637
082704,Sitges,2240,9828,1733,2096,9576,2195,4336,19404,3928
170524,Siurana,16,65,26,12,60,27,28,125,53
082711,Sobremunt,4,37,10,8,29,10,12,66,20
252069,"Soleràs, el",22,135,53,29,98,61,51,233,114
431476,Solivella,55,204,87,56,180,103,111,384,190
252075,Solsona,807,3204,676,744,2911,891,1551,6115,1567
082726,Sora,12,70,19,12,51,16,24,121,35
252081,Soriguera,22,144,35,18,112,39,40,256,74
252094,Sort,189,859,170,185,768,211,374,1627,381
252108,Soses,136,640,131,104,539,166,240,1179,297
082732,Subirats,261,1047,258,262,952,319,523,1999,577
252115,Sudanell,50,354,84,48,263,88,98,617,172
252120,Sunyer,16,101,36,17,85,41,33,186,77
082747,Súria,421,2152,589,411,2005,860,832,4157,1449
171946,Susqueda,6,52,15,7,37,13,13,89,28
082763,Tagamanent,25,112,26,29,88,28,54,200,54
082779,Talamanca,15,68,8,10,52,9,25,120,17
252154,Talarn,26,135,36,32,116,52,58,251,88
252167,Talavera,24,105,33,9,83,43,33,188,76
171959,"Tallada d'Empordà, la",26,134,53,28,128,51,54,262,104
082785,Taradell,568,2044,434,421,1946,551,989,3990,985
431482,Tarragona,11545,49347,8620,10840,48034,11937,22385,97381,20557
252173,Tàrrega,1441,5919,975,1328,5456,1420,2769,11375,2395
252189,Tarrés,3,38,13,4,32,18,7,70,31
252192,Tarroja de Segarra,13,54,24,8,52,27,21,106,51
082750,Tavèrnoles,23,106,24,21,107,21,44,213,45
082802,Tavertet,5,63,18,5,51,16,10,114,34
082819,Teià,510,2157,388,432,2095,505,942,4252,893
252206,Térmens,96,550,149,86,470,185,182,1020,334
171962,Terrades,23,104,22,24,96,32,47,200,54
082798,Terrassa,17954,74570,12522,16922,70724,18249,34876,145294,30771
082824,Tiana,693,2648,374,703,2682,490,1396,5330,864
252213,Tírvia,9,51,14,5,48,16,14,99,30
252228,Tiurana,5,22,13,7,27,11,12,49,24
431495,Tivenys,68,299,122,50,270,150,118,569,272
431508,Tivissa,93,619,217,103,530,253,196,1149,470
082830,Tona,731,2740,504,690,2613,677,1421,5353,1181
252234,Torà,98,488,119,88,424,150,186,912,269
082845,Tordera,1322,5537,1006,1186,5051,1243,2508,10588,2249
082858,Torelló,1038,4862,969,1028,4581,1330,2066,9443,2299
252249,"Torms, els",11,53,29,7,43,31,18,96,60
252252,Tornabous,53,298,112,33,240,121,86,538,233
252271,"Torre de Cabdella, la",27,286,96,27,247,128,54,533,224
082861,"Torre de Claramunt, la",368,1389,199,321,1241,208,689,2630,407
431515,"Torre de Fontaubella, la",7,47,22,9,37,25,16,84,47
431520,"Torre de l'Espanyol, la",36,233,84,42,189,94,78,422,178
252265,Torrebesses,18,97,40,9,87,49,27,184,89
431536,Torredembarra,1214,5421,1006,1180,5173,1278,2394,10594,2284
252287,Torrefarrera,406,1429,169,358,1331,218,764,2760,387
259078,Torrefeta i Florejacs,42,203,86,33,177,92,75,380,178
252304,Torregrossa,136,772,240,135,652,320,271,1424,560
252311,Torrelameu,32,286,68,37,184,78,69,470,146
082877,Torrelavit,87,534,120,82,409,140,169,943,260
082883,Torrelles de Foix,202,873,215,202,755,216,404,1628,431
082896,Torrelles de Llobregat,546,1947,229,550,1874,284,1096,3821,513
171978,Torrent,9,67,25,9,69,14,18,136,39
252326,Torres de Segre,129,742,191,147,624,219,276,1366,410
252332,Torre-serona,20,122,45,16,111,44,36,233,89
171984,Torroella de Fluvià,47,259,46,59,219,48,106,478,94
171997,Torroella de Montgrí,938,4126,816,929,3860,929,1867,7986,1745
431541,Torroja del Priorat,4,67,25,8,37,24,12,104,49
172001,Tortellà,42,242,93,54,215,114,96,457,207
431554,Tortosa,2592,12684,2629,2414,11142,3682,5006,23826,6311
172018,Toses,10,68,20,7,39,16,17,107,36
172023,Tossa de Mar,426,2176,445,400,1978,523,826,4154,968
252347,Tremp,432,2077,609,422,1866,822,854,3943,1431
172044,Ullà,86,466,64,76,311,73,162,777,137
082900,Ullastrell,200,655,95,182,615,117,382,1270,212
172057,Ullastret,18,82,24,21,68,26,39,150,50
431567,Ulldecona,545,2648,566,474,2267,736,1019,4915,1302
431573,Ulldemolins,23,164,79,15,117,83,38,281,162
172039,Ultramort,11,72,27,3,51,32,14,123,59
172060,Urús,15,74,14,8,66,24,23,140,38
082917,Vacarisses,679,2058,292,592,1952,299,1271,4010,591
170144,"Vajol, la",3,45,10,5,26,9,8,71,19
172076,"Vall d'en Bas, la",186,951,258,202,844,339,388,1795,597
172082,"Vall de Bianya, la",114,459,95,103,426,124,217,885,219
250432,"Vall de Boí, la",59,445,82,59,373,72,118,818,154
259010,Vall de Cardós,24,156,44,29,119,48,53,275,92
082922,Vallbona d'Anoia,115,531,90,105,462,124,220,993,214
252385,Vallbona de les Monges,11,80,38,7,67,48,18,147,86
082938,Vallcebre,14,97,39,5,71,38,19,168,77
431589,Vallclara,9,42,19,6,32,15,15,74,34
252402,Vallfogona de Balaguer,105,649,142,124,589,160,229,1238,302
171707,Vallfogona de Ripollès,12,82,26,9,65,27,21,147,53
431592,Vallfogona de Riucorb,1,44,24,0,23,27,1,67,51
082943,Vallgorguina,272,875,122,222,845,129,494,1720,251
082956,Vallirana,1297,4917,819,1291,4780,962,2588,9697,1781
172095,Vall-llobrega,101,293,38,92,292,37,193,585,75
431606,Vallmoll,124,615,114,114,552,111,238,1167,225
082969,Vallromanes,279,779,108,248,756,113,527,1535,221
431613,Valls,1987,9021,1664,1952,8175,2293,3939,17196,3957
259062,"Valls d'Aguilar, les",12,113,41,8,90,43,20,203,84
252398,"Valls de Valira, les",38,329,89,24,280,72,62,609,161
431628,Vandellòs i l'Hospitalet de l'Infant,445,2031,389,433,1977,479,878,4008,868
259097,"Vansa i Fórnols, la",9,76,31,9,62,26,18,138,57
082975,Veciana,14,51,27,10,50,20,24,101,47
431634,"Vendrell, el",3062,12824,2153,3022,12181,2579,6084,25005,4732
172109,Ventalló,50,283,77,53,230,87,103,513,164
252424,Verdú,59,308,125,65,295,173,124,603,298
172116,Verges,78,383,115,72,359,155,150,742,270
431649,Vespella de Gaià,32,161,32,25,134,20,57,295,52
082981,Vic,3539,14009,2392,3205,12948,3751,6744,26957,6143
172121,Vidrà,14,62,13,11,56,17,25,118,30
172137,Vidreres,713,2646,484,572,2423,592,1285,5069,1076
252430,Vielha e Mijaran,431,2354,231,387,2029,278,818,4383,509
431652,Vilabella,47,280,85,48,239,100,95,519,185
172142,Vilabertran,66,317,86,58,263,92,124,580,178
172155,Vilablareix,204,813,106,179,849,132,383,1662,238
082994,Vilada,24,180,53,16,159,88,40,339,141
172174,Viladamat,30,167,44,32,143,50,62,310,94
172168,Viladasens,14,79,18,12,68,26,26,147,44
083015,Viladecans,5581,22798,3512,5253,21996,4349,10834,44794,7861
083008,Viladecavalls,719,2645,310,688,2578,382,1407,5223,692
172180,Vilademuls,64,261,83,49,246,83,113,507,166
172207,Viladrau,83,401,83,95,349,89,178,750,172
172214,Vilafant,478,1898,300,446,1937,357,924,3835,657
083054,Vilafranca del Penedès,3148,13647,2350,3051,12896,3333,6199,26543,5683
252445,Vilagrassa,33,152,48,35,132,55,68,284,103
172235,Vilajuïga,95,378,88,109,371,108,204,749,196
431750,Vilalba dels Arcs,35,238,107,37,191,116,72,429,223
083067,Vilalba Sasserra,54,233,44,50,215,40,104,448,84
252458,Vilaller,33,324,55,33,204,66,66,528,121
172240,Vilallonga de Ter,23,172,61,22,143,57,45,315,118
431665,Vilallonga del Camp,155,682,122,138,665,127,293,1347,249
172253,Vilamacolum,20,121,26,23,94,38,43,215,64
172266,Vilamalla,109,428,70,84,376,67,193,804,137
172272,Vilamaniscle,16,60,15,12,52,14,28,112,29
252477,Vilamòs,12,70,13,8,64,7,20,134,20
172288,Vilanant,20,119,36,33,118,30,53,237,66
431671,Vilanova d'Escornalbou,44,213,51,35,176,40,79,389,91
252483,Vilanova de Bellpuig,83,376,143,45,355,168,128,731,311
252496,Vilanova de l'Aguda,13,67,37,19,60,38,32,127,75
252542,Vilanova de la Barca,78,449,116,79,411,140,157,860,256
252509,Vilanova de Meià,17,142,60,16,111,72,33,253,132
431687,Vilanova de Prades,6,53,18,9,39,19,15,92,37
083036,Vilanova de Sau,22,114,24,18,121,37,40,235,61
252516,Vilanova de Segrià,56,327,63,40,273,86,96,600,149
083020,Vilanova del Camí,1168,4576,675,1097,4261,872,2265,8837,1547
089024,Vilanova del Vallès,552,1608,229,461,1551,253,1013,3159,482
083073,Vilanova i la Geltrú,5203,22828,4400,5010,22469,5980,10213,45297,10380
431690,Vilaplana,23,221,67,40,187,76,63,408,143
431704,Vila-rodona,99,440,105,90,397,129,189,837,234
172305,Vila-sacra,39,211,37,43,208,60,82,419,97
252521,Vila-sana,44,237,66,52,219,78,96,456,144
431711,Vila-seca,1737,8001,933,1696,7305,1194,3433,15306,2127
082140,Vilassar de Dalt,671,2992,602,670,2974,763,1341,5966,1365
082191,Vilassar de Mar,1751,6491,1211,1578,6752,1699,3329,13243,2910
172229,Vilaür,9,42,17,8,48,16,17,90,33
431726,Vilaverd,33,169,41,38,144,69,71,313,110
431732,"Vilella Alta, la",4,44,17,10,24,15,14,68,32
431747,"Vilella Baixa, la",14,81,18,15,53,25,29,134,43
172333,Vilobí d'Onyar,248,1086,214,231,940,237,479,2026,451
083041,Vilobí del Penedès,99,393,82,79,357,102,178,750,184
172327,Vilopriu,24,76,20,13,59,29,37,135,49
252537,"Vilosell, el",3,69,26,5,60,37,8,129,63
431763,Vimbodí i Poblet,78,378,143,53,296,129,131,674,272
252555,Vinaixa,36,213,64,22,185,87,58,398,151
431779,Vinebre,26,163,49,32,149,64,58,312,113
431785,Vinyols i els Arcs,143,671,135,137,616,127,280,1287,262
083089,Viver i Serrateix,16,63,19,14,51,23,30,114,42
430521,Xerta,88,403,150,78,390,191,166,793,341
,Catalunya,576675,2624687,512403,543176,2513363,705116,1119851,5138050,1217519

