Codi,Literal,Homes. De 0 a 14 anys,Homes. De 15 a 64 anys,Homes. 65 anys o més,Dones. De 0 a 14 anys,Dones. De 15 a 64 anys,Dones. 65 anys o més,Total. De 0 a 14 anys,Total. De 15 a 64 anys,Total. 65 anys o més
250019,Abella de la Conca,7,60,23,10,46,19,17,106,42
080018,Abrera,1195,4231,726,1113,3989,801,2308,8220,1527
250024,Àger,36,210,81,22,165,90,58,375,171
250030,Agramunt,465,1963,424,439,1729,579,904,3692,1003
080023,Aguilar de Segarra,16,80,32,18,73,23,34,153,55
170010,Agullana,53,292,89,70,248,101,123,540,190
080142,Aiguafreda,183,810,216,185,813,295,368,1623,511
430017,Aiguamúrcia,57,332,97,65,274,93,122,606,190
170025,Aiguaviva,79,255,59,93,248,58,172,503,117
250387,Aitona,172,811,251,180,664,324,352,1475,575
250045,"Alamús, els",41,271,83,45,223,89,86,494,172
250058,Alàs i Cerc,18,122,43,27,97,52,45,219,95
250061,"Albagés, l'",24,141,59,20,119,64,44,260,123
170031,Albanyà,22,63,5,13,51,10,35,114,15
250077,Albatàrrec,174,815,107,150,708,136,324,1523,243
250083,Albesa,136,591,158,93,476,182,229,1067,340
250096,"Albi, l'",70,261,117,63,237,115,133,498,232
430022,Albinyana,188,776,214,181,738,257,369,1514,471
430038,"Albiol, l'",42,168,28,52,154,25,94,322,53
170046,Albons,70,257,60,61,228,63,131,485,123
430043,Alcanar,761,3647,956,645,3314,1066,1406,6961,2022
250100,Alcanó,15,70,34,12,69,44,27,139,78
250117,Alcarràs,800,3392,499,730,2984,621,1530,6376,1120
250122,Alcoletge,264,1250,183,251,1078,198,515,2328,381
430056,Alcover,468,1744,373,438,1665,454,906,3409,827
439044,"Aldea, l'",341,1602,396,285,1320,470,626,2922,866
430069,Aldover,64,297,133,56,278,145,120,575,278
430075,"Aleixar, l'",75,300,68,80,268,93,155,568,161
080039,Alella,845,3164,727,760,3349,845,1605,6513,1572
430081,Alfara de Carles,20,141,54,23,101,55,43,242,109
250138,Alfarràs,224,1031,286,229,870,361,453,1901,647
250143,Alfés,13,111,40,21,86,48,34,197,88
430094,Alforja,139,638,172,108,605,195,247,1243,367
250156,Algerri,16,141,71,11,103,89,27,244,160
250169,Alguaire,236,1123,277,223,933,321,459,2056,598
250175,Alins,19,98,40,21,77,46,40,175,86
430108,Alió,21,145,46,38,130,41,59,275,87
250194,Almacelles,514,2427,556,480,2049,698,994,4476,1254
250208,Almatret,8,123,52,9,82,74,17,205,126
250215,Almenar,247,1330,348,232,1041,414,479,2371,762
430115,Almoster,120,486,85,121,494,90,241,980,175
250220,Alòs de Balaguer,8,43,24,4,30,24,12,73,48
170062,Alp,125,687,96,127,569,108,252,1256,204
080044,Alpens,26,111,30,20,87,30,46,198,60
250236,Alpicat,595,2179,346,616,2110,421,1211,4289,767
250241,Alt Àneu,12,174,47,21,126,36,33,300,83
430120,Altafulla,449,1665,308,430,1700,376,879,3365,684
170078,Amer,141,736,222,153,726,305,294,1462,527
430136,"Ametlla de Mar, l'",587,2540,797,534,2376,870,1121,4916,1667
080057,"Ametlla del Vallès, l'",834,2853,442,766,2792,540,1600,5645,982
439060,"Ampolla, l'",227,1245,382,207,1164,411,434,2409,793
430141,Amposta,1853,7472,1596,1647,6993,1950,3500,14465,3546
170084,Anglès,480,1877,461,488,1796,560,968,3673,1021
250273,Anglesola,96,436,151,111,409,181,207,845,332
250292,Arbeca,147,839,284,147,708,345,294,1547,629
430167,"Arboç, l'",539,1973,360,517,1679,449,1056,3652,809
430154,Arbolí,6,47,9,0,32,16,6,79,25
170097,Arbúcies,571,2343,488,546,2011,568,1117,4354,1056
080060,Arenys de Mar,1185,5048,1224,1039,4965,1763,2224,10013,2987
080076,Arenys de Munt,812,2961,584,731,2764,736,1543,5725,1320
170101,Argelaguer,34,146,43,23,131,48,57,277,91
080082,Argençola,11,95,11,14,62,22,25,157,33
430173,"Argentera, l'",3,67,18,5,41,18,8,108,36
080095,Argentona,1079,3977,804,1030,3974,1056,2109,7951,1860
170118,"Armentera, l'",59,295,82,68,261,106,127,556,188
430189,Arnes,21,140,86,23,120,89,44,260,175
250313,Arres,5,30,5,0,17,4,5,47,9
250328,Arsèguel,7,32,6,8,25,6,15,57,12
080109,Artés,449,1979,385,446,1801,547,895,3780,932
250334,Artesa de Lleida,130,521,146,115,437,170,245,958,316
250349,Artesa de Segre,284,1270,333,289,1112,420,573,2382,753
430192,Ascó,86,590,183,83,523,185,169,1113,368
250365,Aspa,13,59,35,5,66,34,18,125,69
250371,"Avellanes i Santa Linya, les",27,158,85,23,117,64,50,275,149
080116,Avià,192,742,206,185,727,237,377,1469,443
080121,Avinyó,203,757,201,165,692,298,368,1449,499
170123,Avinyonet de Puigventós,172,559,69,153,536,77,325,1095,146
080137,Avinyonet del Penedès,171,589,143,136,494,172,307,1083,315
080155,Badalona,18124,75924,15257,16846,72828,20729,34970,148752,35986
089045,Badia del Vallès,1126,4496,964,1059,4445,1441,2185,8941,2405
080168,Bagà,143,761,242,121,727,305,264,1488,547
250390,Baix Pallars,29,123,43,23,113,45,52,236,88
250404,Balaguer,1466,5838,1190,1335,5204,1632,2801,11042,2822
080174,Balenyà,326,1313,235,321,1213,320,647,2526,555
080180,Balsareny,213,1262,272,226,1084,417,439,2346,689
430206,Banyeres del Penedès,294,1053,205,300,964,228,594,2017,433
170157,Banyoles,1797,6471,1314,1666,6052,1819,3463,12523,3133
250411,Barbens,69,280,106,66,225,124,135,505,230
430213,Barberà de la Conca,40,193,49,32,144,65,72,337,114
082520,Barberà del Vallès,2875,11448,1830,2801,11212,2414,5676,22660,4244
080193,Barcelona,102296,526558,134847,96982,545267,205872,199278,1071825,340719
250426,"Baronia de Rialb, la",11,91,35,14,67,39,25,158,74
170160,Bàscara,88,317,94,64,278,133,152,595,227
250447,Bassella,15,79,33,17,77,28,32,156,61
430228,Batea,121,608,256,122,572,288,243,1180,544
250450,Bausen,1,15,15,1,11,9,2,26,24
080207,Begues,668,2280,326,666,2272,378,1334,4552,704
170139,Begur,289,1433,371,278,1361,416,567,2794,787
250463,Belianes,33,174,79,31,147,92,64,321,171
251706,Bellaguarda,21,95,50,6,90,55,27,185,105
170182,Bellcaire d'Empordà,54,202,66,47,219,76,101,421,142
250479,Bellcaire d'Urgell,89,435,149,87,366,189,176,801,338
250485,Bell-lloc d'Urgell,171,766,211,189,737,263,360,1503,474
250498,Bellmunt d'Urgell,13,61,23,12,58,31,25,119,54
430234,Bellmunt del Priorat,19,107,37,14,89,47,33,196,84
080214,Bellprat,4,31,17,3,24,10,7,55,27
250501,Bellpuig,383,1856,350,414,1485,513,797,3341,863
430249,Bellvei,214,709,168,201,667,170,415,1376,338
250518,Bellver de Cerdanya,162,795,193,145,663,227,307,1458,420
250523,Bellvís,173,768,247,143,711,329,316,1479,576
250539,Benavent de Segrià,149,546,100,146,486,100,295,1032,200
430252,Benifallet,27,227,111,26,196,138,53,423,249
430265,Benissanet,74,488,131,80,348,159,154,836,290
080229,Berga,1277,5461,1436,1152,5274,2009,2429,10735,3445
170195,Besalú,171,747,235,197,764,292,368,1511,527
170209,Bescanó,482,1594,325,491,1553,394,973,3147,719
170216,Beuda,16,63,21,14,60,14,30,123,35
080235,Bigues i Riells del Fai,868,3090,514,831,2855,589,1699,5945,1103
250557,Biosca,8,77,25,5,51,36,13,128,61
170221,"Bisbal d'Empordà, la",1044,3705,703,900,3476,965,1944,7181,1668
430271,"Bisbal de Falset, la",17,71,33,6,53,39,23,124,72
430287,"Bisbal del Penedès, la",290,1216,324,263,1079,325,553,2295,649
172348,Biure,15,89,26,15,70,29,30,159,55
430290,Blancafort,24,139,49,22,122,58,46,261,107
170237,Blanes,3195,13878,2854,2995,13071,3667,6190,26949,6521
170293,Boadella i les Escaules,19,81,23,16,84,25,35,165,48
170242,Bolvir,26,142,32,22,110,41,48,252,73
430304,Bonastre,52,238,50,59,207,48,111,445,98
250576,"Bòrdes, Es",14,96,23,11,73,19,25,169,42
170255,Bordils,151,620,115,155,550,151,306,1170,266
250582,"Borges Blanques, les",500,2091,531,421,1862,698,921,3953,1229
430311,"Borges del Camp, les",191,695,170,203,658,197,394,1353,367
170268,Borrassà,66,234,57,58,209,77,124,443,134
080240,Borredà,45,209,61,22,159,84,67,368,145
250595,Bossòst,87,430,79,92,402,97,179,832,176
430326,Bot,39,206,103,24,172,124,63,378,227
430332,Botarell,110,418,67,93,351,74,203,769,141
250560,Bovera,6,95,56,8,64,62,14,159,118
430347,Bràfim,53,224,65,43,202,82,96,426,147
170274,Breda,266,1283,334,292,1162,418,558,2445,752
080253,"Bruc, el",220,749,114,179,627,138,399,1376,252
080266,"Brull, el",32,92,18,22,80,22,54,172,40
170280,Brunyola i Sant Martí Sapresa,26,129,44,29,116,49,55,245,93
430350,Cabacés,14,116,40,26,88,49,40,204,89
250609,Cabanabona,6,29,9,5,22,26,11,51,35
170314,Cabanelles,15,93,29,15,71,25,30,164,54
170307,Cabanes,84,314,96,77,267,92,161,581,188
080272,"Cabanyes, les",103,339,55,111,297,64,214,636,119
250616,Cabó,0,33,14,5,27,15,5,60,29
430363,Cabra del Camp,128,385,102,85,364,106,213,749,208
080288,Cabrera d'Anoia,122,495,89,117,425,90,239,920,179
080291,Cabrera de Mar,403,1575,294,365,1554,338,768,3129,632
080305,Cabrils,751,2377,401,732,2497,423,1483,4874,824
170329,Cadaqués,230,1020,198,228,982,280,458,2002,478
080312,Calaf,300,1230,291,278,1049,356,578,2279,647
430379,Calafell,2055,8390,1876,1914,8199,2129,3969,16589,4005
080348,Calders,80,332,75,75,300,91,155,632,166
080327,Caldes d'Estrac,194,897,222,199,927,321,393,1824,543
170335,Caldes de Malavella,646,2379,496,590,2332,589,1236,4711,1085
080333,Caldes de Montbui,1507,5877,1178,1386,5642,1566,2893,11519,2744
080351,Calella,1456,6250,1386,1387,5968,2022,2843,12218,3408
080370,Calldetenes,210,902,154,195,831,187,405,1733,341
080386,Callús,185,610,139,162,575,225,347,1185,364
080364,Calonge de Segarra,16,59,27,11,55,35,27,114,62
170340,Calonge i Sant Antoni,839,3604,877,781,3509,986,1620,7113,1863
250621,Camarasa,54,314,111,35,279,148,89,593,259
439039,Camarles,289,1221,345,256,1106,411,545,2327,756
430385,Cambrils,3017,11683,2058,2892,11587,2538,5909,23270,4596
170353,Camós,54,230,70,45,204,89,99,434,159
170366,Campdevànol,253,1054,375,210,1036,494,463,2090,869
170372,Campelles,4,48,14,13,43,15,17,91,29
080399,Campins,53,198,25,54,180,34,107,378,59
170388,Campllong,54,175,26,68,157,35,122,332,61
170391,Camprodon,161,815,243,173,753,321,334,1568,564
250637,Canejan,0,37,17,6,29,13,6,66,30
170405,Canet d'Adri,50,220,51,38,198,70,88,418,121
080403,Canet de Mar,1189,4587,1117,1091,4577,1563,2280,9164,2680
439076,"Canonja, la",516,2012,351,505,1923,434,1021,3935,785
080410,Canovelles,1554,5786,960,1452,5116,1141,3006,10902,2101
080425,Cànoves i Samalús,240,1013,220,254,921,229,494,1934,449
170412,Cantallops,21,115,33,24,97,45,45,212,78
080431,Canyelles,415,1533,252,421,1458,240,836,2991,492
430398,Capafonts,0,40,18,4,31,20,4,71,38
430402,Capçanes,18,138,51,23,127,58,41,265,109
080446,Capellades,438,1784,460,398,1700,594,836,3484,1054
170427,Capmany,40,195,81,39,180,73,79,375,154
080459,Capolat,6,26,4,10,30,11,16,56,15
080462,Cardedeu,1703,5882,1060,1596,5897,1395,3299,11779,2455
080478,Cardona,297,1637,524,321,1479,748,618,3116,1272
080484,Carme,76,286,75,51,253,90,127,539,165
430419,Caseres,10,85,42,13,81,42,23,166,84
170448,Cassà de la Selva,860,3583,657,822,3036,941,1682,6619,1598
080497,Casserres,91,516,185,83,494,225,174,1010,410
080575,Castell de l'Areny,5,31,6,3,21,6,8,52,12
259046,Castell de Mur,7,58,24,10,41,28,17,99,52
250642,Castellar de la Ribera,16,45,23,12,45,16,28,90,39
080522,Castellar de n'Hug,11,65,16,7,45,22,18,110,38
080500,Castellar del Riu,16,60,19,14,49,12,30,109,31
080517,Castellar del Vallès,2287,7907,1362,2117,7978,1804,4404,15885,3166
080538,Castellbell i el Vilar,297,1281,284,298,1139,344,595,2420,628
080543,Castellbisbal,1343,4323,658,1189,4102,754,2532,8425,1412
080556,Castellcir,64,246,48,75,208,63,139,454,111
250674,Castelldans,49,366,115,59,285,126,108,651,241
080569,Castelldefels,5694,22065,3492,5351,21984,4491,11045,44049,7983
080581,Castellet i la Gornal,178,754,201,180,725,223,358,1479,424
170464,Castellfollit de la Roca,94,325,106,62,300,138,156,625,244
080608,Castellfollit de Riubregós,11,69,20,2,53,28,13,122,48
080594,Castellfollit del Boix,40,138,36,29,135,46,69,273,82
080615,Castellgalí,202,697,150,180,636,158,382,1333,308
080620,Castellnou de Bages,119,418,76,142,398,63,261,816,139
250680,Castellnou de Seana,51,265,91,55,210,104,106,475,195
170470,Castelló d'Empúries,918,4094,1037,936,3827,1098,1854,7921,2135
250693,Castelló de Farfanya,33,186,79,20,153,84,53,339,163
080636,Castellolí,40,191,38,65,170,52,105,361,90
170486,Castell-Platja d'Aro,818,3749,776,774,3744,904,1592,7493,1680
250707,Castellserà,51,357,136,68,298,168,119,655,304
080641,Castellterçol,176,781,229,181,733,302,357,1514,531
430424,Castellvell del Camp,285,976,156,287,981,155,572,1957,311
080654,Castellví de la Marca,135,543,139,134,492,176,269,1035,315
080667,Castellví de Rosanes,142,609,109,158,580,148,300,1189,257
430430,"Catllar, el",395,1512,238,332,1442,245,727,2954,483
250714,Cava,1,23,10,2,15,9,3,38,19
171899,"Cellera de Ter, la",158,697,178,154,624,251,312,1321,429
170499,Celrà,546,1758,203,547,1704,270,1093,3462,473
080673,Centelles,623,2421,557,610,2347,788,1233,4768,1345
082687,Cercs,71,417,154,58,358,214,129,775,368
082665,Cerdanyola del Vallès,4658,19812,3861,4412,19971,4928,9070,39783,8789
080689,Cervelló,752,3083,532,723,2947,684,1475,6030,1216
250729,Cervera,878,3146,628,779,2943,838,1657,6089,1466
250735,Cervià de les Garrigues,36,243,101,35,194,117,71,437,218
170502,Cervià de Ter,95,284,80,78,284,88,173,568,168
170519,Cistella,21,95,27,25,93,31,46,188,58
250740,Ciutadilla,13,68,33,4,62,29,17,130,62
250753,Clariana de Cardener,8,53,12,15,42,11,23,95,23
250766,"Cogul, el",6,68,34,9,49,27,15,117,61
170545,Colera,24,186,83,27,159,80,51,345,163
250772,Coll de Nargó,29,199,64,26,183,82,55,382,146
080692,Collbató,534,1504,211,474,1413,231,1008,2917,442
430458,Colldejou,6,66,20,10,57,14,16,123,34
080706,Collsuspina,35,109,37,27,106,24,62,215,61
170558,Colomers,17,54,23,12,59,28,29,113,51
251636,"Coma i la Pedra, la",16,128,19,15,75,20,31,203,39
251615,Conca de Dalt,24,156,53,25,124,64,49,280,117
430461,Conesa,4,49,10,6,38,17,10,87,27
430477,Constantí,695,2436,407,601,2150,459,1296,4586,866
080713,Copons,32,98,30,32,100,33,64,198,63
430483,Corbera d'Ebre,68,416,124,65,315,142,133,731,266
080728,Corbera de Llobregat,1441,4921,767,1342,4892,952,2783,9813,1719
250788,Corbins,115,510,118,109,390,159,224,900,277
170577,Corçà,95,407,120,91,420,140,186,827,260
080734,Cornellà de Llobregat,6818,28672,6982,6579,28186,9450,13397,56858,16432
170561,Cornellà del Terri,199,739,215,174,708,223,373,1447,438
430496,Cornudella de Montsant,53,357,110,53,277,133,106,634,243
430509,Creixell,283,1166,318,277,1044,367,560,2210,685
170583,Crespià,24,80,26,18,78,30,42,158,56
179011,"Cruïlles, Monells i Sant Sadurní de l'Heura",93,445,109,97,426,103,190,871,212
080749,Cubelles,1372,5002,967,1275,4809,1103,2647,9811,2070
250791,Cubells,21,142,60,19,115,62,40,257,122
430516,Cunit,1018,4075,1155,1045,3909,1214,2063,7984,2369
170600,Darnius,30,181,64,26,164,86,56,345,150
170617,Das,19,79,22,20,57,19,39,136,41
439018,Deltebre,978,4019,1143,846,3849,1323,1824,7868,2466
080752,Dosrius,526,1819,287,491,1756,306,1017,3575,593
430537,Duesaigües,9,99,32,15,61,30,24,160,62
170622,"Escala, l'",742,3551,1052,680,3395,1093,1422,6946,2145
080765,Esparreguera,2009,7743,1384,1878,7197,1715,3887,14940,3099
170638,Espinelves,13,61,20,15,55,29,28,116,49
250812,"Espluga Calba, l'",18,132,55,27,94,75,45,226,130
430542,"Espluga de Francolí, l'",266,1303,339,279,1232,478,545,2535,817
080771,Esplugues de Llobregat,3357,15188,4045,3069,15760,5248,6426,30948,9293
170643,Espolla,23,132,48,22,121,61,45,253,109
170656,Esponellà,46,140,40,36,134,51,82,274,91
250827,Espot,26,144,26,25,103,34,51,247,60
080787,"Espunyola, l'",18,79,37,12,82,37,30,161,74
082541,"Esquirol, l'",162,749,202,150,671,268,312,1420,470
250886,Estamariu,9,37,28,6,30,16,15,67,44
080790,"Estany, l'",29,132,42,18,123,67,47,255,109
250851,Estaràs,4,57,24,6,43,24,10,100,48
250864,Esterri d'Àneu,59,333,65,53,295,83,112,628,148
250870,Esterri de Cardós,3,28,5,3,24,7,6,52,12
430555,Falset,243,968,249,226,889,308,469,1857,557
170059,"Far d'Empordà, el",60,182,45,60,169,52,120,351,97
250899,Farrera,9,49,14,9,34,9,18,83,23
430568,"Fatarella, la",46,324,158,58,279,191,104,603,349
430574,"Febró, la",0,27,8,1,7,5,1,34,13
081347,Figaró-Montmany,95,376,92,94,341,112,189,717,204
080804,Fígols,3,12,9,3,10,8,6,22,17
259084,Fígols i Alinyà,16,90,43,11,62,45,27,152,88
430580,"Figuera, la",4,41,14,1,29,19,5,70,33
170669,Figueres,3976,15704,2706,3861,14949,3927,7837,30653,6633
430593,Figuerola del Camp,28,116,31,37,101,39,65,217,70
170675,Flaçà,79,339,86,77,338,130,156,677,216
430607,Flix,190,1345,426,183,1222,563,373,2567,989
250925,"Floresta, la",11,58,20,11,37,27,22,95,47
080826,Fogars de la Selva,111,549,117,131,464,112,242,1013,229
080811,Fogars de Montclús,54,158,40,38,140,43,92,298,83
170681,Foixà,24,96,40,19,92,46,43,188,86
080832,Folgueroles,280,703,152,236,700,178,516,1403,330
250931,Fondarella,57,296,59,58,276,72,115,572,131
080847,Fonollosa,122,510,115,104,484,111,226,994,226
170694,Fontanals de Cerdanya,18,171,42,25,157,45,43,328,87
170708,Fontanilles,13,56,18,8,39,20,21,95,38
170715,Fontcoberta,116,493,90,137,498,105,253,991,195
080850,Font-rubí,107,463,159,122,398,166,229,861,325
250946,Foradada,7,68,31,6,48,25,13,116,56
179026,Forallac,118,577,137,115,578,175,233,1155,312
430614,Forès,0,18,9,0,10,12,0,28,21
170736,Fornells de la Selva,263,816,127,267,829,160,530,1645,287
170741,Fortià,52,209,73,58,216,74,110,425,147
080863,"Franqueses del Vallès, les",1900,6836,998,1748,6390,1202,3648,13226,2200
430629,Freginals,20,178,55,17,129,69,37,307,124
250962,"Fuliola, la",107,419,137,90,372,175,197,791,312
250978,Fulleda,1,36,16,2,31,19,3,67,35
080902,Gaià,12,67,10,10,50,10,22,117,20
430635,"Galera, la",45,280,89,53,239,102,98,519,191
080879,Gallifa,11,80,14,10,70,15,21,150,29
430640,Gandesa,225,1080,299,199,960,354,424,2040,653
430653,Garcia,32,187,69,41,156,83,73,343,152
430666,"Garidells, els",12,67,16,8,65,19,20,132,35
080885,"Garriga, la",1446,5124,981,1330,5327,1378,2776,10451,2359
170754,Garrigàs,25,145,44,29,128,38,54,273,82
170767,Garrigoles,5,59,23,12,38,20,17,97,43
170773,Garriguella,83,277,73,67,275,89,150,552,162
080898,Gavà,4108,15710,3086,3760,15755,3958,7868,31465,7044
250984,Gavet de la Conca,14,83,53,10,81,59,24,164,112
080919,Gelida,714,2392,446,659,2339,573,1373,4731,1019
170789,Ger,34,166,44,33,137,42,67,303,86
259123,Gimenells i el Pla de la Font,77,380,127,80,322,155,157,702,282
430672,Ginestar,48,307,110,53,260,124,101,567,234
170792,Girona,8597,32555,5598,8065,34330,8147,16662,66885,13745
080924,Gironella,322,1608,498,325,1477,710,647,3085,1208
080930,Gisclareny,0,15,2,0,10,2,0,25,4
430688,Godall,33,222,113,31,206,108,64,428,221
250997,Golmés,141,599,134,157,559,162,298,1158,296
170806,Gombrèn,21,60,17,14,64,23,35,124,40
251001,Gósol,7,92,28,3,59,28,10,151,56
080945,"Granada, la",189,721,131,170,678,166,359,1399,297
251018,"Granadella, la",46,251,101,36,193,123,82,444,224
080958,Granera,1,39,10,3,17,6,4,56,16
251023,"Granja d'Escarp, la",44,365,112,52,288,127,96,653,239
080961,Granollers,4853,20788,3947,4552,20079,5534,9405,40867,9481
251039,Granyanella,7,49,20,4,42,20,11,91,40
251057,Granyena de les Garrigues,9,67,27,5,38,27,14,105,54
251044,Granyena de Segarra,3,33,24,4,31,32,7,64,56
430691,Gratallops,15,91,28,8,79,29,23,170,57
080977,Gualba,147,475,85,140,443,104,287,918,189
170813,Gualta,33,134,32,26,107,36,59,241,68
080996,Guardiola de Berguedà,59,362,108,58,276,115,117,638,223
430705,"Guiamets, els",9,100,31,14,92,51,23,192,82
170828,Guils de Cerdanya,37,227,36,38,182,44,75,409,80
251095,Guimerà,6,95,60,9,61,65,15,156,125
259031,"Guingueta d'Àneu, la",20,117,31,20,100,38,40,217,69
251109,Guissona,690,2674,258,657,2160,357,1347,4834,615
251116,Guixers,3,52,23,5,37,10,8,89,33
081000,Gurb,258,906,174,206,837,189,464,1743,363
430712,Horta de Sant Joan,82,415,170,68,338,186,150,753,356
081017,"Hospitalet de Llobregat, l'",18168,84060,21446,17010,84504,28868,35178,168564,50314
081629,"Hostalets de Pierola, els",319,1040,154,290,949,183,609,1989,337
170834,Hostalric,354,1381,287,332,1278,348,686,2659,635
081022,Igualada,3432,12853,2827,3209,12561,4096,6641,25414,6923
251155,Isona i Conca Dellà,52,343,165,55,286,152,107,629,317
170849,Isòvol,17,135,28,8,103,27,25,238,55
251137,Ivars d'Urgell,98,566,189,100,428,238,198,994,427
251121,Ivars de Noguera,19,129,42,20,103,52,39,232,94
251142,Ivorra,5,41,17,3,29,24,8,70,41
170852,Jafre,27,152,42,20,114,52,47,266,94
170865,"Jonquera, la",293,1109,190,246,1053,244,539,2162,434
081038,Jorba,88,277,59,74,282,69,162,559,128
259101,Josa i Tuixén,5,57,18,5,40,16,10,97,34
170871,Juià,41,121,28,32,101,30,73,222,58
251180,Juncosa,12,162,65,23,112,69,35,274,134
251193,Juneda,275,1207,338,238,1026,397,513,2233,735
251214,Les,82,364,47,72,348,73,154,712,120
251229,Linyola,200,900,250,205,817,282,405,1717,532
081043,"Llacuna, la",67,341,95,53,257,121,120,598,216
170887,Lladó,73,241,60,80,234,67,153,475,127
251235,Lladorre,12,83,21,20,75,27,32,158,48
251240,Lladurs,7,68,28,10,46,28,17,114,56
081056,"Llagosta, la",1191,4499,978,1138,4400,1241,2329,8899,2219
170890,Llagostera,723,2910,607,709,2501,750,1432,5411,1357
170904,Llambilles,77,246,52,77,220,60,154,466,112
170911,Llanars,27,184,49,22,158,66,49,342,115
170926,Llançà,344,1654,482,371,1581,586,715,3235,1068
251253,Llardecans,18,157,80,17,128,97,35,285,177
251266,Llavorsí,21,121,44,20,115,40,41,236,84
251207,Lleida,11281,48858,9155,10811,46590,13114,22092,95448,22269
170932,Llers,103,405,113,96,390,122,199,795,235
251272,Lles de Cerdanya,16,105,38,13,63,31,29,168,69
081075,Lliçà d'Amunt,1389,5057,1013,1310,4825,1065,2699,9882,2078
081081,Lliçà de Vall,564,2221,476,543,2170,452,1107,4391,928
251288,Llimiana,8,57,29,3,43,22,11,100,51
081069,Llinars del Vallès,839,3259,628,784,3207,837,1623,6466,1465
170947,Llívia,115,664,109,98,514,125,213,1178,234
430727,"Lloar, el",7,37,17,6,31,15,13,68,32
251291,Llobera,16,71,25,9,64,25,25,135,50
430733,Llorac,5,42,13,6,33,14,11,75,27
430748,Llorenç del Penedès,223,745,158,200,726,252,423,1471,410
170950,Lloret de Mar,3298,15848,2109,2956,14044,2548,6254,29892,4657
170963,"Llosses, les",10,98,19,12,59,16,22,157,35
081094,Lluçà,17,84,19,25,74,23,42,158,42
171024,Maçanet de Cabrenys,43,236,104,46,204,112,89,440,216
171030,Maçanet de la Selva,585,2580,510,640,2303,584,1225,4883,1094
170979,Madremanya,29,80,25,19,97,29,48,177,54
170985,Maià de Montcal,41,143,46,40,142,41,81,285,87
251333,Maials,52,314,132,56,246,158,108,560,290
251305,Maldà,15,76,28,6,68,40,21,144,68
081108,Malgrat de Mar,1468,6354,1443,1335,5929,1900,2803,12283,3343
081115,Malla,18,89,23,14,87,31,32,176,54
081120,Manlleu,1913,6865,1417,1883,6418,1939,3796,13283,3356
081136,Manresa,6207,25256,5826,5872,24247,8762,12079,49503,14588
430764,Marçà,45,202,73,42,181,73,87,383,146
430751,Margalef,5,40,18,2,28,17,7,68,35
082423,Marganell,26,100,22,14,106,41,40,206,63
081141,Martorell,2736,9988,1799,2538,8736,2311,5274,18724,4110
081154,Martorelles,358,1695,387,348,1587,507,706,3282,894
430770,Mas de Barberans,34,209,68,32,189,105,66,398,173
171002,Masarac,18,113,29,18,84,34,36,197,63
430786,Masdenverge,69,411,116,67,355,122,136,766,238
081167,"Masies de Roda, les",57,250,54,50,256,77,107,506,131
081173,"Masies de Voltregà, les",280,1056,223,273,1057,282,553,2113,505
430799,Masllorenç,48,185,55,35,145,66,83,330,121
081189,"Masnou, el",1745,7527,1576,1608,7837,2302,3353,15364,3878
430803,"Masó, la",21,89,44,16,82,39,37,171,83
430810,Maspujols,65,275,64,74,236,58,139,511,122
081192,Masquefa,866,2929,480,845,2755,554,1711,5684,1034
430825,"Masroig, el",42,183,75,32,156,76,74,339,151
251312,Massalcoreig,25,219,55,20,167,79,45,386,134
171019,Massanes,61,259,60,55,220,53,116,479,113
251327,Massoteres,26,70,17,18,57,16,44,127,33
081206,Matadepera,918,2898,579,814,2908,667,1732,5806,1246
081213,Mataró,10683,43012,8190,9936,40844,11434,20619,83856,19624
081228,Mediona,213,770,199,203,705,263,416,1475,462
251348,Menàrguens,52,331,98,46,243,115,98,574,213
170998,Meranges,10,32,14,4,29,11,14,61,25
171058,Mieres,18,124,31,28,101,35,46,225,66
430831,"Milà, el",12,50,22,12,52,21,24,102,43
251351,Miralcamp,115,474,122,107,444,146,222,918,268
430846,Miravet,57,271,88,44,214,104,101,485,192
081385,Moià,537,1972,411,509,1808,529,1046,3780,940
430859,"Molar, el",15,102,44,14,81,42,29,183,86
081234,Molins de Rei,2252,8219,1625,2207,8415,2160,4459,16634,3785
251370,Mollerussa,1434,5404,794,1381,4838,1108,2815,10242,1902
171061,Mollet de Peralada,13,53,25,8,43,32,21,96,57
081249,Mollet del Vallès,4644,17983,3198,4506,17502,4121,9150,35485,7319
171077,Molló,19,114,38,26,108,51,45,222,89
251364,"Molsosa, la",2,33,17,6,31,15,8,64,32
081287,Monistrol de Calders,59,232,61,39,220,75,98,452,136
081271,Monistrol de Montserrat,234,1038,252,221,939,309,455,1977,561
171096,Montagut i Oix,73,346,87,62,282,107,135,628,194
430862,Montblanc,600,2609,523,541,2407,729,1141,5016,1252
430884,Montbrió del Camp,215,935,187,207,866,223,422,1801,410
081252,Montcada i Reixac,3133,12059,2101,2959,11711,2900,6092,23770,5001
081304,Montclar,15,31,14,6,37,17,21,68,31
251399,Montellà i Martinet,32,253,65,20,203,74,52,456,139
081311,Montesquiu,78,302,82,60,276,114,138,578,196
251403,Montferrer i Castellbò,78,397,79,73,328,67,151,725,146
430897,Montferri,36,135,32,39,100,30,75,235,62
251386,Montgai,36,216,102,28,189,117,64,405,219
081265,Montgat,979,3811,668,892,3871,834,1871,7682,1502
081326,Montmajor,26,156,56,24,145,56,50,301,112
081332,Montmaneu,11,54,26,7,46,25,18,100,51
430901,"Montmell, el",124,539,138,116,444,113,240,983,251
081350,Montmeló,771,2989,600,696,3015,789,1467,6004,1389
251425,Montoliu de Lleida,33,173,50,28,149,71,61,322,121
251410,Montoliu de Segarra,15,74,27,4,49,27,19,123,54
251431,Montornès de Segarra,4,27,20,5,30,16,9,57,36
081363,Montornès del Vallès,1564,5698,965,1486,5286,1151,3050,10984,2116
430918,Mont-ral,12,67,17,9,55,10,21,122,27
171100,Mont-ras,127,626,139,143,594,156,270,1220,295
430923,Mont-roig del Camp,1024,4664,1072,951,4143,1052,1975,8807,2124
081379,Montseny,20,107,37,24,95,37,44,202,74
430939,Móra d'Ebre,478,1854,432,427,1831,586,905,3685,1018
430944,Móra la Nova,261,1147,264,224,1042,339,485,2189,603
430957,"Morell, el",334,1272,201,293,1135,250,627,2407,451
430960,"Morera de Montsant, la",13,64,18,5,46,12,18,110,30
081290,Muntanyola,57,211,33,63,184,37,120,395,70
081398,Mura,13,83,16,15,59,19,28,142,35
251459,Nalec,1,32,22,3,30,17,4,62,39
250254,Naut Aran,124,671,104,137,645,99,261,1316,203
081402,Navarcles,458,2006,456,419,2000,634,877,4006,1090
081419,Navàs,484,2071,503,470,1907,711,954,3978,1214
171117,Navata,114,406,104,112,405,117,226,811,221
251462,Navès,20,91,22,22,78,34,42,169,56
081424,"Nou de Berguedà, la",7,50,19,10,43,21,17,93,40
430976,"Nou de Gaià, la",61,172,47,57,156,66,118,328,113
430982,Nulles,36,156,41,29,136,59,65,292,100
251484,Odèn,8,105,48,5,73,30,13,178,78
081430,Òdena,391,1216,252,323,1154,293,714,2370,545
171122,Ogassa,21,99,26,12,63,27,33,162,53
081458,Olèrdola,399,1239,241,334,1159,254,733,2398,495
081461,Olesa de Bonesvalls,163,608,121,157,542,129,320,1150,250
081477,Olesa de Montserrat,2313,8151,1467,2160,7716,1935,4473,15867,3402
251497,Oliana,98,617,217,117,603,251,215,1220,468
251500,Oliola,9,86,32,14,59,30,23,145,62
251517,Olius,109,291,60,90,290,63,199,581,123
081483,Olivella,394,1328,180,378,1168,169,772,2496,349
081496,Olost,70,402,121,65,369,157,135,771,278
171143,Olot,2695,11583,2654,2460,10767,3822,5155,22350,6476
251522,"Oluges, les",2,54,30,7,37,32,9,91,62
081445,Olvan,56,295,92,47,270,129,103,565,221
251538,"Omellons, els",11,73,41,6,67,36,17,140,77
251543,"Omells de na Gaia, els",8,42,26,5,42,20,13,84,46
171156,Ordis,31,121,42,23,111,35,54,232,77
251556,Organyà,46,285,108,41,258,137,87,543,245
081509,Orís,18,107,19,23,94,23,41,201,42
081516,Oristà,26,191,60,24,184,70,50,375,130
081521,Orpí,7,50,19,6,43,10,13,93,29
081537,Òrrius,56,242,40,61,207,56,117,449,96
251569,Os de Balaguer,85,334,98,97,294,107,182,628,205
171169,Osor,27,155,47,29,138,60,56,293,107
251575,Ossó de Sió,14,65,25,13,61,32,27,126,57
081542,Pacs del Penedès,73,309,64,78,299,69,151,608,133
081555,Palafolls,896,3138,502,888,3074,583,1784,6212,1085
171175,Palafrugell,2040,7861,1606,1874,7427,2134,3914,15288,3740
171181,Palamós,1364,5987,1371,1317,5947,1844,2681,11934,3215
251581,"Palau d'Anglesola, el",173,747,168,183,664,250,356,1411,418
171194,Palau de Santa Eulàlia,9,38,11,2,34,7,11,72,18
171215,Palau-sator,20,111,30,21,87,37,41,198,67
171208,Palau-saverdera,130,451,154,141,441,144,271,892,298
081568,Palau-solità i Plegamans,1295,5034,853,1335,4914,1023,2630,9948,1876
431009,"Pallaresos, els",552,1540,160,533,1479,186,1085,3019,346
081574,Pallejà,1158,3830,636,1025,3711,848,2183,7541,1484
430995,"Palma d'Ebre, la",11,106,59,17,110,76,28,216,135
089058,"Palma de Cervelló, la",261,1076,167,240,1040,207,501,2116,374
171236,Palol de Revardit,43,160,39,39,147,48,82,307,87
171241,Pals,199,884,299,182,849,327,381,1733,626
081580,"Papiol, el",345,1406,259,340,1365,326,685,2771,585
171254,Pardines,16,55,21,5,39,22,21,94,43
081593,Parets del Vallès,1703,6585,1043,1601,6324,1324,3304,12909,2367
171267,Parlavà,35,136,37,27,125,44,62,261,81
431016,Passanant i Belltall,2,61,17,1,38,30,3,99,47
171289,Pau,54,168,69,43,186,66,97,354,135
431021,Paüls,26,179,87,35,172,95,61,351,182
171292,Pedret i Marzà,18,61,21,15,56,19,33,117,40
251641,Penelles,30,198,74,20,120,69,50,318,143
171306,"Pera, la",32,138,44,32,128,69,64,266,113
081607,Perafita,24,139,52,29,124,54,53,263,106
431037,Perafort,161,446,63,120,413,75,281,859,138
171328,Peralada,150,650,164,153,612,191,303,1262,355
251654,Peramola,19,119,43,20,107,53,39,226,96
431042,"Perelló, el",176,955,353,176,826,376,352,1781,729
081614,Piera,1457,5167,1050,1345,4757,1281,2802,9924,2331
431055,"Piles, les",14,78,19,17,66,17,31,144,36
081635,Pineda de Mar,2100,8900,2114,1965,8467,2611,4065,17367,4725
431068,"Pinell de Brai, el",65,362,143,62,313,168,127,675,311
251667,Pinell de Solsonès,14,74,29,8,54,32,22,128,61
251673,Pinós,23,104,35,20,79,35,43,183,70
431074,Pira,48,165,43,42,142,51,90,307,94
431080,"Pla de Santa Maria, el",195,843,196,161,715,231,356,1558,427
081640,"Pla del Penedès, el",111,399,91,105,377,112,216,776,203
171334,"Planes d'Hostoles, les",123,518,226,89,481,249,212,999,475
171349,Planoles,20,115,30,12,87,38,32,202,68
259118,"Plans de Sió, els",34,181,75,29,127,99,63,308,174
251689,"Poal, el",41,220,78,33,183,93,74,403,171
251692,"Pobla de Cérvoles, la",13,86,30,15,54,36,28,140,66
081653,"Pobla de Claramunt, la",201,739,174,216,689,200,417,1428,374
081666,"Pobla de Lillet, la",48,404,139,35,349,217,83,753,356
431093,"Pobla de Mafumet, la",339,1214,103,300,1124,130,639,2338,233
431107,"Pobla de Massaluca, la",21,114,61,15,89,72,36,203,133
431114,"Pobla de Montornès, la",262,1011,242,250,880,259,512,1891,501
251713,"Pobla de Segur, la",210,988,322,212,901,440,422,1889,762
431129,Poboleda,22,127,48,16,101,48,38,228,96
081672,Polinyà,900,2949,317,868,2763,361,1768,5712,678
431135,"Pont d'Armentera, el",38,195,75,29,175,76,67,370,151
250306,"Pont de Bar, el",13,60,29,8,44,22,21,104,51
171352,Pont de Molins,37,186,52,40,177,48,77,363,100
251734,"Pont de Suert, el",175,867,199,168,752,280,343,1619,479
081825,"Pont de Vilomara i Rocafort, el",355,1338,272,301,1178,325,656,2516,597
431418,Pontils,3,45,19,3,42,11,6,87,30
081688,Pontons,40,189,42,29,158,46,69,347,88
171365,Pontós,20,71,35,11,66,19,31,137,54
251728,Ponts,216,856,267,196,836,319,412,1692,586
171371,Porqueres,389,1514,329,429,1484,364,818,2998,693
431140,Porrera,22,183,55,15,134,60,37,317,115
171404,"Port de la Selva, el",61,342,122,50,293,122,111,635,244
171387,Portbou,44,436,163,52,364,221,96,800,384
251749,"Portella, la",55,306,59,34,239,74,89,545,133
431153,Pradell de la Teixeta,6,61,16,11,67,30,17,128,46
431166,Prades,51,214,73,45,195,82,96,409,155
431172,Prat de Comte,10,56,26,6,43,29,16,99,55
081691,"Prat de Llobregat, el",5136,21575,4599,4807,21378,5924,9943,42953,10523
431188,Pratdip,49,225,100,36,182,108,85,407,208
081712,Prats de Lluçanès,188,912,235,158,847,339,346,1759,574
081705,"Prats de Rei, els",35,208,49,31,158,70,66,366,119
251752,Prats i Sansor,19,102,24,15,92,29,34,194,53
251765,Preixana,23,119,65,25,105,73,48,224,138
251771,Preixens,23,136,73,30,115,87,53,251,160
082303,Premià de Dalt,891,3558,723,827,3511,809,1718,7069,1532
081727,Premià de Mar,2268,9595,1971,2169,9421,2712,4437,19016,4683
171390,"Preses, les",166,573,132,153,582,173,319,1155,305
251790,Prullans,9,68,31,12,70,29,21,138,60
171411,Puigcerdà,739,3184,553,737,2942,755,1476,6126,1308
081748,Puigdàlber,42,188,36,42,172,53,84,360,89
251804,Puiggròs,29,100,34,18,82,39,47,182,73
431191,Puigpelat,121,387,51,108,350,64,229,737,115
081751,Puig-reig,237,1382,457,263,1261,664,500,2643,1121
251811,Puigverd d'Agramunt,18,100,35,11,74,31,29,174,66
251826,Puigverd de Lleida,122,489,126,124,428,151,246,917,277
081764,Pujalt,18,64,24,8,58,26,26,122,50
081770,"Quar, la",4,22,10,2,19,4,6,41,14
171426,Quart,346,1175,174,304,1147,212,650,2322,386
170433,Queralbs,6,69,30,4,50,26,10,119,56
431205,Querol,43,203,55,26,167,49,69,370,104
171432,Rabós,14,54,20,12,58,27,26,112,47
081786,Rajadell,32,195,50,36,168,56,68,363,106
431212,Rasquera,42,247,128,50,238,122,92,485,250
171447,Regencós,20,100,36,22,77,34,42,177,70
081799,Rellinars,56,283,47,72,242,47,128,525,94
431227,Renau,16,47,6,15,46,7,31,93,13
431233,Reus,9609,35781,6821,9230,35908,9441,18839,71689,16262
251832,Rialp,44,259,45,50,218,54,94,477,99
431248,"Riba, la",44,209,74,31,182,81,75,391,155
431251,Riba-roja d'Ebre,51,475,170,57,369,179,108,844,349
259059,Ribera d'Ondara,21,141,54,25,124,56,46,265,110
251850,Ribera d'Urgellet,82,334,77,66,292,104,148,626,181
171450,Ribes de Freser,99,607,232,97,545,311,196,1152,543
171463,Riells i Viabrea,404,1427,211,355,1331,226,759,2758,437
431264,"Riera de Gaià, la",176,542,107,169,503,138,345,1045,245
251863,Riner,15,89,31,26,87,37,41,176,68
171479,Ripoll,769,3579,975,666,3419,1390,1435,6998,2365
081803,Ripollet,3456,12951,2099,3443,12409,2876,6899,25360,4975
259139,Riu de Cerdanya,5,49,9,6,40,8,11,89,17
171485,Riudarenes,186,762,169,178,680,200,364,1442,369
171498,Riudaura,28,155,37,39,141,52,67,296,89
431270,Riudecanyes,114,389,104,92,356,115,206,745,219
431286,Riudecols,95,463,109,92,407,127,187,870,236
171501,Riudellots de la Selva,188,726,134,162,668,173,350,1394,307
431299,Riudoms,606,2196,518,526,1997,629,1132,4193,1147
171518,Riumors,19,82,24,15,74,29,34,156,53
081810,"Roca del Vallès, la",1054,3532,634,963,3483,730,2017,7015,1364
431303,Rocafort de Queralt,14,88,37,20,74,34,34,162,71
431310,Roda de Berà,531,2205,569,506,2009,574,1037,4214,1143
081831,Roda de Ter,542,2020,441,487,1984,659,1029,4004,1100
431325,Rodonyà,38,174,41,34,139,62,72,313,103
431331,Roquetes,723,2984,612,634,2614,730,1357,5598,1342
171523,Roses,1761,6742,1458,1719,6570,1641,3480,13312,3099
251898,Rosselló,266,1130,182,265,1005,236,531,2135,418
431346,"Rourell, el",36,143,27,33,122,39,69,265,66
081846,Rubí,6687,25977,4352,6399,25444,5609,13086,51421,9961
081859,Rubió,12,77,27,12,63,21,24,140,48
171539,Rupià,9,84,28,24,70,26,33,154,54
089019,Rupit i Pruit,8,102,41,15,96,33,23,198,74
081878,Sabadell,17312,68735,15054,16437,68785,21326,33749,137520,36380
081884,Sagàs,21,45,15,14,47,13,35,92,28
251902,Salàs de Pallars,17,131,44,19,105,53,36,236,97
081901,Saldes,9,120,40,8,91,30,17,211,70
171544,Sales de Llierca,13,52,9,8,50,8,21,102,17
081918,Sallent,469,2139,673,464,2092,972,933,4231,1645
431359,Salomó,41,177,59,46,130,62,87,307,121
439057,Salou,2212,10672,1266,1983,9206,1413,4195,19878,2679
171557,Salt,3235,11396,1433,2926,9255,2002,6161,20651,3435
251919,Sanaüja,27,145,58,27,118,69,54,263,127
081944,Sant Adrià de Besòs,3114,11453,2548,2860,11370,3477,5974,22823,6025
081957,Sant Agustí de Lluçanès,2,34,11,3,32,10,5,66,21
081960,Sant Andreu de la Barca,2830,9447,1457,2618,9050,1927,5448,18497,3384
081976,Sant Andreu de Llavaneres,1009,3537,672,908,3553,879,1917,7090,1551
171576,Sant Andreu Salou,9,54,15,8,47,21,17,101,36
171833,Sant Aniol de Finestres,29,122,37,27,108,32,56,230,69
081982,Sant Antoni de Vilamajor,527,1997,341,491,1944,417,1018,3941,758
081995,Sant Bartomeu del Grau,58,332,64,69,294,71,127,626,135
082009,Sant Boi de Llobregat,6796,28506,5955,6337,27867,7947,13133,56373,13902
082016,Sant Boi de Lluçanès,24,192,58,38,155,85,62,347,143
431362,Sant Carles de la Ràpita,1150,5088,1348,1138,4839,1682,2288,9927,3030
082037,Sant Cebrià de Vallalta,332,1228,191,331,1080,206,663,2308,397
082021,Sant Celoni,1544,5843,1201,1486,5644,1568,3030,11487,2769
082042,Sant Climent de Llobregat,412,1347,215,375,1311,260,787,2658,475
171582,Sant Climent Sescebes,31,232,62,39,150,67,70,382,129
082055,Sant Cugat del Vallès,9137,28535,4357,8630,29855,5594,17767,58390,9951
082068,Sant Cugat Sesgarrigues,84,318,85,87,293,107,171,611,192
251961,Sant Esteve de la Sarga,4,52,22,7,36,13,11,88,35
082074,Sant Esteve de Palautordera,268,821,150,260,885,160,528,1706,310
082080,Sant Esteve Sesrovires,688,2597,481,704,2492,584,1392,5089,1065
171595,Sant Feliu de Buixalleu,55,282,69,55,252,69,110,534,138
082107,Sant Feliu de Codines,549,2084,397,539,1915,541,1088,3999,938
171609,Sant Feliu de Guíxols,1744,7482,1669,1658,7167,2225,3402,14649,3894
082114,Sant Feliu de Llobregat,3720,14522,3078,3662,14776,4011,7382,29298,7089
171616,Sant Feliu de Pallerols,107,435,116,111,411,166,218,846,282
082129,Sant Feliu Sasserra,58,219,60,36,194,78,94,413,138
171621,Sant Ferriol,21,93,20,14,66,17,35,159,37
082093,Sant Fost de Campsentelles,723,2921,619,648,2800,828,1371,5721,1447
082135,Sant Fruitós de Bages,804,2851,496,741,2773,618,1545,5624,1114
171637,Sant Gregori,374,1140,237,300,1169,243,674,2309,480
251924,Sant Guim de Freixenet,84,382,110,81,315,140,165,697,250
251977,Sant Guim de la Plana,12,60,26,11,45,30,23,105,56
171642,Sant Hilari Sacalm,429,2035,477,411,1786,604,840,3821,1081
082153,Sant Hipòlit de Voltregà,297,1202,252,287,1097,386,584,2299,638
081939,Sant Iscle de Vallalta,121,469,90,129,409,105,250,878,195
439023,Sant Jaume d'Enveja,270,1159,386,242,1071,438,512,2230,824
082166,Sant Jaume de Frontanyà,1,11,4,1,7,1,2,18,5
171655,Sant Jaume de Llierca,47,253,95,43,245,116,90,498,211
431378,Sant Jaume dels Domenys,247,885,175,219,806,224,466,1691,399
171674,Sant Joan de les Abadesses,210,1119,368,204,1004,529,414,2123,897
171680,Sant Joan de Mollet,40,176,41,42,164,54,82,340,95
082188,Sant Joan de Vilatorrada,941,3653,817,881,3492,1009,1822,7145,1826
082172,Sant Joan Despí,3064,10826,2162,2780,11187,2793,5844,22013,4955
171851,Sant Joan les Fonts,196,948,302,179,908,360,375,1856,662
171668,Sant Jordi Desvalls,45,230,61,61,222,83,106,452,144
089030,Sant Julià de Cerdanyola,19,90,31,10,65,33,29,155,64
171693,Sant Julià de Ramis,359,1184,202,358,1155,211,717,2339,413
082205,Sant Julià de Vilatorta,286,1013,213,288,1034,242,574,2047,455
179032,Sant Julià del Llor i Bonmatí,122,447,77,107,410,101,229,857,178
082212,Sant Just Desvern,1425,5387,1228,1352,5796,1671,2777,11183,2899
082227,Sant Llorenç d'Hortons,239,880,154,244,826,192,483,1706,346
171714,Sant Llorenç de la Muga,19,92,21,20,73,31,39,165,52
251930,Sant Llorenç de Morunys,61,310,128,64,298,139,125,608,267
082233,Sant Llorenç Savall,185,808,232,179,727,270,364,1535,502
082251,Sant Martí d'Albars,4,34,15,6,29,17,10,63,32
082248,Sant Martí de Centelles,99,405,63,102,354,86,201,759,149
171729,Sant Martí de Llémena,49,231,47,50,201,37,99,432,84
259025,Sant Martí de Riucorb,34,220,108,45,169,115,79,389,223
082264,Sant Martí de Tous,127,372,102,127,331,125,254,703,227
082270,Sant Martí Sarroca,253,1045,256,280,1026,308,533,2071,564
082286,Sant Martí Sesgueioles,29,131,32,32,118,40,61,249,72
171735,Sant Martí Vell,21,84,24,22,66,23,43,150,47
082299,Sant Mateu de Bages,31,211,87,34,168,106,65,379,193
171740,Sant Miquel de Campmajor,14,78,27,11,65,24,25,143,51
171753,Sant Miquel de Fluvià,49,286,64,50,255,75,99,541,139
171766,Sant Mori,9,72,14,15,52,19,24,124,33
171772,Sant Pau de Segúries,37,213,81,39,219,88,76,432,169
082310,Sant Pere de Ribes,2622,10191,1635,2533,9760,1989,5155,19951,3624
082325,Sant Pere de Riudebitlles,218,754,212,198,707,257,416,1461,469
082331,Sant Pere de Torelló,205,839,205,153,774,269,358,1613,474
082346,Sant Pere de Vilamajor,420,1463,274,435,1407,294,855,2870,568
171788,Sant Pere Pescador,196,812,152,155,685,175,351,1497,327
081897,Sant Pere Sallavinera,16,55,24,10,43,23,26,98,47
082359,Sant Pol de Mar,427,1688,442,379,1654,476,806,3342,918
082362,Sant Quintí de Mediona,215,685,201,195,658,211,410,1343,412
082378,Sant Quirze de Besora,152,678,240,146,627,324,298,1305,564
082384,Sant Quirze del Vallès,1962,6596,930,1951,6800,1169,3913,13396,2099
082397,Sant Quirze Safaja,67,240,41,73,206,32,140,446,73
251945,Sant Ramon,26,183,80,25,143,68,51,326,148
082401,Sant Sadurní d'Anoia,1144,4224,809,1140,4175,1111,2284,8399,1920
082418,Sant Sadurní d'Osormort,4,36,9,3,25,11,7,61,20
080983,Sant Salvador de Guardiola,291,1057,242,282,982,268,573,2039,510
082628,Sant Vicenç de Castellet,765,3212,674,702,3027,1005,1467,6239,1679
082649,Sant Vicenç de Montalt,683,1928,393,588,1963,396,1271,3891,789
082652,Sant Vicenç de Torelló,172,658,164,162,637,220,334,1295,384
082634,Sant Vicenç dels Horts,2492,9853,1769,2409,9404,2254,4901,19257,4023
431384,Santa Bàrbara,306,1297,372,274,1172,452,580,2469,824
082439,Santa Cecília de Voltregà,7,65,21,10,58,18,17,123,39
082444,Santa Coloma de Cervelló,867,2679,404,954,2631,525,1821,5310,929
171805,Santa Coloma de Farners,1133,4423,847,1120,4000,1078,2253,8423,1925
082457,Santa Coloma de Gramenet,9483,41346,9451,8845,38698,12206,18328,80044,21657
431397,Santa Coloma de Queralt,261,936,271,254,881,363,515,1817,634
171812,Santa Cristina d'Aro,467,1771,374,436,1660,420,903,3431,794
082460,Santa Eugènia de Berga,146,843,157,156,747,195,302,1590,352
082476,Santa Eulàlia de Riuprimer,121,423,77,110,399,101,231,822,178
082482,Santa Eulàlia de Ronçana,714,2323,493,621,2286,605,1335,4609,1098
082495,Santa Fe del Penedès,41,130,24,32,125,26,73,255,50
171827,Santa Llogaia d'Àlguema,36,129,19,26,115,22,62,244,41
082508,Santa Margarida de Montbui,888,3313,652,841,3152,844,1729,6465,1496
082515,Santa Margarida i els Monjos,762,2516,416,730,2398,466,1492,4914,882
082589,Santa Maria d'Oló,81,355,109,70,322,123,151,677,232
082536,Santa Maria de Besora,11,51,20,10,41,30,21,92,50
082567,Santa Maria de Martorelles,71,300,51,74,286,65,145,586,116
082554,Santa Maria de Merlès,19,52,15,18,57,14,37,109,29
082573,Santa Maria de Miralles,6,48,13,10,39,17,16,87,30
082592,Santa Maria de Palautordera,870,3244,586,759,3025,711,1629,6269,1297
431401,Santa Oliva,321,1116,243,286,1059,286,607,2175,529
171848,Santa Pau,108,546,149,100,534,152,208,1080,301
082606,Santa Perpètua de Mogoda,2623,8996,1397,2289,8431,1737,4912,17427,3134
082613,Santa Susanna,312,1149,239,279,1093,253,591,2242,492
081923,Santpedor,691,2482,483,635,2448,607,1326,4930,1090
431423,Sarral,130,562,154,142,472,180,272,1034,334
171864,Sarrià de Ter,391,1694,358,388,1594,467,779,3288,825
252017,Sarroca de Bellera,0,50,25,2,32,17,2,82,42
252000,Sarroca de Lleida,21,136,62,11,105,66,32,241,128
171870,"Saus, Camallera i Llampaies",55,251,70,68,249,88,123,500,158
431439,Savallà del Comtat,1,23,8,2,20,10,3,43,18
431444,"Secuita, la",143,592,103,143,527,127,286,1119,230
171886,"Selva de Mar, la",6,69,25,8,56,21,14,125,46
431457,"Selva del Camp, la",523,1948,360,488,1837,458,1011,3785,818
431460,Senan,4,23,9,3,12,5,7,35,14
430445,"Sénia, la",501,2053,491,429,1928,585,930,3981,1076
252022,Senterada,4,69,9,6,38,14,10,107,23
250352,"Sentiu de Sió, la",20,153,66,25,152,59,45,305,125
082671,Sentmenat,832,3078,474,761,2933,577,1593,6011,1051
171903,Serinyà,95,378,96,97,348,94,192,726,190
252043,Seròs,136,707,202,124,519,223,260,1226,425
171910,Serra de Daró,22,64,25,8,60,24,30,124,49
171925,Setcases,9,68,27,6,60,19,15,128,46
252038,"Seu d'Urgell, la",973,4170,919,940,4229,1237,1913,8399,2156
082690,Seva,324,1185,269,277,1095,331,601,2280,600
252056,Sidamon,59,260,56,58,232,70,117,492,126
171931,Sils,533,1962,391,487,1862,450,1020,3824,841
082704,Sitges,2295,10232,2035,2162,9898,2518,4457,20130,4553
170524,Siurana,12,54,23,8,53,22,20,107,45
082711,Sobremunt,4,28,10,9,29,10,13,57,20
252069,"Soleràs, el",19,113,52,28,80,70,47,193,122
431476,Solivella,50,197,84,43,178,101,93,375,185
252075,Solsona,793,3117,681,764,2889,944,1557,6006,1625
082726,Sora,9,68,18,10,56,12,19,124,30
252081,Soriguera,21,141,38,18,120,36,39,261,74
252094,Sort,193,786,164,178,735,218,371,1521,382
252108,Soses,144,617,147,125,540,180,269,1157,327
082732,Subirats,265,1019,256,247,933,307,512,1952,563
252115,Sudanell,54,347,93,43,250,101,97,597,194
252120,Sunyer,11,109,37,18,84,39,29,193,76
082747,Súria,414,1984,565,390,1912,856,804,3896,1421
171946,Susqueda,3,42,15,5,26,10,8,68,25
082763,Tagamanent,33,114,22,28,98,23,61,212,45
082779,Talamanca,10,52,17,9,46,13,19,98,30
252154,Talarn,23,176,37,28,122,50,51,298,87
252167,Talavera,20,99,37,12,65,46,32,164,83
171959,"Tallada d'Empordà, la",36,149,50,31,142,47,67,291,97
082785,Taradell,576,2098,463,485,2007,602,1061,4105,1065
431482,Tarragona,11149,45168,9097,10671,44839,12621,21820,90007,21718
252173,Tàrrega,1550,5768,1029,1442,5450,1431,2992,11218,2460
252189,Tarrés,7,40,16,4,30,10,11,70,26
252192,Tarroja de Segarra,8,62,19,8,47,27,16,109,46
082750,Tavèrnoles,24,107,26,22,112,24,46,219,50
082802,Tavertet,7,51,12,8,37,12,15,88,24
082819,Teià,511,2075,461,452,2050,595,963,4125,1056
252206,Térmens,89,542,144,84,495,194,173,1037,338
171962,Terrades,27,86,21,23,88,33,50,174,54
082798,Terrassa,19575,72986,13676,18334,70990,19494,37909,143976,33170
082824,Tiana,703,2749,487,775,2864,643,1478,5613,1130
252213,Tírvia,9,54,18,6,53,20,15,107,38
252228,Tiurana,3,20,12,3,25,14,6,45,26
431495,Tivenys,48,276,121,47,238,147,95,514,268
431508,Tivissa,108,570,229,101,553,253,209,1123,482
082830,Tona,746,2679,573,723,2629,735,1469,5308,1308
252234,Torà,76,437,116,69,409,146,145,846,262
082845,Tordera,1468,5663,1205,1372,5272,1383,2840,10935,2588
082858,Torelló,1111,4681,1035,1098,4611,1372,2209,9292,2407
252249,"Torms, els",10,46,27,5,35,30,15,81,57
252252,Tornabous,74,320,111,48,261,121,122,581,232
252271,"Torre de Cabdella, la",29,255,88,24,226,125,53,481,213
082861,"Torre de Claramunt, la",369,1370,238,336,1271,243,705,2641,481
431515,"Torre de Fontaubella, la",7,45,16,5,31,23,12,76,39
431520,"Torre de l'Espanyol, la",43,234,80,58,184,87,101,418,167
252265,Torrebesses,19,90,48,9,86,48,28,176,96
431536,Torredembarra,1260,5180,1125,1209,5155,1425,2469,10335,2550
252287,Torrefarrera,484,1534,190,431,1503,258,915,3037,448
259078,Torrefeta i Florejacs,34,196,94,31,173,89,65,369,183
252304,Torregrossa,148,757,224,145,652,308,293,1409,532
252311,Torrelameu,35,308,73,49,187,83,84,495,156
082877,Torrelavit,120,499,118,104,427,132,224,926,250
082883,Torrelles de Foix,199,829,213,180,715,224,379,1544,437
082896,Torrelles de Llobregat,586,2000,277,614,1954,345,1200,3954,622
171978,Torrent,10,61,25,12,58,19,22,119,44
252326,Torres de Segre,136,827,196,142,704,241,278,1531,437
252332,Torre-serona,23,123,42,27,102,52,50,225,94
171984,Torroella de Fluvià,49,261,56,62,243,58,111,504,114
171997,Torroella de Montgrí,999,3949,876,938,3704,1006,1937,7653,1882
431541,Torroja del Priorat,8,56,27,4,44,27,12,100,54
172001,Tortellà,43,246,83,65,236,101,108,482,184
431554,Tortosa,2743,11519,2760,2471,10808,3691,5214,22327,6451
172018,Toses,5,59,22,13,36,14,18,95,36
172023,Tossa de Mar,416,2117,480,376,1949,572,792,4066,1052
252347,Tremp,455,2092,565,456,1921,799,911,4013,1364
172044,Ullà,92,418,74,92,306,75,184,724,149
082900,Ullastrell,240,666,115,220,658,131,460,1324,246
172057,Ullastret,23,93,26,34,88,23,57,181,49
431567,Ulldecona,585,2579,579,537,2209,751,1122,4788,1330
431573,Ulldemolins,16,160,72,18,96,73,34,256,145
172039,Ultramort,17,75,22,13,56,25,30,131,47
172060,Urús,9,67,13,11,59,24,20,126,37
082917,Vacarisses,762,2112,353,667,2017,349,1429,4129,702
170144,"Vajol, la",4,42,9,4,28,7,8,70,16
172076,"Vall d'en Bas, la",236,995,253,241,921,328,477,1916,581
172082,"Vall de Bianya, la",106,462,100,113,410,125,219,872,225
250432,"Vall de Boí, la",53,405,87,54,341,83,107,746,170
259010,Vall de Cardós,22,146,44,23,117,42,45,263,86
082922,Vallbona d'Anoia,122,499,109,99,467,135,221,966,244
252385,Vallbona de les Monges,11,90,37,10,68,43,21,158,80
082938,Vallcebre,13,101,39,8,70,33,21,171,72
431589,Vallclara,7,41,17,9,28,13,16,69,30
252402,Vallfogona de Balaguer,133,654,137,149,646,158,282,1300,295
171707,Vallfogona de Ripollès,15,77,27,8,62,28,23,139,55
431592,Vallfogona de Riucorb,0,44,20,4,25,23,4,69,43
082943,Vallgorguina,308,968,139,269,909,153,577,1877,292
082956,Vallirana,1394,4913,992,1399,4807,1120,2793,9720,2112
172095,Vall-llobrega,96,323,48,93,304,46,189,627,94
431606,Vallmoll,131,601,134,135,546,127,266,1147,261
082969,Vallromanes,302,863,124,284,832,137,586,1695,261
431613,Valls,2123,8520,1718,1969,7951,2368,4092,16471,4086
259062,"Valls d'Aguilar, les",19,108,40,16,96,41,35,204,81
252398,"Valls de Valira, les",46,322,81,40,316,74,86,638,155
431628,Vandellòs i l'Hospitalet de l'Infant,485,2051,436,490,2008,522,975,4059,958
259097,"Vansa i Fórnols, la",4,74,31,8,59,30,12,133,61
082975,Veciana,17,59,26,11,42,21,28,101,47
431634,"Vendrell, el",3274,12518,2597,3190,12122,3046,6464,24640,5643
172109,Ventalló,64,285,75,70,238,83,134,523,158
252424,Verdú,55,305,118,64,284,176,119,589,294
172116,Verges,86,380,113,95,380,156,181,760,269
431649,Vespella de Gaià,35,149,37,26,133,31,61,282,68
082981,Vic,3974,14119,2567,3606,13492,3889,7580,27611,6456
172121,Vidrà,12,64,12,11,52,15,23,116,27
172137,Vidreres,724,2747,532,649,2461,635,1373,5208,1167
252430,Vielha e Mijaran,432,2132,259,379,1987,319,811,4119,578
431652,Vilabella,49,278,88,51,237,104,100,515,192
172142,Vilabertran,72,310,93,67,277,98,139,587,191
172155,Vilablareix,215,870,140,194,907,166,409,1777,306
082994,Vilada,21,164,61,8,130,78,29,294,139
172174,Viladamat,26,154,56,30,140,47,56,294,103
172168,Viladasens,18,77,17,14,68,24,32,145,41
083015,Viladecans,6041,22462,4024,5797,22091,5029,11838,44553,9053
083008,Viladecavalls,687,2656,371,673,2593,417,1360,5249,788
172180,Vilademuls,64,261,82,63,240,92,127,501,174
172207,Viladrau,75,371,92,84,342,101,159,713,193
172214,Vilafant,487,1873,345,478,1905,414,965,3778,759
083054,Vilafranca del Penedès,3500,13195,2537,3264,12852,3581,6764,26047,6118
252445,Vilagrassa,47,172,47,43,156,48,90,328,95
172235,Vilajuïga,103,393,106,119,391,108,222,784,214
431750,Vilalba dels Arcs,32,230,105,38,190,111,70,420,216
083067,Vilalba Sasserra,72,230,41,69,212,65,141,442,106
252458,Vilaller,45,249,54,30,187,68,75,436,122
172240,Vilallonga de Ter,29,156,53,23,126,60,52,282,113
431665,Vilallonga del Camp,222,801,124,215,728,147,437,1529,271
172253,Vilamacolum,21,114,30,18,79,36,39,193,66
172266,Vilamalla,89,394,88,87,356,83,176,750,171
172272,Vilamaniscle,21,53,15,15,41,13,36,94,28
252477,Vilamòs,19,71,10,11,60,7,30,131,17
172288,Vilanant,29,126,32,41,125,31,70,251,63
431671,Vilanova d'Escornalbou,55,198,55,36,172,47,91,370,102
252483,Vilanova de Bellpuig,87,357,151,65,326,178,152,683,329
252496,Vilanova de l'Aguda,11,74,34,14,62,42,25,136,76
252542,Vilanova de la Barca,77,374,117,71,365,137,148,739,254
252509,Vilanova de Meià,17,140,63,19,107,67,36,247,130
431687,Vilanova de Prades,3,46,17,15,35,16,18,81,33
083036,Vilanova de Sau,19,113,32,13,117,36,32,230,68
252516,Vilanova de Segrià,54,341,78,54,277,96,108,618,174
083020,Vilanova del Camí,1213,4316,764,1129,4154,957,2342,8470,1721
089024,Vilanova del Vallès,630,1736,256,564,1692,274,1194,3428,530
083073,Vilanova i la Geltrú,5380,22168,4737,5187,22374,6429,10567,44542,11166
431690,Vilaplana,27,227,65,41,204,67,68,431,132
431704,Vila-rodona,109,436,101,102,381,132,211,817,233
172305,Vila-sacra,57,220,46,60,206,72,117,426,118
252521,Vila-sana,54,245,63,59,212,86,113,457,149
431711,Vila-seca,1997,7984,1084,1882,7437,1305,3879,15421,2389
082140,Vilassar de Dalt,720,2947,703,716,2954,839,1436,5901,1542
082191,Vilassar de Mar,1758,6528,1401,1647,6805,1891,3405,13333,3292
172229,Vilaür,17,38,17,15,43,18,32,81,35
431726,Vilaverd,39,173,50,44,136,64,83,309,114
431732,"Vilella Alta, la",8,44,20,12,30,17,20,74,37
431747,"Vilella Baixa, la",20,69,26,16,55,29,36,124,55
172333,Vilobí d'Onyar,281,1090,241,275,961,260,556,2051,501
083041,Vilobí del Penedès,104,365,88,89,340,113,193,705,201
172327,Vilopriu,18,69,24,8,58,23,26,127,47
252537,"Vilosell, el",6,62,29,4,54,37,10,116,66
431763,Vimbodí i Poblet,72,331,143,50,242,136,122,573,279
252555,Vinaixa,35,191,65,24,164,88,59,355,153
431779,Vinebre,30,167,45,32,147,57,62,314,102
431785,Vinyols i els Arcs,162,702,148,175,641,141,337,1343,289
083089,Viver i Serrateix,14,53,23,15,50,22,29,103,45
430521,Xerta,73,402,146,76,378,185,149,780,331
,Catalunya,610735,2558897,555686,576132,2498863,753337,1186867,5057760,1309023

