Codi,Literal,Homes. De 0 a 14 anys,Homes. De 15 a 64 anys,Homes. 65 anys o més,Dones. De 0 a 14 anys,Dones. De 15 a 64 anys,Dones. 65 anys o més,Total. De 0 a 14 anys,Total. De 15 a 64 anys,Total. 65 anys o més
250019,Abella de la Conca,10,70,24,14,47,16,24,117,40
080018,Abrera,1077,4192,636,988,3906,670,2065,8098,1306
250024,Àger,28,199,86,20,158,93,48,357,179
250030,Agramunt,456,2003,409,418,1741,591,874,3744,1000
080023,Aguilar de Segarra,18,83,32,17,78,25,35,161,57
170010,Agullana,49,302,87,60,241,101,109,543,188
080142,Aiguafreda,183,818,206,197,803,298,380,1621,504
430017,Aiguamúrcia,54,344,84,62,288,82,116,632,166
170025,Aiguaviva,79,244,45,74,236,49,153,480,94
250387,Aitona,155,861,242,141,679,315,296,1540,557
250045,"Alamús, els",40,265,79,43,220,92,83,485,171
250058,Alàs i Cerc,19,139,50,22,108,48,41,247,98
250061,"Albagés, l'",28,159,63,20,121,71,48,280,134
170031,Albanyà,13,61,9,12,45,9,25,106,18
250077,Albatàrrec,167,771,102,154,649,136,321,1420,238
250083,Albesa,135,601,155,98,503,187,233,1104,342
250096,"Albi, l'",60,271,106,51,248,111,111,519,217
430022,Albinyana,176,795,192,191,736,224,367,1531,416
430038,"Albiol, l'",42,150,22,47,134,23,89,284,45
170046,Albons,56,256,57,56,227,58,112,483,115
430043,Alcanar,763,3766,900,677,3418,1021,1440,7184,1921
250100,Alcanó,9,77,27,11,70,41,20,147,68
250117,Alcarràs,631,3065,469,592,2667,605,1223,5732,1074
250122,Alcoletge,208,1087,172,214,946,189,422,2033,361
430056,Alcover,449,1810,359,427,1663,435,876,3473,794
439044,"Aldea, l'",309,1616,394,287,1308,462,596,2924,856
430069,Aldover,59,311,116,63,290,138,122,601,254
430075,"Aleixar, l'",83,305,65,81,278,99,164,583,164
080039,Alella,823,3274,605,731,3393,731,1554,6667,1336
430081,Alfara de Carles,15,144,50,21,109,59,36,253,109
250138,Alfarràs,244,1093,302,223,929,367,467,2022,669
250143,Alfés,16,121,41,17,101,41,33,222,82
430094,Alforja,152,666,166,113,608,192,265,1274,358
250156,Algerri,22,142,77,15,117,89,37,259,166
250169,Alguaire,234,1150,275,197,955,329,431,2105,604
250175,Alins,15,112,39,19,81,47,34,193,86
430108,Alió,13,144,38,31,121,39,44,265,77
250194,Almacelles,480,2430,541,435,2015,676,915,4445,1217
250208,Almatret,12,133,66,10,95,83,22,228,149
250215,Almenar,231,1332,351,224,1061,432,455,2393,783
430115,Almoster,126,493,73,140,474,78,266,967,151
250220,Alòs de Balaguer,6,47,32,4,28,27,10,75,59
170062,Alp,127,717,84,125,587,93,252,1304,177
080044,Alpens,28,111,25,17,92,30,45,203,55
250236,Alpicat,591,2142,319,592,2072,400,1183,4214,719
250241,Alt Àneu,25,185,45,20,135,36,45,320,81
430120,Altafulla,428,1653,274,392,1633,331,820,3286,605
170078,Amer,139,781,224,126,733,303,265,1514,527
430136,"Ametlla de Mar, l'",587,2569,712,554,2424,748,1141,4993,1460
080057,"Ametlla del Vallès, l'",883,2813,377,742,2805,492,1625,5618,869
439060,"Ampolla, l'",229,1242,368,191,1163,347,420,2405,715
430141,Amposta,1710,7622,1523,1672,7011,1827,3382,14633,3350
170084,Anglès,436,1920,445,478,1725,556,914,3645,1001
250273,Anglesola,93,432,157,94,413,166,187,845,323
250292,Arbeca,167,820,288,126,742,326,293,1562,614
430167,"Arboç, l'",530,1972,359,481,1709,418,1011,3681,777
430154,Arbolí,5,49,8,0,33,18,5,82,26
170097,Arbúcies,596,2463,456,531,2053,548,1127,4516,1004
080060,Arenys de Mar,1140,4961,1101,976,4860,1650,2116,9821,2751
080076,Arenys de Munt,771,2875,535,704,2777,673,1475,5652,1208
170101,Argelaguer,38,151,38,24,130,44,62,281,82
080082,Argençola,15,111,16,19,61,23,34,172,39
430173,"Argentera, l'",2,54,21,2,38,18,4,92,39
080095,Argentona,1081,3986,738,1019,3935,959,2100,7921,1697
170118,"Armentera, l'",55,282,83,64,263,118,119,545,201
430189,Arnes,28,148,90,20,128,91,48,276,181
250313,Arres,6,29,6,1,15,6,7,44,12
250328,Arsèguel,5,42,10,8,30,8,13,72,18
080109,Artés,433,1939,397,416,1777,553,849,3716,950
250334,Artesa de Lleida,141,521,138,121,435,169,262,956,307
250349,Artesa de Segre,282,1346,338,285,1172,416,567,2518,754
430192,Ascó,81,591,173,81,512,196,162,1103,369
250365,Aspa,16,67,44,9,69,37,25,136,81
250371,"Avellanes i Santa Linya, les",21,154,84,23,115,66,44,269,150
080116,Avià,172,743,192,169,704,243,341,1447,435
080121,Avinyó,190,787,196,179,699,285,369,1486,481
170123,Avinyonet de Puigventós,165,538,65,159,518,72,324,1056,137
080137,Avinyonet del Penedès,158,613,136,128,495,155,286,1108,291
080155,Badalona,17318,78168,13974,16159,73760,19507,33477,151928,33481
089045,Badia del Vallès,1124,4730,892,1044,4614,1299,2168,9344,2191
080168,Bagà,140,805,231,121,753,311,261,1558,542
250390,Baix Pallars,31,134,50,26,117,48,57,251,98
250404,Balaguer,1415,5937,1183,1335,5302,1594,2750,11239,2777
080174,Balenyà,311,1326,213,305,1227,320,616,2553,533
080180,Balsareny,220,1258,280,222,1103,402,442,2361,682
430206,Banyeres del Penedès,288,1055,191,272,951,195,560,2006,386
170157,Banyoles,1744,6408,1258,1611,5972,1787,3355,12380,3045
250411,Barbens,63,311,105,44,232,132,107,543,237
430213,Barberà de la Conca,40,201,53,37,141,65,77,342,118
082520,Barberà del Vallès,2676,11498,1597,2621,11205,2091,5297,22703,3688
080193,Barcelona,100063,539292,130689,95112,551819,202362,195175,1091111,333051
250426,"Baronia de Rialb, la",17,93,28,16,70,37,33,163,65
170160,Bàscara,85,319,101,55,285,118,140,604,219
250447,Bassella,19,83,35,13,81,28,32,164,63
430228,Batea,128,724,265,126,639,292,254,1363,557
250450,Bausen,3,16,16,1,14,11,4,30,27
080207,Begues,690,2210,261,646,2213,328,1336,4423,589
170139,Begur,296,1494,353,281,1398,387,577,2892,740
250463,Belianes,36,187,76,36,151,98,72,338,174
251706,Bellaguarda,25,99,54,12,87,57,37,186,111
170182,Bellcaire d'Empordà,61,211,61,52,220,68,113,431,129
250479,Bellcaire d'Urgell,81,425,165,83,393,194,164,818,359
250485,Bell-lloc d'Urgell,177,811,216,194,774,276,371,1585,492
250498,Bellmunt d'Urgell,12,61,25,15,67,31,27,128,56
430234,Bellmunt del Priorat,23,116,36,21,102,52,44,218,88
080214,Bellprat,5,33,16,4,28,11,9,61,27
250501,Bellpuig,376,1838,359,386,1475,508,762,3313,867
430249,Bellvei,223,734,144,190,671,148,413,1405,292
250518,Bellver de Cerdanya,153,844,184,137,727,215,290,1571,399
250523,Bellvís,166,859,264,136,761,320,302,1620,584
250539,Benavent de Segrià,156,532,96,155,494,89,311,1026,185
430252,Benifallet,34,244,110,31,224,145,65,468,255
430265,Benissanet,77,462,130,75,366,153,152,828,283
080229,Berga,1231,5881,1421,1167,5419,2042,2398,11300,3463
170195,Besalú,160,752,221,175,761,291,335,1513,512
170209,Bescanó,437,1522,310,429,1479,378,866,3001,688
170216,Beuda,7,61,15,13,53,12,20,114,27
080235,Bigues i Riells del Fai,863,3129,454,833,2868,517,1696,5997,971
250557,Biosca,11,81,30,4,53,37,15,134,67
170221,"Bisbal d'Empordà, la",923,3632,704,830,3351,957,1753,6983,1661
430271,"Bisbal de Falset, la",20,71,34,10,65,37,30,136,71
430287,"Bisbal del Penedès, la",267,1185,277,252,1082,280,519,2267,557
172348,Biure,10,90,24,16,74,28,26,164,52
430290,Blancafort,27,146,49,23,128,60,50,274,109
170237,Blanes,3233,14301,2650,3018,13489,3319,6251,27790,5969
170293,Boadella i les Escaules,17,89,20,15,86,28,32,175,48
170242,Bolvir,27,155,27,21,130,35,48,285,62
430304,Bonastre,46,242,49,50,204,49,96,446,98
250576,"Bòrdes, Es",16,93,22,10,85,19,26,178,41
170255,Bordils,146,603,111,143,556,156,289,1159,267
250582,"Borges Blanques, les",471,2102,514,387,1877,698,858,3979,1212
430311,"Borges del Camp, les",193,711,162,204,675,196,397,1386,358
170268,Borrassà,59,239,56,51,212,67,110,451,123
080240,Borredà,53,210,62,30,166,83,83,376,145
250595,Bossòst,81,450,77,87,397,92,168,847,169
430326,Bot,32,215,109,22,187,118,54,402,227
430332,Botarell,103,416,61,84,360,61,187,776,122
250560,Bovera,10,102,65,10,83,71,20,185,136
430347,Bràfim,45,236,56,39,219,85,84,455,141
170274,Breda,266,1312,336,276,1184,397,542,2496,733
080253,"Bruc, el",206,742,105,175,611,117,381,1353,222
080266,"Brull, el",31,90,17,21,75,21,52,165,38
170280,Brunyola i Sant Martí Sapresa,22,119,42,19,113,52,41,232,94
430350,Cabacés,16,120,44,25,99,43,41,219,87
250609,Cabanabona,6,26,17,5,26,30,11,52,47
170314,Cabanelles,12,103,21,9,68,24,21,171,45
170307,Cabanes,74,309,98,76,274,84,150,583,182
080272,"Cabanyes, les",86,315,52,105,293,51,191,608,103
250616,Cabó,1,33,17,5,26,13,6,59,30
430363,Cabra del Camp,120,398,98,83,351,96,203,749,194
080288,Cabrera d'Anoia,118,522,80,113,427,83,231,949,163
080291,Cabrera de Mar,422,1562,280,365,1566,309,787,3128,589
080305,Cabrils,771,2368,351,775,2471,372,1546,4839,723
170329,Cadaqués,242,1001,189,212,995,253,454,1996,442
080312,Calaf,276,1356,286,265,1078,350,541,2434,636
430379,Calafell,1964,8710,1684,1846,8393,1826,3810,17103,3510
080348,Calders,81,326,73,74,292,88,155,618,161
080327,Caldes d'Estrac,202,954,199,197,938,293,399,1892,492
170335,Caldes de Malavella,634,2358,439,608,2331,550,1242,4689,989
080333,Caldes de Montbui,1503,5958,1074,1360,5667,1457,2863,11625,2531
080351,Calella,1410,6557,1277,1387,6114,1880,2797,12671,3157
080370,Calldetenes,192,917,132,192,817,175,384,1734,307
080386,Callús,178,586,132,161,584,204,339,1170,336
080364,Calonge de Segarra,16,60,27,9,52,30,25,112,57
170340,Calonge i Sant Antoni,818,3812,803,819,3597,940,1637,7409,1743
250621,Camarasa,61,335,113,32,291,147,93,626,260
439039,Camarles,281,1239,334,243,1114,406,524,2353,740
430385,Cambrils,2855,11535,1784,2742,11285,2221,5597,22820,4005
170353,Camós,53,225,71,40,202,90,93,427,161
170366,Campdevànol,253,1101,377,207,1074,487,460,2175,864
170372,Campelles,5,45,15,10,37,15,15,82,30
080399,Campins,36,150,24,40,140,23,76,290,47
170388,Campllong,49,161,31,49,141,36,98,302,67
170391,Camprodon,138,851,237,162,773,318,300,1624,555
250637,Canejan,1,39,16,7,24,16,8,63,32
170405,Canet d'Adri,43,222,49,35,205,64,78,427,113
080403,Canet de Mar,1154,4713,993,1007,4586,1462,2161,9299,2455
439076,"Canonja, la",,,,,,,,,
080410,Canovelles,1470,6069,863,1362,5235,1077,2832,11304,1940
080425,Cànoves i Samalús,238,1019,187,248,912,205,486,1931,392
170412,Cantallops,21,107,35,15,99,42,36,206,77
080431,Canyelles,422,1493,220,411,1445,205,833,2938,425
430398,Capafonts,1,43,23,3,35,21,4,78,44
430402,Capçanes,21,148,48,23,131,60,44,279,108
080446,Capellades,435,1860,425,410,1796,572,845,3656,997
170427,Capmany,50,209,74,40,183,64,90,392,138
080459,Capolat,5,27,5,11,22,12,16,49,17
080462,Cardedeu,1600,5813,912,1498,5809,1265,3098,11622,2177
080478,Cardona,311,1727,513,314,1566,751,625,3293,1264
080484,Carme,67,298,69,44,259,91,111,557,160
430419,Caseres,14,83,47,15,86,49,29,169,96
170448,Cassà de la Selva,803,3511,667,765,2984,907,1568,6495,1574
080497,Casserres,85,524,180,68,499,227,153,1023,407
080575,Castell de l'Areny,5,33,4,5,22,6,10,55,10
259046,Castell de Mur,7,60,28,14,49,24,21,109,52
250642,Castellar de la Ribera,15,41,22,10,47,21,25,88,43
080522,Castellar de n'Hug,11,76,15,9,54,22,20,130,37
080500,Castellar del Riu,15,52,19,15,51,11,30,103,30
080517,Castellar del Vallès,2235,8029,1225,2051,7985,1604,4286,16014,2829
080538,Castellbell i el Vilar,297,1311,287,296,1179,361,593,2490,648
080543,Castellbisbal,1326,4347,605,1205,4072,668,2531,8419,1273
080556,Castellcir,62,242,47,69,186,58,131,428,105
250674,Castelldans,49,386,113,52,286,123,101,672,236
080569,Castelldefels,5521,22494,3072,5214,21936,4013,10735,44430,7085
080581,Castellet i la Gornal,184,792,172,177,734,181,361,1526,353
170464,Castellfollit de la Roca,79,345,106,63,317,138,142,662,244
080608,Castellfollit de Riubregós,9,70,25,5,58,30,14,128,55
080594,Castellfollit del Boix,35,126,41,29,130,49,64,256,90
080615,Castellgalí,200,693,134,169,615,147,369,1308,281
080620,Castellnou de Bages,95,400,58,113,353,50,208,753,108
250680,Castellnou de Seana,43,239,95,40,214,104,83,453,199
170470,Castelló d'Empúries,971,4395,934,969,3949,1002,1940,8344,1936
250693,Castelló de Farfanya,29,204,73,20,156,82,49,360,155
080636,Castellolí,38,178,36,57,160,50,95,338,86
170486,Castell-Platja d'Aro,754,3833,693,703,3655,807,1457,7488,1500
250707,Castellserà,56,366,151,59,313,169,115,679,320
080641,Castellterçol,181,794,207,181,753,271,362,1547,478
430424,Castellvell del Camp,299,964,124,284,944,142,583,1908,266
080654,Castellví de la Marca,137,553,127,136,510,172,273,1063,299
080667,Castellví de Rosanes,155,625,104,171,581,119,326,1206,223
430430,"Catllar, el",389,1508,212,339,1453,223,728,2961,435
250714,Cava,0,20,14,1,14,8,1,34,22
171899,"Cellera de Ter, la",168,735,173,158,662,245,326,1397,418
170499,Celrà,475,1627,199,486,1598,253,961,3225,452
080673,Centelles,574,2478,507,557,2391,752,1131,4869,1259
082687,Cercs,82,440,150,56,391,207,138,831,357
082665,Cerdanyola del Vallès,4648,20770,3449,4440,20757,4343,9088,41527,7792
080689,Cervelló,740,3115,467,694,2966,584,1434,6081,1051
250729,Cervera,880,3289,618,764,2999,811,1644,6288,1429
250735,Cervià de les Garrigues,44,265,114,38,225,130,82,490,244
170502,Cervià de Ter,94,284,72,73,289,83,167,573,155
170519,Cistella,13,83,29,16,76,34,29,159,63
250740,Ciutadilla,15,71,34,8,64,28,23,135,62
250753,Clariana de Cardener,11,59,8,12,51,9,23,110,17
250766,"Cogul, el",7,66,33,6,52,29,13,118,62
170545,Colera,25,199,74,23,176,79,48,375,153
250772,Coll de Nargó,34,211,67,27,200,80,61,411,147
080692,Collbató,522,1441,183,433,1339,196,955,2780,379
430458,Colldejou,8,73,18,8,57,17,16,130,35
080706,Collsuspina,32,121,32,23,115,24,55,236,56
170558,Colomers,14,60,24,9,62,32,23,122,56
251636,"Coma i la Pedra, la",14,125,26,12,71,23,26,196,49
251615,Conca de Dalt,16,132,56,14,121,68,30,253,124
430461,Conesa,1,52,11,5,34,17,6,86,28
430477,Constantí,595,2423,378,533,1965,462,1128,4388,840
080713,Copons,28,101,27,34,102,28,62,203,55
430483,Corbera d'Ebre,76,421,132,68,330,144,144,751,276
080728,Corbera de Llobregat,1388,4951,701,1259,4862,839,2647,9813,1540
250788,Corbins,118,506,115,93,409,139,211,915,254
170577,Corçà,89,433,118,83,443,130,172,876,248
080734,Cornellà de Llobregat,6705,30112,6538,6394,28710,8781,13099,58822,15319
170561,Cornellà del Terri,181,759,190,155,718,207,336,1477,397
430496,Cornudella de Montsant,61,370,111,53,293,140,114,663,251
430509,Creixell,267,1166,279,235,1046,326,502,2212,605
170583,Crespià,21,80,26,16,79,31,37,159,57
179011,"Cruïlles, Monells i Sant Sadurní de l'Heura",89,450,97,92,410,112,181,860,209
080749,Cubelles,1289,4960,851,1118,4807,970,2407,9767,1821
250791,Cubells,26,129,58,24,105,65,50,234,123
430516,Cunit,1028,4276,995,1062,4035,1068,2090,8311,2063
170600,Darnius,25,188,56,26,154,80,51,342,136
170617,Das,20,83,22,15,63,21,35,146,43
439018,Deltebre,886,4153,1115,797,3858,1289,1683,8011,2404
080752,Dosrius,494,1819,217,467,1740,273,961,3559,490
430537,Duesaigües,12,94,32,12,60,30,24,154,62
170622,"Escala, l'",741,3650,933,637,3442,984,1378,7092,1917
080765,Esparreguera,1992,8023,1254,1812,7391,1570,3804,15414,2824
170638,Espinelves,9,67,19,13,56,28,22,123,47
250812,"Espluga Calba, l'",20,146,56,26,108,71,46,254,127
430542,"Espluga de Francolí, l'",277,1323,344,273,1242,490,550,2565,834
080771,Esplugues de Llobregat,3293,15800,3676,3020,16228,4632,6313,32028,8308
170643,Espolla,19,135,47,24,120,63,43,255,110
170656,Esponellà,46,146,33,40,137,59,86,283,92
250827,Espot,22,146,23,27,111,31,49,257,54
080787,"Espunyola, l'",19,76,37,16,79,35,35,155,72
082541,"Esquirol, l'",179,751,217,171,686,258,350,1437,475
250886,Estamariu,6,39,22,5,28,18,11,67,40
080790,"Estany, l'",25,126,43,22,113,60,47,239,103
250851,Estaràs,7,66,23,8,49,24,15,115,47
250864,Esterri d'Àneu,59,392,68,53,290,84,112,682,152
250870,Esterri de Cardós,2,27,7,3,26,10,5,53,17
430555,Falset,237,992,253,216,908,329,453,1900,582
170059,"Far d'Empordà, el",51,171,47,59,163,54,110,334,101
250899,Farrera,10,55,13,8,41,6,18,96,19
430568,"Fatarella, la",53,360,155,55,315,192,108,675,347
430574,"Febró, la",0,21,7,0,12,2,0,33,9
081347,Figaró-Montmany,86,365,92,91,325,124,177,690,216
080804,Fígols,3,17,11,3,10,10,6,27,21
259084,Fígols i Alinyà,15,95,45,7,70,50,22,165,95
430580,"Figuera, la",5,53,17,2,41,17,7,94,34
170669,Figueres,3817,15641,2635,3623,14778,3761,7440,30419,6396
430593,Figuerola del Camp,24,115,28,39,105,35,63,220,63
170675,Flaçà,73,361,94,68,353,121,141,714,215
430607,Flix,218,1430,417,197,1300,499,415,2730,916
250925,"Floresta, la",13,64,23,9,42,28,22,106,51
080826,Fogars de la Selva,140,552,100,139,483,99,279,1035,199
080811,Fogars de Montclús,52,151,39,38,133,42,90,284,81
170681,Foixà,25,108,40,15,94,45,40,202,85
080832,Folgueroles,265,720,141,222,711,157,487,1431,298
250931,Fondarella,66,299,58,51,291,65,117,590,123
080847,Fonollosa,113,510,97,108,476,97,221,986,194
170694,Fontanals de Cerdanya,17,162,39,27,165,47,44,327,86
170708,Fontanilles,14,57,23,9,39,18,23,96,41
170715,Fontcoberta,87,449,76,111,467,90,198,916,166
080850,Font-rubí,118,500,153,115,414,166,233,914,319
250946,Foradada,10,69,30,5,51,23,15,120,53
179026,Forallac,116,625,122,109,603,174,225,1228,296
430614,Forès,0,14,10,0,9,10,0,23,20
170736,Fornells de la Selva,248,785,110,253,809,138,501,1594,248
170741,Fortià,47,208,73,49,194,71,96,402,144
080863,"Franqueses del Vallès, les",1698,6706,911,1529,6170,1100,3227,12876,2011
430629,Freginals,19,153,50,16,107,69,35,260,119
250962,"Fuliola, la",87,411,136,74,392,170,161,803,306
250978,Fulleda,1,35,17,6,28,15,7,63,32
080902,Gaià,17,68,10,15,51,16,32,119,26
430635,"Galera, la",55,323,86,54,273,106,109,596,192
080879,Gallifa,14,86,14,13,72,16,27,158,30
430640,Gandesa,223,1147,285,209,999,359,432,2146,644
430653,Garcia,28,191,75,33,172,95,61,363,170
430666,"Garidells, els",12,75,16,9,70,19,21,145,35
080885,"Garriga, la",1405,5030,884,1287,5190,1273,2692,10220,2157
170754,Garrigàs,20,139,46,26,110,41,46,249,87
170767,Garrigoles,7,58,22,10,40,20,17,98,42
170773,Garriguella,67,282,79,64,273,93,131,555,172
080898,Gavà,3950,16217,2854,3678,15971,3713,7628,32188,6567
250984,Gavet de la Conca,12,87,55,12,83,60,24,170,115
080919,Gelida,642,2474,401,590,2304,534,1232,4778,935
170789,Ger,33,175,46,27,145,35,60,320,81
259123,Gimenells i el Pla de la Font,76,402,123,87,342,153,163,744,276
430672,Ginestar,65,358,112,57,293,137,122,651,249
170792,Girona,8153,33527,5203,7667,33961,7725,15820,67488,12928
080924,Gironella,283,1748,488,322,1520,706,605,3268,1194
080930,Gisclareny,0,16,3,0,12,2,0,28,5
430688,Godall,41,265,120,55,222,112,96,487,232
250997,Golmés,141,575,123,134,558,154,275,1133,277
170806,Gombrèn,17,71,14,17,79,26,34,150,40
251001,Gósol,11,87,24,5,67,31,16,154,55
080945,"Granada, la",174,698,129,158,648,156,332,1346,285
251018,"Granadella, la",45,262,105,38,203,119,83,465,224
080958,Granera,2,39,9,3,20,6,5,59,15
251023,"Granja d'Escarp, la",45,370,110,52,274,135,97,644,245
080961,Granollers,4749,21379,3619,4471,20321,5152,9220,41700,8771
251039,Granyanella,7,55,18,9,45,22,16,100,40
251057,Granyena de les Garrigues,10,68,24,6,43,26,16,111,50
251044,Granyena de Segarra,2,42,25,3,33,34,5,75,59
430691,Gratallops,25,87,28,10,77,36,35,164,64
080977,Gualba,120,431,76,124,402,82,244,833,158
170813,Gualta,34,136,32,25,100,38,59,236,70
080996,Guardiola de Berguedà,70,362,115,57,296,124,127,658,239
430705,"Guiamets, els",11,110,35,13,106,54,24,216,89
170828,Guils de Cerdanya,34,210,29,26,181,39,60,391,68
251095,Guimerà,7,109,62,8,77,67,15,186,129
259031,"Guingueta d'Àneu, la",23,137,32,18,109,37,41,246,69
251109,Guissona,603,2502,253,578,1985,346,1181,4487,599
251116,Guixers,4,55,19,7,37,13,11,92,32
081000,Gurb,264,883,151,220,836,172,484,1719,323
430712,Horta de Sant Joan,100,430,163,66,371,177,166,801,340
081017,"Hospitalet de Llobregat, l'",17739,88967,20419,16664,87380,27473,34403,176347,47892
081629,"Hostalets de Pierola, els",279,1020,123,260,904,157,539,1924,280
170834,Hostalric,321,1446,271,321,1306,333,642,2752,604
081022,Igualada,3354,13328,2653,3134,12724,3956,6488,26052,6609
251155,Isona i Conca Dellà,66,365,181,58,309,171,124,674,352
170849,Isòvol,16,136,27,11,90,29,27,226,56
251137,Ivars d'Urgell,115,624,183,99,457,238,214,1081,421
251121,Ivars de Noguera,18,132,46,21,95,48,39,227,94
251142,Ivorra,6,41,18,3,30,24,9,71,42
170852,Jafre,25,164,43,21,119,60,46,283,103
170865,"Jonquera, la",274,1110,182,227,1080,233,501,2190,415
081038,Jorba,82,264,61,71,265,80,153,529,141
259101,Josa i Tuixén,4,55,19,3,47,13,7,102,32
170871,Juià,41,110,30,23,89,32,64,199,62
251180,Juncosa,19,168,66,29,118,79,48,286,145
251193,Juneda,246,1265,325,222,1045,384,468,2310,709
251214,Les,76,367,50,61,353,76,137,720,126
251229,Linyola,225,968,253,205,826,297,430,1794,550
081043,"Llacuna, la",65,347,95,48,263,119,113,610,214
170887,Lladó,60,235,58,57,218,69,117,453,127
251235,Lladorre,12,78,25,17,75,25,29,153,50
251240,Lladurs,8,68,33,11,52,21,19,120,54
081056,"Llagosta, la",1166,4830,888,1091,4622,1116,2257,9452,2004
170890,Llagostera,654,2830,591,648,2460,732,1302,5290,1323
170904,Llambilles,62,247,49,67,210,55,129,457,104
170911,Llanars,37,208,52,25,185,64,62,393,116
170926,Llançà,352,1803,456,368,1671,564,720,3474,1020
251253,Llardecans,23,165,80,23,132,98,46,297,178
251266,Llavorsí,20,134,45,22,125,34,42,259,79
251207,Lleida,10730,48985,8575,10327,46256,12514,21057,95241,21089
170932,Llers,86,408,103,86,371,118,172,779,221
251272,Lles de Cerdanya,16,112,35,7,68,30,23,180,65
081075,Lliçà d'Amunt,1418,5032,860,1375,4758,913,2793,9790,1773
081081,Lliçà de Vall,588,2248,413,535,2171,410,1123,4419,823
251288,Llimiana,12,58,26,6,50,21,18,108,47
081069,Llinars del Vallès,787,3190,559,731,3140,763,1518,6330,1322
170947,Llívia,121,650,97,92,539,109,213,1189,206
430727,"Lloar, el",9,41,21,5,34,14,14,75,35
251291,Llobera,15,73,24,10,59,28,25,132,52
430733,Llorac,8,36,14,4,32,13,12,68,27
430748,Llorenç del Penedès,212,739,159,187,719,235,399,1458,394
170950,Lloret de Mar,3170,15963,1835,2835,13782,2209,6005,29745,4044
170963,"Llosses, les",9,95,22,13,65,17,22,160,39
081094,Lluçà,19,98,23,20,79,26,39,177,49
171024,Maçanet de Cabrenys,32,230,107,45,212,102,77,442,209
171030,Maçanet de la Selva,593,2567,459,629,2272,500,1222,4839,959
170979,Madremanya,22,70,28,18,88,24,40,158,52
170985,Maià de Montcal,40,138,47,34,129,45,74,267,92
251333,Maials,51,343,128,63,257,164,114,600,292
251305,Maldà,17,82,37,9,70,43,26,152,80
081108,Malgrat de Mar,1431,6495,1362,1335,6166,1807,2766,12661,3169
081115,Malla,16,91,20,12,91,25,28,182,45
081120,Manlleu,1897,7051,1376,1775,6468,1883,3672,13519,3259
081136,Manresa,5984,25846,5699,5596,24493,8591,11580,50339,14290
430764,Marçà,53,198,83,51,193,75,104,391,158
430751,Margalef,7,37,16,1,34,20,8,71,36
082423,Marganell,23,106,24,17,103,44,40,209,68
081141,Martorell,2517,9747,1623,2306,8483,2139,4823,18230,3762
081154,Martorelles,361,1731,368,331,1652,457,692,3383,825
430770,Mas de Barberans,36,213,75,32,181,108,68,394,183
171002,Masarac,22,104,24,16,74,36,38,178,60
430786,Masdenverge,65,409,121,82,349,118,147,758,239
081167,"Masies de Roda, les",49,272,53,48,264,72,97,536,125
081173,"Masies de Voltregà, les",295,1101,209,283,1069,269,578,2170,478
430799,Masllorenç,40,184,54,33,150,65,73,334,119
081189,"Masnou, el",1759,7636,1435,1634,7904,2168,3393,15540,3603
430803,"Masó, la",15,94,42,22,91,36,37,185,78
430810,Maspujols,61,247,59,69,213,61,130,460,120
081192,Masquefa,850,2884,465,845,2749,502,1695,5633,967
430825,"Masroig, el",40,181,72,27,155,83,67,336,155
251312,Massalcoreig,30,210,64,30,170,86,60,380,150
171019,Massanes,52,281,48,54,236,55,106,517,103
251327,Massoteres,23,72,19,19,62,17,42,134,36
081206,Matadepera,971,2867,481,817,2880,590,1788,5747,1071
081213,Mataró,10116,43775,7637,9462,41242,10673,19578,85017,18310
081228,Mediona,210,799,205,194,713,242,404,1512,447
251348,Menàrguens,40,320,107,44,232,124,84,552,231
170998,Meranges,7,29,14,3,27,9,10,56,23
171058,Mieres,22,117,32,26,94,39,48,211,71
430831,"Milà, el",13,51,24,11,55,26,24,106,50
251351,Miralcamp,105,492,122,93,468,144,198,960,266
430846,Miravet,51,284,82,40,224,117,91,508,199
081385,Moià,524,1966,396,495,1825,507,1019,3791,903
430859,"Molar, el",19,102,44,10,75,47,29,177,91
081234,Molins de Rei,2120,8254,1457,2019,8356,2030,4139,16610,3487
251370,Mollerussa,1356,5539,750,1299,4758,1031,2655,10297,1781
171061,Mollet de Peralada,10,53,23,10,43,31,20,96,54
081249,Mollet del Vallès,4559,18882,2895,4405,17991,3727,8964,36873,6622
171077,Molló,15,121,40,19,106,53,34,227,93
251364,"Molsosa, la",2,42,16,4,37,16,6,79,32
081287,Monistrol de Calders,62,230,61,42,220,75,104,450,136
081271,Monistrol de Montserrat,208,1100,241,198,978,302,406,2078,543
171096,Montagut i Oix,70,356,87,69,296,111,139,652,198
430862,Montblanc,586,2608,541,498,2425,724,1084,5033,1265
430884,Montbrió del Camp,190,821,162,165,762,198,355,1583,360
081252,Montcada i Reixac,2877,11922,1963,2775,11404,2715,5652,23326,4678
081304,Montclar,12,26,16,6,37,15,18,63,31
251399,Montellà i Martinet,44,248,56,36,209,78,80,457,134
081311,Montesquiu,71,301,80,51,291,103,122,592,183
251403,Montferrer i Castellbò,77,439,71,73,364,62,150,803,133
430897,Montferri,39,131,35,45,112,29,84,243,64
251386,Montgai,41,228,98,36,196,119,77,424,217
081265,Montgat,885,3750,582,826,3770,771,1711,7520,1353
081326,Montmajor,31,170,55,21,154,52,52,324,107
081332,Montmaneu,8,65,29,8,49,25,16,114,54
430901,"Montmell, el",120,554,117,106,462,90,226,1016,207
081350,Montmeló,765,3143,561,714,3092,726,1479,6235,1287
251425,Montoliu de Lleida,36,164,50,23,158,64,59,322,114
251410,Montoliu de Segarra,14,72,31,2,49,29,16,121,60
251431,Montornès de Segarra,1,31,21,3,28,20,4,59,41
081363,Montornès del Vallès,1406,5827,860,1396,5264,1037,2802,11091,1897
430918,Mont-ral,10,76,15,4,58,9,14,134,24
171100,Mont-ras,132,672,129,140,609,139,272,1281,268
430923,Mont-roig del Camp,913,4526,921,855,4072,906,1768,8598,1827
081379,Montseny,13,111,39,14,97,38,27,208,77
430939,Móra d'Ebre,470,1963,433,476,1886,567,946,3849,1000
430944,Móra la Nova,245,1154,258,232,1011,338,477,2165,596
430957,"Morell, el",332,1264,180,275,1124,220,607,2388,400
430960,"Morera de Montsant, la",11,66,18,4,47,14,15,113,32
081290,Muntanyola,56,207,33,68,196,27,124,403,60
081398,Mura,14,91,17,19,72,20,33,163,37
251459,Nalec,2,29,21,2,30,14,4,59,35
250254,Naut Aran,108,677,98,139,600,107,247,1277,205
081402,Navarcles,428,2033,451,435,2012,605,863,4045,1056
081419,Navàs,495,2082,502,453,1951,711,948,4033,1213
171117,Navata,114,364,97,102,365,116,216,729,213
251462,Navès,20,90,27,18,85,36,38,175,63
081424,"Nou de Berguedà, la",10,49,23,11,39,23,21,88,46
430976,"Nou de Gaià, la",47,161,43,48,157,54,95,318,97
430982,Nulles,33,158,36,27,142,55,60,300,91
251484,Odèn,9,106,45,6,69,29,15,175,74
081430,Òdena,323,1185,234,283,1147,270,606,2332,504
171122,Ogassa,20,103,26,9,71,27,29,174,53
081458,Olèrdola,363,1262,205,323,1158,222,686,2420,427
081461,Olesa de Bonesvalls,147,632,110,136,560,117,283,1192,227
081477,Olesa de Montserrat,2211,8350,1382,2066,7807,1830,4277,16157,3212
251497,Oliana,107,656,217,110,603,252,217,1259,469
251500,Oliola,10,93,30,12,61,26,22,154,56
251517,Olius,94,289,57,85,261,55,179,550,112
081483,Olivella,352,1296,146,352,1122,137,704,2418,283
081496,Olost,76,405,117,71,364,169,147,769,286
171143,Olot,2584,11657,2579,2339,10634,3796,4923,22291,6375
251522,"Oluges, les",3,64,31,3,46,29,6,110,60
081445,Olvan,56,302,91,47,274,132,103,576,223
251538,"Omellons, els",13,82,42,11,73,33,24,155,75
251543,"Omells de na Gaia, els",8,43,25,4,44,20,12,87,45
171156,Ordis,37,131,33,27,123,34,64,254,67
251556,Organyà,48,297,118,49,285,145,97,582,263
081509,Orís,14,115,21,26,94,26,40,209,47
081516,Oristà,22,206,62,23,192,78,45,398,140
081521,Orpí,9,69,18,10,59,14,19,128,32
081537,Òrrius,51,235,45,63,209,51,114,444,96
251569,Os de Balaguer,72,336,110,85,277,107,157,613,217
171169,Osor,25,138,51,21,127,64,46,265,115
251575,Ossó de Sió,12,72,30,12,68,32,24,140,62
081542,Pacs del Penedès,70,319,58,77,293,64,147,612,122
081555,Palafolls,882,3088,434,831,3007,531,1713,6095,965
171175,Palafrugell,1957,7897,1531,1822,7378,2037,3779,15275,3568
171181,Palamós,1408,6220,1282,1320,6075,1752,2728,12295,3034
251581,"Palau d'Anglesola, el",153,732,168,163,659,245,316,1391,413
171194,Palau de Santa Eulàlia,8,43,10,3,34,7,11,77,17
171215,Palau-sator,16,101,36,19,84,34,35,185,70
171208,Palau-saverdera,113,464,160,120,456,162,233,920,322
081568,Palau-solità i Plegamans,1304,5104,744,1292,4855,891,2596,9959,1635
431009,"Pallaresos, els",506,1485,135,486,1365,149,992,2850,284
081574,Pallejà,1158,3973,566,998,3796,772,2156,7769,1338
430995,"Palma d'Ebre, la",20,120,62,28,116,79,48,236,141
089058,"Palma de Cervelló, la",251,1105,150,252,1080,197,503,2185,347
171236,Palol de Revardit,44,163,40,45,143,47,89,306,87
171241,Pals,198,911,285,168,874,309,366,1785,594
081580,"Papiol, el",317,1401,234,350,1334,301,667,2735,535
171254,Pardines,17,51,26,9,37,24,26,88,50
081593,Parets del Vallès,1663,6464,929,1502,6057,1190,3165,12521,2119
171267,Parlavà,25,148,34,17,134,44,42,282,78
431016,Passanant i Belltall,3,65,24,4,39,29,7,104,53
171289,Pau,48,183,52,39,185,56,87,368,108
431021,Paüls,22,196,79,35,177,89,57,373,168
171292,Pedret i Marzà,18,59,16,10,51,19,28,110,35
251641,Penelles,29,189,70,19,123,72,48,312,142
171306,"Pera, la",34,151,42,30,130,59,64,281,101
081607,Perafita,21,131,48,23,115,58,44,246,106
431037,Perafort,125,444,60,97,421,71,222,865,131
171328,Peralada,147,637,144,143,579,176,290,1216,320
251654,Peramola,26,129,48,16,110,58,42,239,106
431042,"Perelló, el",220,1192,359,200,974,358,420,2166,717
081614,Piera,1389,5092,978,1280,4659,1178,2669,9751,2156
431055,"Piles, les",10,83,22,14,71,18,24,154,40
081635,Pineda de Mar,2027,9237,1848,1868,8629,2284,3895,17866,4132
431068,"Pinell de Brai, el",64,380,137,62,318,174,126,698,311
251667,Pinell de Solsonès,13,76,27,13,54,32,26,130,59
251673,Pinós,21,114,37,18,89,36,39,203,73
431074,Pira,51,160,47,52,138,54,103,298,101
431080,"Pla de Santa Maria, el",197,850,203,174,734,213,371,1584,416
081640,"Pla del Penedès, el",92,371,95,85,345,115,177,716,210
171334,"Planes d'Hostoles, les",113,545,224,91,496,258,204,1041,482
171349,Planoles,15,112,31,11,79,40,26,191,71
259118,"Plans de Sió, els",37,183,82,24,145,100,61,328,182
251689,"Poal, el",35,214,74,35,173,91,70,387,165
251692,"Pobla de Cérvoles, la",15,81,33,16,62,33,31,143,66
081653,"Pobla de Claramunt, la",211,806,161,201,711,205,412,1517,366
081666,"Pobla de Lillet, la",49,445,154,43,380,232,92,825,386
431093,"Pobla de Mafumet, la",231,1024,89,238,942,104,469,1966,193
431107,"Pobla de Massaluca, la",18,126,59,14,102,72,32,228,131
431114,"Pobla de Montornès, la",255,1065,212,228,890,238,483,1955,450
251713,"Pobla de Segur, la",211,1068,340,212,976,459,423,2044,799
431129,Poboleda,21,147,43,14,111,46,35,258,89
081672,Polinyà,789,2935,265,763,2718,328,1552,5653,593
431135,"Pont d'Armentera, el",40,200,78,29,169,81,69,369,159
250306,"Pont de Bar, el",16,66,29,10,52,21,26,118,50
171352,Pont de Molins,31,184,47,31,165,40,62,349,87
251734,"Pont de Suert, el",166,928,206,164,771,271,330,1699,477
081825,"Pont de Vilomara i Rocafort, el",341,1353,249,293,1223,301,634,2576,550
431418,Pontils,2,52,18,0,47,12,2,99,30
081688,Pontons,47,208,38,27,171,48,74,379,86
171365,Pontós,18,79,34,19,67,25,37,146,59
251728,Ponts,203,932,256,192,852,309,395,1784,565
171371,Porqueres,375,1503,304,412,1479,327,787,2982,631
431140,Porrera,30,173,54,21,141,63,51,314,117
171404,"Port de la Selva, el",71,349,106,51,307,109,122,656,215
171387,Portbou,44,450,158,50,376,224,94,826,382
251749,"Portella, la",46,320,61,23,253,70,69,573,131
431153,Pradell de la Teixeta,5,62,18,13,60,30,18,122,48
431166,Prades,39,228,73,41,194,80,80,422,153
431172,Prat de Comte,16,60,31,8,55,28,24,115,59
081691,"Prat de Llobregat, el",4960,22350,4159,4551,21997,5417,9511,44347,9576
431188,Pratdip,53,276,121,38,224,123,91,500,244
081712,Prats de Lluçanès,182,924,249,176,875,333,358,1799,582
081705,"Prats de Rei, els",31,206,51,20,168,73,51,374,124
251752,Prats i Sansor,23,96,20,11,78,17,34,174,37
251765,Preixana,25,132,68,30,107,75,55,239,143
251771,Preixens,28,136,73,35,121,85,63,257,158
082303,Premià de Dalt,859,3554,637,824,3471,719,1683,7025,1356
081727,Premià de Mar,2192,9779,1736,2122,9516,2457,4314,19295,4193
171390,"Preses, les",134,568,131,150,578,163,284,1146,294
251790,Prullans,8,75,35,14,80,33,22,155,68
171411,Puigcerdà,746,3149,526,710,2898,717,1456,6047,1243
081748,Puigdàlber,40,181,31,40,179,51,80,360,82
251804,Puiggròs,29,105,31,21,87,38,50,192,69
431191,Puigpelat,117,360,48,87,325,64,204,685,112
081751,Puig-reig,238,1436,453,241,1332,633,479,2768,1086
251811,Puigverd d'Agramunt,18,97,40,15,78,27,33,175,67
251826,Puigverd de Lleida,120,473,123,111,429,134,231,902,257
081764,Pujalt,14,69,21,7,66,28,21,135,49
081770,"Quar, la",3,23,10,0,18,5,3,41,15
171426,Quart,292,1059,148,254,1042,188,546,2101,336
170433,Queralbs,13,68,28,7,49,25,20,117,53
431205,Querol,42,199,50,29,181,35,71,380,85
171432,Rabós,12,69,19,9,58,25,21,127,44
081786,Rajadell,34,190,47,36,158,49,70,348,96
431212,Rasquera,49,306,132,55,286,138,104,592,270
171447,Regencós,26,115,34,26,81,33,52,196,67
081799,Rellinars,50,275,45,68,232,57,118,507,102
431227,Renau,6,42,5,7,33,8,13,75,13
431233,Reus,9316,36769,6456,9100,35989,8992,18416,72758,15448
251832,Rialp,44,262,41,43,214,50,87,476,91
431248,"Riba, la",49,256,71,33,210,86,82,466,157
431251,Riba-roja d'Ebre,52,497,164,54,376,193,106,873,357
259059,Ribera d'Ondara,23,155,54,30,127,65,53,282,119
251850,Ribera d'Urgellet,81,350,86,59,299,107,140,649,193
171450,Ribes de Freser,104,618,229,90,587,302,194,1205,531
171463,Riells i Viabrea,394,1424,182,367,1315,186,761,2739,368
431264,"Riera de Gaià, la",165,591,91,152,535,127,317,1126,218
251863,Riner,15,94,32,24,93,34,39,187,66
171479,Ripoll,758,3712,967,624,3533,1397,1382,7245,2364
081803,Ripollet,3352,13341,1978,3251,12575,2654,6603,25916,4632
259139,Riu de Cerdanya,5,53,5,6,31,11,11,84,16
171485,Riudarenes,188,745,160,173,673,184,361,1418,344
171498,Riudaura,28,151,38,32,142,50,60,293,88
431270,Riudecanyes,113,370,93,85,345,112,198,715,205
431286,Riudecols,98,474,96,82,405,122,180,879,218
171501,Riudellots de la Selva,172,719,124,148,649,163,320,1368,287
431299,Riudoms,580,2257,493,511,2041,591,1091,4298,1084
171518,Riumors,15,76,23,14,66,30,29,142,53
081810,"Roca del Vallès, la",1014,3616,561,939,3497,664,1953,7113,1225
431303,Rocafort de Queralt,14,90,35,11,71,37,25,161,72
431310,Roda de Berà,516,2265,480,467,2021,483,983,4286,963
081831,Roda de Ter,524,2052,430,459,2001,652,983,4053,1082
431325,Rodonyà,51,193,44,45,131,63,96,324,107
431331,Roquetes,702,3041,602,600,2572,714,1302,5613,1316
171523,Roses,1747,7207,1423,1690,6784,1567,3437,13991,2990
251898,Rosselló,254,1083,170,257,959,227,511,2042,397
431346,"Rourell, el",29,140,29,35,107,44,64,247,73
081846,Rubí,6503,26541,3901,6028,25427,5191,12531,51968,9092
081859,Rubió,14,77,25,13,70,19,27,147,44
171539,Rupià,15,83,24,23,70,28,38,153,52
089019,Rupit i Pruit,10,113,34,18,103,34,28,216,68
081878,Sabadell,16750,70465,14247,15883,69570,20423,32633,140035,34670
081884,Sagàs,17,43,13,11,41,16,28,84,29
251902,Salàs de Pallars,5,119,45,8,93,64,13,212,109
081901,Saldes,16,141,40,13,100,30,29,241,70
171544,Sales de Llierca,10,53,10,10,47,6,20,100,16
081918,Sallent,463,2281,650,487,2186,962,950,4467,1612
431359,Salomó,40,180,49,37,142,57,77,322,106
439057,Salou,2153,11244,1137,1906,9315,1261,4059,20559,2398
171557,Salt,3023,11729,1407,2794,9394,1957,5817,21123,3364
251919,Sanaüja,35,147,58,29,121,68,64,268,126
081944,Sant Adrià de Besòs,2975,11506,2378,2680,11281,3284,5655,22787,5662
081957,Sant Agustí de Lluçanès,4,36,12,3,32,14,7,68,26
081960,Sant Andreu de la Barca,2694,9581,1231,2460,9091,1625,5154,18672,2856
081976,Sant Andreu de Llavaneres,1008,3508,618,901,3466,802,1909,6974,1420
171576,Sant Andreu Salou,12,47,16,8,50,22,20,97,38
171833,Sant Aniol de Finestres,31,124,29,19,110,29,50,234,58
081982,Sant Antoni de Vilamajor,508,1939,302,495,1843,392,1003,3782,694
081995,Sant Bartomeu del Grau,73,368,62,66,318,80,139,686,142
082009,Sant Boi de Llobregat,6521,28939,5450,6115,28112,7274,12636,57051,12724
082016,Sant Boi de Lluçanès,27,197,58,44,156,82,71,353,140
431362,Sant Carles de la Ràpita,1151,5295,1286,1172,5045,1634,2323,10340,2920
082037,Sant Cebrià de Vallalta,311,1271,179,320,1128,179,631,2399,358
082021,Sant Celoni,1454,5874,1123,1375,5578,1501,2829,11452,2624
082042,Sant Climent de Llobregat,384,1347,192,364,1295,237,748,2642,429
171582,Sant Climent Sescebes,33,180,67,32,142,67,65,322,134
082055,Sant Cugat del Vallès,8947,27325,3693,8427,28528,4825,17374,55853,8518
082068,Sant Cugat Sesgarrigues,90,334,75,86,295,93,176,629,168
251961,Sant Esteve de la Sarga,3,56,27,4,38,16,7,94,43
082074,Sant Esteve de Palautordera,259,840,132,288,839,142,547,1679,274
082080,Sant Esteve Sesrovires,687,2621,419,691,2446,465,1378,5067,884
171595,Sant Feliu de Buixalleu,62,286,69,55,246,75,117,532,144
082107,Sant Feliu de Codines,538,2074,368,483,1864,509,1021,3938,877
171609,Sant Feliu de Guíxols,1702,7654,1567,1665,7295,2092,3367,14949,3659
082114,Sant Feliu de Llobregat,3573,14777,2701,3533,14952,3576,7106,29729,6277
171616,Sant Feliu de Pallerols,108,448,110,116,416,165,224,864,275
082129,Sant Feliu Sasserra,51,224,59,39,212,76,90,436,135
171621,Sant Ferriol,28,93,17,12,66,20,40,159,37
082093,Sant Fost de Campsentelles,715,2900,535,631,2802,709,1346,5702,1244
082135,Sant Fruitós de Bages,784,2900,438,688,2813,561,1472,5713,999
171637,Sant Gregori,324,1103,220,283,1089,224,607,2192,444
251924,Sant Guim de Freixenet,70,382,108,77,332,145,147,714,253
251977,Sant Guim de la Plana,15,65,23,12,44,33,27,109,56
171642,Sant Hilari Sacalm,405,2082,472,391,1801,578,796,3883,1050
082153,Sant Hipòlit de Voltregà,291,1198,272,279,1085,387,570,2283,659
081939,Sant Iscle de Vallalta,118,458,93,120,391,100,238,849,193
439023,Sant Jaume d'Enveja,261,1174,362,232,1093,416,493,2267,778
082166,Sant Jaume de Frontanyà,2,8,3,1,9,1,3,17,4
171655,Sant Jaume de Llierca,37,256,100,37,231,119,74,487,219
431378,Sant Jaume dels Domenys,235,872,160,194,779,210,429,1651,370
171674,Sant Joan de les Abadesses,207,1187,365,189,1042,539,396,2229,904
171680,Sant Joan de Mollet,40,168,47,45,154,59,85,322,106
082188,Sant Joan de Vilatorrada,951,3796,731,871,3542,965,1822,7338,1696
082172,Sant Joan Despí,3021,10958,1872,2720,11286,2481,5741,22244,4353
171851,Sant Joan les Fonts,170,978,286,162,897,338,332,1875,624
171668,Sant Jordi Desvalls,38,222,57,47,201,88,85,423,145
089030,Sant Julià de Cerdanyola,22,94,27,16,74,34,38,168,61
171693,Sant Julià de Ramis,299,1157,193,320,1123,189,619,2280,382
082205,Sant Julià de Vilatorta,281,993,175,287,1005,233,568,1998,408
179032,Sant Julià del Llor i Bonmatí,107,463,76,106,427,112,213,890,188
082212,Sant Just Desvern,1333,5170,1095,1307,5519,1499,2640,10689,2594
082227,Sant Llorenç d'Hortons,211,866,137,237,780,185,448,1646,322
171714,Sant Llorenç de la Muga,17,74,19,16,67,29,33,141,48
251930,Sant Llorenç de Morunys,70,365,116,66,319,141,136,684,257
082233,Sant Llorenç Savall,178,817,213,183,744,267,361,1561,480
082251,Sant Martí d'Albars,6,38,12,7,32,12,13,70,24
082248,Sant Martí de Centelles,83,386,72,83,329,81,166,715,153
171729,Sant Martí de Llémena,41,202,49,54,186,34,95,388,83
259025,Sant Martí de Riucorb,33,223,100,39,177,113,72,400,213
082264,Sant Martí de Tous,113,372,101,127,328,123,240,700,224
082270,Sant Martí Sarroca,257,1057,265,256,1021,305,513,2078,570
082286,Sant Martí Sesgueioles,26,135,29,32,114,45,58,249,74
171735,Sant Martí Vell,35,83,23,23,75,26,58,158,49
082299,Sant Mateu de Bages,31,226,92,29,172,113,60,398,205
171740,Sant Miquel de Campmajor,17,84,25,15,81,21,32,165,46
171753,Sant Miquel de Fluvià,58,276,62,47,244,78,105,520,140
171766,Sant Mori,7,64,12,9,62,12,16,126,24
171772,Sant Pau de Segúries,38,239,82,37,218,96,75,457,178
082310,Sant Pere de Ribes,2515,10399,1471,2456,9736,1822,4971,20135,3293
082325,Sant Pere de Riudebitlles,211,788,200,187,753,242,398,1541,442
082331,Sant Pere de Torelló,199,838,191,143,788,258,342,1626,449
082346,Sant Pere de Vilamajor,407,1416,255,436,1362,271,843,2778,526
171788,Sant Pere Pescador,178,766,147,132,647,163,310,1413,310
081897,Sant Pere Sallavinera,8,55,25,11,47,22,19,102,47
082359,Sant Pol de Mar,435,1744,384,388,1684,441,823,3428,825
082362,Sant Quintí de Mediona,223,712,188,174,678,213,397,1390,401
082378,Sant Quirze de Besora,149,732,227,152,660,320,301,1392,547
082384,Sant Quirze del Vallès,1869,6620,732,1867,6634,980,3736,13254,1712
082397,Sant Quirze Safaja,52,244,34,72,205,33,124,449,67
251945,Sant Ramon,30,199,81,28,151,80,58,350,161
082401,Sant Sadurní d'Anoia,1084,4204,788,1063,4109,1075,2147,8313,1863
082418,Sant Sadurní d'Osormort,7,34,11,4,31,7,11,65,18
080983,Sant Salvador de Guardiola,296,1070,201,287,1005,219,583,2075,420
082628,Sant Vicenç de Castellet,661,3043,614,570,2822,978,1231,5865,1592
082649,Sant Vicenç de Montalt,692,1906,336,597,1881,364,1289,3787,700
082652,Sant Vicenç de Torelló,181,655,163,156,639,234,337,1294,397
082634,Sant Vicenç dels Horts,2425,9946,1700,2384,9433,2136,4809,19379,3836
431384,Santa Bàrbara,306,1360,374,276,1203,446,582,2563,820
082439,Santa Cecília de Voltregà,9,60,23,12,63,16,21,123,39
082444,Santa Coloma de Cervelló,807,2711,354,899,2613,461,1706,5324,815
171805,Santa Coloma de Farners,1052,4273,786,986,3862,989,2038,8135,1775
082457,Santa Coloma de Gramenet,9239,42741,8799,8248,39841,11192,17487,82582,19991
431397,Santa Coloma de Queralt,288,1041,266,274,922,362,562,1963,628
171812,Santa Cristina d'Aro,460,1797,346,435,1659,370,895,3456,716
082460,Santa Eugènia de Berga,153,872,149,161,752,174,314,1624,323
082476,Santa Eulàlia de Riuprimer,98,380,79,82,346,94,180,726,173
082482,Santa Eulàlia de Ronçana,653,2301,453,589,2272,561,1242,4573,1014
082495,Santa Fe del Penedès,37,130,26,41,125,25,78,255,51
171827,Santa Llogaia d'Àlguema,26,127,19,25,105,23,51,232,42
082508,Santa Margarida de Montbui,874,3450,609,826,3257,795,1700,6707,1404
082515,Santa Margarida i els Monjos,685,2517,351,636,2299,445,1321,4816,796
082589,Santa Maria d'Oló,74,369,106,79,326,125,153,695,231
082536,Santa Maria de Besora,8,53,23,9,47,28,17,100,51
082567,Santa Maria de Martorelles,75,308,47,70,279,60,145,587,107
082554,Santa Maria de Merlès,14,47,17,17,54,13,31,101,30
082573,Santa Maria de Miralles,5,49,11,8,44,16,13,93,27
082592,Santa Maria de Palautordera,878,3246,521,763,2967,665,1641,6213,1186
431401,Santa Oliva,329,1162,239,265,1049,283,594,2211,522
171848,Santa Pau,96,560,153,101,531,159,197,1091,312
082606,Santa Perpètua de Mogoda,2477,9264,1217,2214,8487,1532,4691,17751,2749
082613,Santa Susanna,315,1161,212,282,1112,226,597,2273,438
081923,Santpedor,618,2468,449,605,2364,567,1223,4832,1016
431423,Sarral,132,610,144,147,505,182,279,1115,326
171864,Sarrià de Ter,352,1603,334,360,1494,453,712,3097,787
252017,Sarroca de Bellera,2,54,23,2,38,17,4,92,40
252000,Sarroca de Lleida,22,155,54,14,124,64,36,279,118
171870,"Saus, Camallera i Llampaies",50,258,61,56,255,85,106,513,146
431439,Savallà del Comtat,1,26,8,5,20,11,6,46,19
431444,"Secuita, la",127,572,91,121,512,124,248,1084,215
171886,"Selva de Mar, la",7,80,28,11,72,22,18,152,50
431457,"Selva del Camp, la",537,1896,342,485,1772,445,1022,3668,787
431460,Senan,2,24,8,6,13,3,8,37,11
430445,"Sénia, la",512,2134,472,438,1969,562,950,4103,1034
252022,Senterada,4,64,9,9,43,13,13,107,22
250352,"Sentiu de Sió, la",20,164,65,22,162,69,42,326,134
082671,Sentmenat,758,2933,421,685,2780,535,1443,5713,956
171903,Serinyà,86,384,87,90,358,99,176,742,186
252043,Seròs,116,722,200,103,500,226,219,1222,426
171910,Serra de Daró,20,68,26,11,59,25,31,127,51
171925,Setcases,5,67,24,8,56,21,13,123,45
252038,"Seu d'Urgell, la",1041,4499,892,956,4459,1213,1997,8958,2105
082690,Seva,318,1192,250,278,1086,294,596,2278,544
252056,Sidamon,61,267,56,67,242,65,128,509,121
171931,Sils,501,1904,320,470,1789,372,971,3693,692
082704,Sitges,2296,9939,1831,2117,9658,2289,4413,19597,4120
170524,Siurana,15,60,25,11,56,23,26,116,48
082711,Sobremunt,4,31,11,11,29,9,15,60,20
252069,"Soleràs, el",23,124,54,24,86,65,47,210,119
431476,Solivella,49,203,90,52,183,101,101,386,191
252075,Solsona,814,3176,678,745,2895,911,1559,6071,1589
082726,Sora,11,75,19,12,57,16,23,132,35
252081,Soriguera,24,146,34,23,111,39,47,257,73
252094,Sort,209,829,173,183,775,218,392,1604,391
252108,Soses,142,649,135,123,544,170,265,1193,305
082732,Subirats,252,1035,259,261,952,317,513,1987,576
252115,Sudanell,52,348,87,45,258,88,97,606,175
252120,Sunyer,17,109,37,16,89,39,33,198,76
082747,Súria,403,2126,589,397,1987,857,800,4113,1446
171946,Susqueda,4,50,14,5,32,13,9,82,27
082763,Tagamanent,26,112,25,31,85,27,57,197,52
082779,Talamanca,12,60,8,8,41,14,20,101,22
252154,Talarn,21,131,38,36,116,53,57,247,91
252167,Talavera,23,112,35,11,79,42,34,191,77
171959,"Tallada d'Empordà, la",30,146,51,23,133,52,53,279,103
082785,Taradell,556,2083,447,463,1968,581,1019,4051,1028
431482,Tarragona,11727,48780,8728,11018,47755,12176,22745,96535,20904
252173,Tàrrega,1579,6102,1013,1442,5624,1429,3021,11726,2442
252189,Tarrés,4,39,12,5,34,15,9,73,27
252192,Tarroja de Segarra,10,54,23,8,47,27,18,101,50
082750,Tavèrnoles,25,103,25,19,110,22,44,213,47
082802,Tavertet,5,57,18,7,45,16,12,102,34
082819,Teià,506,2129,393,444,2094,515,950,4223,908
252206,Térmens,97,541,148,92,462,188,189,1003,336
171962,Terrades,27,109,21,23,105,32,50,214,53
082798,Terrassa,18623,74272,12795,17449,71006,18579,36072,145278,31374
082824,Tiana,720,2665,403,712,2745,529,1432,5410,932
252213,Tírvia,9,61,13,6,53,17,15,114,30
252228,Tiurana,5,21,13,7,23,12,12,44,25
431495,Tivenys,55,294,124,44,259,149,99,553,273
431508,Tivissa,105,601,219,99,530,258,204,1131,477
082830,Tona,727,2755,519,698,2598,687,1425,5353,1206
252234,Torà,97,477,124,83,429,157,180,906,281
082845,Tordera,1361,5588,1073,1221,5115,1283,2582,10703,2356
082858,Torelló,1077,4857,979,1057,4622,1352,2134,9479,2331
252249,"Torms, els",11,54,29,7,41,29,18,95,58
252252,Tornabous,61,287,113,40,239,123,101,526,236
252271,"Torre de Cabdella, la",20,287,94,24,237,129,44,524,223
082861,"Torre de Claramunt, la",368,1381,212,335,1247,214,703,2628,426
431515,"Torre de Fontaubella, la",9,44,21,8,40,25,17,84,46
431520,"Torre de l'Espanyol, la",39,226,85,46,189,94,85,415,179
252265,Torrebesses,19,96,41,9,85,49,28,181,90
431536,Torredembarra,1218,5413,1061,1195,5212,1307,2413,10625,2368
252287,Torrefarrera,442,1485,173,398,1422,231,840,2907,404
259078,Torrefeta i Florejacs,37,192,90,33,174,91,70,366,181
252304,Torregrossa,143,766,235,140,653,314,283,1419,549
252311,Torrelameu,34,290,69,36,180,81,70,470,150
082877,Torrelavit,95,531,123,86,410,138,181,941,261
082883,Torrelles de Foix,224,892,215,203,796,215,427,1688,430
082896,Torrelles de Llobregat,559,1957,246,571,1905,288,1130,3862,534
171978,Torrent,9,64,25,10,67,15,19,131,40
252326,Torres de Segre,131,750,197,146,635,221,277,1385,418
252332,Torre-serona,19,115,46,14,108,48,33,223,94
171984,Torroella de Fluvià,47,254,48,59,230,48,106,484,96
171997,Torroella de Montgrí,955,4074,828,908,3827,930,1863,7901,1758
431541,Torroja del Priorat,5,63,25,7,38,27,12,101,52
172001,Tortellà,45,247,95,55,217,112,100,464,207
431554,Tortosa,2719,11983,2642,2469,10995,3665,5188,22978,6307
172018,Toses,7,71,18,6,37,16,13,108,34
172023,Tossa de Mar,427,2171,466,394,1980,538,821,4151,1004
252347,Tremp,459,2105,597,452,1943,812,911,4048,1409
172044,Ullà,86,421,64,73,303,72,159,724,136
082900,Ullastrell,215,649,104,193,611,120,408,1260,224
172057,Ullastret,19,82,24,26,74,25,45,156,49
431567,Ulldecona,567,2651,570,504,2297,746,1071,4948,1316
431573,Ulldemolins,23,163,79,15,111,79,38,274,158
172039,Ultramort,17,73,28,7,56,32,24,129,60
172060,Urús,13,78,14,10,69,24,23,147,38
082917,Vacarisses,726,2083,303,620,1964,321,1346,4047,624
170144,"Vajol, la",5,44,10,3,28,8,8,72,18
172076,"Vall d'en Bas, la",210,953,259,212,864,335,422,1817,594
172082,"Vall de Bianya, la",115,460,92,104,423,126,219,883,218
250432,"Vall de Boí, la",55,446,83,55,363,74,110,809,157
259010,Vall de Cardós,23,154,46,28,125,46,51,279,92
082922,Vallbona d'Anoia,118,518,95,103,469,120,221,987,215
252385,Vallbona de les Monges,11,84,39,5,64,48,16,148,87
082938,Vallcebre,15,101,40,6,67,39,21,168,79
431589,Vallclara,7,41,18,8,30,13,15,71,31
252402,Vallfogona de Balaguer,115,640,138,134,598,163,249,1238,301
171707,Vallfogona de Ripollès,15,89,26,9,65,30,24,154,56
431592,Vallfogona de Riucorb,1,44,21,0,25,23,1,69,44
082943,Vallgorguina,288,919,125,248,872,139,536,1791,264
082956,Vallirana,1337,4923,837,1328,4794,981,2665,9717,1818
172095,Vall-llobrega,100,305,38,89,295,39,189,600,77
431606,Vallmoll,121,615,117,122,545,117,243,1160,234
082969,Vallromanes,286,803,111,262,790,115,548,1593,226
431613,Valls,2051,8957,1685,1949,8195,2321,4000,17152,4006
259062,"Valls d'Aguilar, les",15,112,42,6,86,43,21,198,85
252398,"Valls de Valira, les",34,327,83,26,284,72,60,611,155
431628,Vandellòs i l'Hospitalet de l'Infant,475,2018,398,444,2013,491,919,4031,889
259097,"Vansa i Fórnols, la",9,81,31,9,62,27,18,143,58
082975,Veciana,17,50,27,10,48,21,27,98,48
431634,"Vendrell, el",3108,12744,2264,3103,12170,2679,6211,24914,4943
172109,Ventalló,59,276,77,53,246,81,112,522,158
252424,Verdú,60,301,121,64,287,172,124,588,293
172116,Verges,79,382,113,77,359,156,156,741,269
431649,Vespella de Gaià,38,163,35,23,138,21,61,301,56
082981,Vic,3662,14011,2461,3336,13142,3810,6998,27153,6271
172121,Vidrà,15,60,13,10,53,17,25,113,30
172137,Vidreres,737,2703,501,603,2476,609,1340,5179,1110
252430,Vielha e Mijaran,429,2277,236,372,2036,286,801,4313,522
431652,Vilabella,54,283,89,53,243,102,107,526,191
172142,Vilabertran,66,328,86,65,267,95,131,595,181
172155,Vilablareix,198,819,116,185,841,138,383,1660,254
082994,Vilada,22,181,58,13,157,85,35,338,143
172174,Viladamat,28,166,46,27,141,50,55,307,96
172168,Viladasens,13,80,18,8,71,26,21,151,44
083015,Viladecans,5756,22697,3651,5403,22041,4529,11159,44738,8180
083008,Viladecavalls,692,2633,316,713,2587,382,1405,5220,698
172180,Vilademuls,62,253,86,49,229,87,111,482,173
172207,Viladrau,79,400,83,94,351,91,173,751,174
172214,Vilafant,478,1912,297,440,1917,385,918,3829,682
083054,Vilafranca del Penedès,3206,13338,2397,3096,12779,3402,6302,26117,5799
252445,Vilagrassa,31,155,47,34,136,55,65,291,102
172235,Vilajuïga,94,382,89,103,372,115,197,754,204
431750,Vilalba dels Arcs,35,234,110,34,191,117,69,425,227
083067,Vilalba Sasserra,62,249,43,68,221,46,130,470,89
252458,Vilaller,38,312,55,32,197,62,70,509,117
172240,Vilallonga de Ter,33,165,61,26,135,57,59,300,118
431665,Vilallonga del Camp,178,727,118,161,677,139,339,1404,257
172253,Vilamacolum,29,123,25,22,94,35,51,217,60
172266,Vilamalla,102,407,76,86,358,71,188,765,147
172272,Vilamaniscle,16,66,17,15,53,14,31,119,31
252477,Vilamòs,18,78,12,13,72,9,31,150,21
172288,Vilanant,18,124,35,36,120,30,54,244,65
431671,Vilanova d'Escornalbou,53,215,54,30,181,40,83,396,94
252483,Vilanova de Bellpuig,80,392,151,49,348,174,129,740,325
252496,Vilanova de l'Aguda,12,69,36,15,62,41,27,131,77
252542,Vilanova de la Barca,88,428,120,81,383,135,169,811,255
252509,Vilanova de Meià,19,138,61,17,116,69,36,254,130
431687,Vilanova de Prades,3,51,20,13,36,20,16,87,40
083036,Vilanova de Sau,20,113,27,18,119,33,38,232,60
252516,Vilanova de Segrià,59,324,71,46,275,87,105,599,158
083020,Vilanova del Camí,1192,4503,692,1114,4256,887,2306,8759,1579
089024,Vilanova del Vallès,565,1653,242,491,1579,267,1056,3232,509
083073,Vilanova i la Geltrú,5346,22925,4468,5070,22623,6100,10416,45548,10568
431690,Vilaplana,26,227,64,43,196,75,69,423,139
431704,Vila-rodona,110,449,102,91,391,133,201,840,235
172305,Vila-sacra,43,217,41,51,216,59,94,433,100
252521,Vila-sana,44,236,63,50,218,77,94,454,140
431711,Vila-seca,1865,8153,947,1759,7415,1234,3624,15568,2181
082140,Vilassar de Dalt,688,2998,616,694,2972,778,1382,5970,1394
082191,Vilassar de Mar,1739,6432,1250,1616,6760,1777,3355,13192,3027
172229,Vilaür,13,38,20,11,46,18,24,84,38
431726,Vilaverd,39,167,39,47,146,65,86,313,104
431732,"Vilella Alta, la",5,49,17,16,33,16,21,82,33
431747,"Vilella Baixa, la",15,78,22,18,54,26,33,132,48
172333,Vilobí d'Onyar,283,1092,221,243,947,246,526,2039,467
083041,Vilobí del Penedès,104,395,87,83,352,108,187,747,195
172327,Vilopriu,19,72,21,10,57,29,29,129,50
252537,"Vilosell, el",5,70,27,4,56,38,9,126,65
431763,Vimbodí i Poblet,73,365,146,48,276,130,121,641,276
252555,Vinaixa,31,213,66,25,187,87,56,400,153
431779,Vinebre,27,156,50,33,133,60,60,289,110
431785,Vinyols i els Arcs,148,681,142,147,635,134,295,1316,276
083089,Viver i Serrateix,13,64,21,12,55,23,25,119,44
430521,Xerta,92,403,148,75,403,183,167,806,331
,Catalunya,591085,2610812,522618,555865,2515456,716545,1146950,5126268,1239163

