Codi,Literal,Homes. De 0 a 14 anys,Homes. De 15 a 64 anys,Homes. 65 anys o més,Dones. De 0 a 14 anys,Dones. De 15 a 64 anys,Dones. 65 anys o més,Total. De 0 a 14 anys,Total. De 15 a 64 anys,Total. 65 anys o més
250019,Abella de la Conca,15,61,23,13,53,18,28,114,41
080018,Abrera,723,3629,401,718,3248,447,1441,6877,848
250024,Àger,19,153,100,13,124,88,32,277,188
250030,Agramunt,390,1793,454,328,1514,592,718,3307,1046
080023,Aguilar de Segarra,14,71,32,14,62,31,28,133,63
170010,Agullana,34,244,91,49,206,99,83,450,190
080142,Aiguafreda,137,754,184,142,736,253,279,1490,437
430017,Aiguamúrcia,30,246,79,35,209,73,65,455,152
170025,Aiguaviva,51,204,40,55,192,45,106,396,85
250387,Aitona,130,754,239,99,674,322,229,1428,561
250045,"Alamús, els",38,242,70,34,210,97,72,452,167
250058,Alàs i Cerc,21,147,47,18,109,54,39,256,101
250061,"Albagés, l'",37,167,68,26,138,76,63,305,144
170031,Albanyà,8,41,13,7,33,14,15,74,27
250077,Albatàrrec,94,466,113,97,407,129,191,873,242
250083,Albesa,103,498,167,83,464,208,186,962,375
250096,"Albi, l'",47,284,95,40,247,113,87,531,208
430022,Albinyana,101,658,154,114,589,164,215,1247,318
430038,"Albiol, l'",19,84,18,22,73,14,41,157,32
170046,Albons,51,218,53,26,186,73,77,404,126
430043,Alcanar,569,3064,808,540,2798,959,1109,5862,1767
250100,Alcanó,12,74,44,17,68,43,29,142,87
250117,Alcarràs,340,1654,464,341,1587,517,681,3241,981
250122,Alcoletge,128,715,157,134,601,164,262,1316,321
430056,Alcover,317,1504,324,336,1314,402,653,2818,726
439044,"Aldea, l'",228,1256,373,197,1097,439,425,2353,812
430069,Aldover,33,252,102,34,259,134,67,511,236
430075,"Aleixar, l'",56,242,83,55,219,95,111,461,178
080039,Alella,705,3251,452,634,3204,601,1339,6455,1053
430081,Alfara de Carles,13,131,54,17,102,60,30,233,114
250138,Alfarràs,164,949,308,167,929,364,331,1878,672
250143,Alfés,18,114,36,15,87,50,33,201,86
430094,Alforja,93,462,162,86,405,185,179,867,347
250156,Algerri,18,158,80,17,145,89,35,303,169
250169,Alguaire,186,1001,281,175,890,339,361,1891,620
250175,Alins,9,86,41,12,70,52,21,156,93
430108,Alió,8,130,47,30,108,53,38,238,100
250194,Almacelles,345,2036,532,377,1765,647,722,3801,1179
250208,Almatret,19,139,81,16,107,99,35,246,180
250215,Almenar,234,1196,363,197,1062,429,431,2258,792
430115,Almoster,95,364,62,102,331,63,197,695,125
250220,Alòs de Balaguer,5,64,30,4,36,28,9,100,58
170062,Alp,83,532,70,79,442,91,162,974,161
080044,Alpens,27,95,32,19,80,34,46,175,66
250236,Alpicat,394,1676,265,410,1563,364,804,3239,629
250241,Alt Àneu,30,157,48,25,111,43,55,268,91
430120,Altafulla,324,1384,188,290,1293,231,614,2677,419
170078,Amer,122,724,229,124,695,295,246,1419,524
430136,"Ametlla de Mar, l'",367,2101,545,374,1908,540,741,4009,1085
080057,"Ametlla del Vallès, l'",700,2342,322,594,2357,442,1294,4699,764
439060,"Ampolla, l'",140,679,252,108,691,263,248,1370,515
430141,Amposta,1243,6265,1404,1209,5833,1805,2452,12098,3209
170084,Anglès,333,1805,468,315,1550,578,648,3355,1046
250273,Anglesola,58,422,170,67,382,174,125,804,344
250292,Arbeca,132,745,286,111,679,342,243,1424,628
430167,"Arboç, l'",321,1483,276,259,1281,357,580,2764,633
430154,Arbolí,2,54,9,0,38,19,2,92,28
170097,Arbúcies,453,2056,444,399,1690,557,852,3746,1001
080060,Arenys de Mar,1022,4529,998,889,4509,1484,1911,9038,2482
080076,Arenys de Munt,596,2475,438,525,2342,601,1121,4817,1039
170101,Argelaguer,41,127,49,30,104,55,71,231,104
080082,Argençola,13,74,23,9,60,23,22,134,46
430173,"Argentera, l'",8,64,15,8,43,16,16,107,31
080095,Argentona,876,3633,628,788,3550,827,1664,7183,1455
170118,"Armentera, l'",36,254,83,28,231,115,64,485,198
430189,Arnes,19,140,99,18,132,93,37,272,192
250313,Arres,6,26,5,2,14,10,8,40,15
250328,Arsèguel,7,33,12,4,30,12,11,63,24
080109,Artés,360,1622,382,302,1526,504,662,3148,886
250334,Artesa de Lleida,90,449,142,79,380,178,169,829,320
250349,Artesa de Segre,225,1167,390,197,1018,416,422,2185,806
430192,Ascó,100,553,175,90,498,219,190,1051,394
250365,Aspa,13,74,47,14,75,46,27,149,93
250371,"Avellanes i Santa Linya, les",17,166,79,14,115,84,31,281,163
080116,Avià,119,656,203,130,590,237,249,1246,440
080121,Avinyó,161,673,190,149,611,265,310,1284,455
170123,Avinyonet de Puigventós,77,356,48,68,342,64,145,698,112
080137,Avinyonet del Penedès,86,509,125,83,380,151,169,889,276
080155,Badalona,15314,78738,12883,14354,74772,18379,29668,153510,31262
089045,Badia del Vallès,1120,5344,808,1031,5210,1040,2151,10554,1848
080168,Bagà,113,680,233,144,651,298,257,1331,531
250390,Baix Pallars,12,128,63,11,93,53,23,221,116
250404,Balaguer,1071,4717,1159,1018,4560,1543,2089,9277,2702
080174,Balenyà,249,1176,213,260,1093,289,509,2269,502
080180,Balsareny,209,1094,306,187,1040,420,396,2134,726
430206,Banyeres del Penedès,136,750,117,102,627,130,238,1377,247
170157,Banyoles,1411,5425,1241,1302,5138,1727,2713,10563,2968
250411,Barbens,44,263,97,29,225,137,73,488,234
430213,Barberà de la Conca,23,154,44,21,122,70,44,276,114
082520,Barberà del Vallès,2196,10189,1257,2048,9835,1628,4244,20024,2885
080193,Barcelona,93840,524132,130177,89425,539100,206064,183265,1063232,336241
250426,"Baronia de Rialb, la",24,87,38,17,74,45,41,161,83
170160,Bàscara,58,290,88,32,270,106,90,560,194
250447,Bassella,17,79,39,15,72,43,32,151,82
430228,Batea,110,662,274,110,620,287,220,1282,561
250450,Bausen,1,14,15,1,6,14,2,20,29
080207,Begues,547,1755,214,527,1705,275,1074,3460,489
170139,Begur,296,1329,288,284,1243,308,580,2572,596
250463,Belianes,45,179,85,39,153,110,84,332,195
251706,Bellaguarda,20,95,60,16,94,66,36,189,126
170182,Bellcaire d'Empordà,40,232,59,38,175,75,78,407,134
250479,Bellcaire d'Urgell,41,365,174,64,352,219,105,717,393
250485,Bell-lloc d'Urgell,114,693,221,135,640,265,249,1333,486
250498,Bellmunt d'Urgell,12,65,35,19,70,31,31,135,66
430234,Bellmunt del Priorat,12,92,48,9,77,66,21,169,114
080214,Bellprat,6,31,14,4,25,12,10,56,26
250501,Bellpuig,283,1477,384,271,1307,502,554,2784,886
430249,Bellvei,109,581,122,116,478,126,225,1059,248
250518,Bellver de Cerdanya,91,637,169,84,517,191,175,1154,360
250523,Bellvís,111,688,282,107,598,351,218,1286,633
250539,Benavent de Segrià,77,404,78,92,346,80,169,750,158
430252,Benifallet,45,245,127,47,228,151,92,473,278
430265,Benissanet,71,393,137,48,330,145,119,723,282
080229,Berga,981,5137,1473,884,4884,2078,1865,10021,3551
170195,Besalú,117,679,233,125,669,289,242,1348,522
170209,Bescanó,277,1200,285,281,1143,339,558,2343,624
170216,Beuda,5,55,16,12,44,7,17,99,23
080235,Bigues i Riells del Fai,601,2424,320,488,2215,352,1089,4639,672
250557,Biosca,15,78,32,14,61,41,29,139,73
170221,"Bisbal d'Empordà, la",628,2996,693,630,2794,910,1258,5790,1603
430271,"Bisbal de Falset, la",13,76,40,14,69,38,27,145,78
430287,"Bisbal del Penedès, la",182,882,187,151,718,229,333,1600,416
172348,Biure,11,84,21,19,69,28,30,153,49
430290,Blancafort,29,136,56,21,99,71,50,235,127
170237,Blanes,2697,12507,2182,2542,11754,2795,5239,24261,4977
170293,Boadella i les Escaules,15,75,25,10,79,32,25,154,57
170242,Bolvir,13,105,22,13,87,31,26,192,53
430304,Bonastre,18,165,42,34,122,43,52,287,85
250576,"Bòrdes, Es",14,78,19,6,84,17,20,162,36
170255,Bordils,111,483,117,110,450,151,221,933,268
250582,"Borges Blanques, les",379,1805,512,321,1672,676,700,3477,1188
430311,"Borges del Camp, les",109,582,155,109,547,184,218,1129,339
170268,Borrassà,25,179,61,16,166,77,41,345,138
080240,Borredà,43,169,45,26,149,66,69,318,111
250595,Bossòst,73,368,79,71,330,90,144,698,169
430326,Bot,29,248,125,29,213,149,58,461,274
430332,Botarell,69,319,49,61,275,58,130,594,107
250560,Bovera,9,110,68,10,101,80,19,211,148
430347,Bràfim,25,209,62,30,184,90,55,393,152
170274,Breda,267,1259,290,245,1128,354,512,2387,644
080253,"Bruc, el",115,514,94,99,445,112,214,959,206
080266,"Brull, el",12,73,21,8,61,20,20,134,41
170280,Brunyola i Sant Martí Sapresa,17,110,57,16,100,62,33,210,119
430350,Cabacés,13,115,54,18,90,55,31,205,109
250609,Cabanabona,5,23,17,5,27,19,10,50,36
170314,Cabanelles,13,89,34,12,65,27,25,154,61
170307,Cabanes,49,292,87,46,258,79,95,550,166
080272,"Cabanyes, les",49,222,42,44,189,57,93,411,99
250616,Cabó,7,36,20,1,31,20,8,67,40
430363,Cabra del Camp,60,242,71,33,230,73,93,472,144
080288,Cabrera d'Anoia,51,290,58,46,230,52,97,520,110
080291,Cabrera de Mar,322,1405,230,305,1350,257,627,2755,487
080305,Cabrils,545,1999,242,588,2015,314,1133,4014,556
170329,Cadaqués,177,921,173,191,905,245,368,1826,418
080312,Calaf,201,1123,277,183,989,337,384,2112,614
430379,Calafell,1055,5874,1084,1089,5545,1236,2144,11419,2320
080348,Calders,58,257,81,72,242,71,130,499,152
080327,Caldes d'Estrac,165,804,165,157,755,264,322,1559,429
170335,Caldes de Malavella,365,1601,356,320,1495,465,685,3096,821
080333,Caldes de Montbui,978,4946,962,931,4703,1283,1909,9649,2245
080351,Calella,1111,5416,1049,1036,5174,1614,2147,10590,2663
080370,Calldetenes,173,789,136,154,677,169,327,1466,305
080386,Callús,84,480,134,79,450,190,163,930,324
080364,Calonge de Segarra,14,53,31,8,51,35,22,104,66
170340,Calonge i Sant Antoni,624,2937,631,642,2732,716,1266,5669,1347
250621,Camarasa,35,288,137,32,237,157,67,525,294
439039,Camarles,187,1053,306,202,948,364,389,2001,670
430385,Cambrils,1932,8592,1273,1846,8337,1575,3778,16929,2848
170353,Camós,37,237,70,45,191,81,82,428,151
170366,Campdevànol,191,1105,365,180,1056,477,371,2161,842
170372,Campelles,4,47,15,6,35,17,10,82,32
080399,Campins,21,120,18,34,102,18,55,222,36
170388,Campllong,31,105,37,28,106,31,59,211,68
170391,Camprodon,114,785,255,123,744,322,237,1529,577
250637,Canejan,4,32,16,7,28,18,11,60,34
170405,Canet d'Adri,30,200,41,24,167,57,54,367,98
080403,Canet de Mar,844,4135,833,764,3910,1236,1608,8045,2069
080410,Canovelles,1042,5205,787,990,4691,986,2032,9896,1773
080425,Cànoves i Samalús,172,833,129,164,710,147,336,1543,276
170412,Cantallops,14,78,34,12,79,48,26,157,82
080431,Canyelles,197,989,141,182,830,146,379,1819,287
430398,Capafonts,1,43,19,3,35,18,4,78,37
430402,Capçanes,19,122,47,15,135,63,34,257,110
080446,Capellades,352,1769,388,354,1704,544,706,3473,932
170427,Capmany,30,157,63,27,144,60,57,301,123
080459,Capolat,2,23,10,4,21,10,6,44,20
080462,Cardedeu,1272,4916,729,1111,4835,1007,2383,9751,1736
080478,Cardona,282,1755,552,274,1635,814,556,3390,1366
080484,Carme,42,251,78,39,213,98,81,464,176
430419,Caseres,17,88,52,20,90,56,37,178,108
170448,Cassà de la Selva,655,2792,677,598,2544,884,1253,5336,1561
080497,Casserres,72,483,196,75,475,246,147,958,442
080575,Castell de l'Areny,1,28,8,7,18,4,8,46,12
259046,Castell de Mur,7,47,29,9,39,25,16,86,54
250642,Castellar de la Ribera,12,46,22,11,48,23,23,94,45
080522,Castellar de n'Hug,6,74,25,9,58,25,15,132,50
080500,Castellar del Riu,14,52,14,10,37,11,24,89,25
080517,Castellar del Vallès,1708,6731,1043,1568,6516,1368,3276,13247,2411
080538,Castellbell i el Vilar,207,1107,266,177,975,348,384,2082,614
080543,Castellbisbal,978,3615,449,894,3360,495,1872,6975,944
080556,Castellcir,43,165,35,30,131,48,73,296,83
250674,Castelldans,57,313,135,50,259,148,107,572,283
080569,Castelldefels,4356,19590,2255,4187,19084,2933,8543,38674,5188
080581,Castellet i la Gornal,103,551,140,110,485,173,213,1036,313
170464,Castellfollit de la Roca,61,326,113,53,281,150,114,607,263
080608,Castellfollit de Riubregós,17,72,19,11,64,34,28,136,53
080594,Castellfollit del Boix,30,121,42,33,112,51,63,233,93
080615,Castellgalí,79,386,94,69,328,110,148,714,204
080620,Castellnou de Bages,56,268,33,46,231,36,102,499,69
250680,Castellnou de Seana,43,229,90,35,198,102,78,427,192
170470,Castelló d'Empúries,630,2891,711,622,2587,724,1252,5478,1435
250693,Castelló de Farfanya,23,178,84,31,159,95,54,337,179
080636,Castellolí,29,157,37,37,133,48,66,290,85
170486,Castell-Platja d'Aro,535,2984,494,531,2821,540,1066,5805,1034
250707,Castellserà,56,357,152,67,327,164,123,684,316
080641,Castellterçol,142,718,203,153,681,271,295,1399,474
430424,Castellvell del Camp,156,614,85,158,603,106,314,1217,191
080654,Castellví de la Marca,97,520,145,95,456,184,192,976,329
080667,Castellví de Rosanes,107,474,72,110,437,81,217,911,153
430430,"Catllar, el",231,1061,178,227,990,160,458,2051,338
250714,Cava,0,20,10,4,12,8,4,32,18
171899,"Cellera de Ter, la",154,714,180,123,656,237,277,1370,417
170499,Celrà,263,1066,197,277,1023,246,540,2089,443
080673,Centelles,455,2101,483,404,2008,704,859,4109,1187
082687,Cercs,87,446,166,65,396,216,152,842,382
082665,Cerdanyola del Vallès,4275,20899,2694,3902,20430,3531,8177,41329,6225
080689,Cervelló,548,2600,335,534,2379,452,1082,4979,787
250729,Cervera,652,3050,648,656,2580,838,1308,5630,1486
250735,Cervià de les Garrigues,43,262,132,33,244,128,76,506,260
170502,Cervià de Ter,56,213,79,49,215,90,105,428,169
170519,Cistella,11,75,31,16,69,30,27,144,61
250740,Ciutadilla,17,71,34,7,68,36,24,139,70
250753,Clariana de Cardener,16,56,8,8,55,10,24,111,18
250766,"Cogul, el",8,71,41,8,57,39,16,128,80
170545,Colera,28,201,78,27,201,78,55,402,156
250772,Coll de Nargó,29,194,80,31,159,84,60,353,164
080692,Collbató,259,1071,135,214,925,148,473,1996,283
430458,Colldejou,6,80,17,8,60,21,14,140,38
080706,Collsuspina,24,110,17,13,97,22,37,207,39
170558,Colomers,5,68,31,4,57,41,9,125,72
251636,"Coma i la Pedra, la",10,108,30,10,56,28,20,164,58
251615,Conca de Dalt,16,132,69,20,118,71,36,250,140
430461,Conesa,7,47,14,6,29,20,13,76,34
430477,Constantí,388,2047,369,389,1694,427,777,3741,796
080713,Copons,7,92,37,18,83,44,25,175,81
430483,Corbera d'Ebre,61,344,143,50,286,156,111,630,299
080728,Corbera de Llobregat,1021,4035,509,905,3776,657,1926,7811,1166
250788,Corbins,77,392,112,69,340,143,146,732,255
170577,Corçà,66,424,106,67,393,118,133,817,224
080734,Cornellà de Llobregat,5636,29667,5763,5187,28635,7929,10823,58302,13692
170561,Cornellà del Terri,133,655,179,115,621,215,248,1276,394
430496,Cornudella de Montsant,31,306,107,43,234,142,74,540,249
430509,Creixell,170,819,202,152,746,237,322,1565,439
170583,Crespià,14,66,30,12,71,38,26,137,68
179011,"Cruïlles, Monells i Sant Sadurní de l'Heura",73,424,87,82,386,116,155,810,203
080749,Cubelles,657,3142,545,607,2950,647,1264,6092,1192
250791,Cubells,22,102,65,25,97,70,47,199,135
430516,Cunit,506,2758,553,499,2464,559,1005,5222,1112
170600,Darnius,21,178,70,22,155,73,43,333,143
170617,Das,9,63,15,6,50,16,15,113,31
439018,Deltebre,716,3698,980,635,3497,1171,1351,7195,2151
080752,Dosrius,276,1330,162,274,1274,188,550,2604,350
430537,Duesaigües,6,71,35,3,44,28,9,115,63
170622,"Escala, l'",364,2585,596,373,2427,652,737,5012,1248
080765,Esparreguera,1669,7186,1010,1492,6671,1375,3161,13857,2385
170638,Espinelves,9,67,25,6,51,33,15,118,58
250812,"Espluga Calba, l'",19,157,57,15,117,64,34,274,121
430542,"Espluga de Francolí, l'",265,1210,369,235,1112,496,500,2322,865
080771,Esplugues de Llobregat,2928,16950,2948,2769,16978,3874,5697,33928,6822
170643,Espolla,15,116,54,24,106,59,39,222,113
170656,Esponellà,26,147,36,27,144,42,53,291,78
250827,Espot,24,129,28,19,103,36,43,232,64
080787,"Espunyola, l'",16,81,41,20,83,29,36,164,70
082541,"Esquirol, l'",156,740,205,165,678,303,321,1418,508
250886,Estamariu,4,46,20,2,34,19,6,80,39
080790,"Estany, l'",19,123,52,19,124,71,38,247,123
250851,Estaràs,9,72,25,15,43,29,24,115,54
250864,Esterri d'Àneu,39,236,74,44,227,85,83,463,159
250870,Esterri de Cardós,2,22,12,5,23,11,7,45,23
430555,Falset,180,898,241,184,772,320,364,1670,561
170059,"Far d'Empordà, el",31,137,41,28,125,42,59,262,83
250899,Farrera,2,47,12,6,30,9,8,77,21
430568,"Fatarella, la",52,374,171,55,334,198,107,708,369
430574,"Febró, la",1,33,6,1,15,4,2,48,10
081347,Figaró-Montmany,64,354,73,68,273,125,132,627,198
080804,Fígols,3,15,11,0,15,6,3,30,17
259084,Fígols i Alinyà,6,90,53,6,73,47,12,163,100
430580,"Figuera, la",8,48,18,10,34,22,18,82,40
170669,Figueres,2909,12310,2494,2760,12198,3667,5669,24508,6161
430593,Figuerola del Camp,17,93,28,24,94,36,41,187,64
170675,Flaçà,51,317,89,51,281,111,102,598,200
430607,Flix,237,1371,437,222,1262,522,459,2633,959
250925,"Floresta, la",11,55,34,8,43,35,19,98,69
080826,Fogars de la Selva,72,340,76,70,295,67,142,635,143
080811,Fogars de Montclús,33,135,32,16,117,35,49,252,67
170681,Foixà,24,88,37,20,90,44,44,178,81
080832,Folgueroles,160,607,118,146,597,150,306,1204,268
250931,Fondarella,55,251,58,42,250,65,97,501,123
080847,Fonollosa,80,398,84,84,353,98,164,751,182
170694,Fontanals de Cerdanya,16,146,36,31,141,49,47,287,85
170708,Fontanilles,8,69,18,5,52,13,13,121,31
170715,Fontcoberta,74,411,73,107,397,90,181,808,163
080850,Font-rubí,88,436,162,84,370,157,172,806,319
250946,Foradada,9,75,35,1,64,25,10,139,60
179026,Forallac,77,607,134,107,573,186,184,1180,320
430614,Forès,0,21,10,0,15,14,0,36,24
170736,Fornells de la Selva,150,584,85,159,589,124,309,1173,209
170741,Fortià,23,185,54,40,164,68,63,349,122
080863,"Franqueses del Vallès, les",1122,5335,706,1107,4900,951,2229,10235,1657
430629,Freginals,16,129,57,22,109,58,38,238,115
250962,"Fuliola, la",65,411,144,74,354,179,139,765,323
250978,Fulleda,6,35,19,6,28,19,12,63,38
080902,Gaià,16,49,13,9,56,12,25,105,25
430635,"Galera, la",46,235,97,29,221,126,75,456,223
080879,Gallifa,20,72,12,16,65,15,36,137,27
430640,Gandesa,178,986,276,164,838,363,342,1824,639
430653,Garcia,17,165,80,21,137,85,38,302,165
430666,"Garidells, els",8,63,19,11,50,22,19,113,41
080885,"Garriga, la",1090,4303,760,1049,4352,1080,2139,8655,1840
170754,Garrigàs,16,114,43,14,82,44,30,196,87
170767,Garrigoles,10,50,15,6,40,23,16,90,38
170773,Garriguella,41,239,84,37,208,93,78,447,177
080898,Gavà,3351,15366,2456,3149,14881,3101,6500,30247,5557
250984,Gavet de la Conca,14,85,48,14,80,62,28,165,110
080919,Gelida,363,1809,338,358,1590,471,721,3399,809
170789,Ger,25,135,40,16,128,32,41,263,72
259123,Gimenells i el Pla de la Font,62,373,125,63,316,140,125,689,265
430672,Ginestar,43,291,124,42,244,149,85,535,273
170792,Girona,6635,27803,4828,6372,28413,7169,13007,56216,11997
080924,Gironella,242,1614,552,224,1512,764,466,3126,1316
080930,Gisclareny,0,16,1,1,10,2,1,26,3
430688,Godall,34,231,113,27,203,120,61,434,233
250997,Golmés,90,495,134,89,475,150,179,970,284
170806,Gombrèn,12,81,20,10,81,35,22,162,55
251001,Gósol,11,86,22,5,67,34,16,153,56
080945,"Granada, la",117,503,115,106,498,140,223,1001,255
251018,"Granadella, la",28,246,124,47,190,142,75,436,266
080958,Granera,1,37,10,0,19,10,1,56,20
251023,"Granja d'Escarp, la",57,395,114,54,290,149,111,685,263
080961,Granollers,4214,20199,3297,4065,19453,4685,8279,39652,7982
251039,Granyanella,3,53,21,6,43,20,9,96,41
251057,Granyena de les Garrigues,8,59,25,2,39,32,10,98,57
251044,Granyena de Segarra,2,46,29,2,38,30,4,84,59
430691,Gratallops,16,82,24,9,63,29,25,145,53
080977,Gualba,65,340,66,66,303,72,131,643,138
170813,Gualta,30,123,28,21,84,35,51,207,63
080996,Guardiola de Berguedà,55,303,124,51,265,139,106,568,263
430705,"Guiamets, els",21,104,38,15,80,53,36,184,91
170828,Guils de Cerdanya,16,123,33,19,131,25,35,254,58
251095,Guimerà,8,100,66,11,87,74,19,187,140
259031,"Guingueta d'Àneu, la",27,118,37,18,99,43,45,217,80
251109,Guissona,344,1611,239,331,1297,316,675,2908,555
251116,Guixers,6,71,21,4,44,19,10,115,40
081000,Gurb,170,734,137,178,681,149,348,1415,286
430712,Horta de Sant Joan,83,385,162,46,325,188,129,710,350
081017,"Hospitalet de Llobregat, l'",14511,87579,18617,13710,86594,25404,28221,174173,44021
081629,"Hostalets de Pierola, els",115,594,125,103,520,154,218,1114,279
170834,Hostalric,205,1095,196,208,1035,280,413,2130,476
081022,Igualada,2506,11861,2559,2345,11409,3711,4851,23270,6270
251155,Isona i Conca Dellà,67,404,177,46,306,197,113,710,374
170849,Isòvol,7,88,20,5,52,33,12,140,53
251137,Ivars d'Urgell,90,611,213,103,507,257,193,1118,470
251121,Ivars de Noguera,12,121,42,16,99,50,28,220,92
251142,Ivorra,6,48,19,9,41,32,15,89,51
170852,Jafre,19,117,48,15,92,57,34,209,105
170865,"Jonquera, la",205,1084,161,202,987,210,407,2071,371
081038,Jorba,50,177,59,63,172,78,113,349,137
259101,Josa i Tuixén,9,65,26,6,53,22,15,118,48
170871,Juià,15,82,31,13,85,36,28,167,67
251180,Juncosa,30,217,91,33,131,87,63,348,178
251193,Juneda,171,1016,337,156,918,394,327,1934,731
251214,Les,40,245,51,38,222,80,78,467,131
251229,Linyola,145,848,249,171,767,284,316,1615,533
081043,"Llacuna, la",56,333,86,51,234,124,107,567,210
170887,Lladó,35,181,61,37,156,71,72,337,132
251235,Lladorre,10,71,30,7,70,27,17,141,57
251240,Lladurs,16,78,21,13,66,26,29,144,47
081056,"Llagosta, la",902,4728,716,836,4515,933,1738,9243,1649
170890,Llagostera,467,2234,532,471,1944,645,938,4178,1177
170904,Llambilles,43,172,42,26,170,51,69,342,93
170911,Llanars,30,190,54,17,162,58,47,352,112
170926,Llançà,252,1435,418,259,1331,537,511,2766,955
251253,Llardecans,35,182,94,28,161,95,63,343,189
251266,Llavorsí,13,93,42,20,91,36,33,184,78
251207,Lleida,8789,40727,8220,8386,40241,11672,17175,80968,19892
170932,Llers,69,380,87,75,343,114,144,723,201
251272,Lles de Cerdanya,19,93,35,4,69,36,23,162,71
081075,Lliçà d'Amunt,1046,4262,596,968,3924,639,2014,8186,1235
081081,Lliçà de Vall,472,2094,294,415,1955,299,887,4049,593
251288,Llimiana,4,52,28,2,51,21,6,103,49
081069,Llinars del Vallès,651,2753,429,618,2596,584,1269,5349,1013
170947,Llívia,67,460,90,57,383,103,124,843,193
430727,"Lloar, el",3,34,21,1,33,22,4,67,43
251291,Llobera,13,78,28,7,62,35,20,140,63
430733,Llorac,5,38,16,7,42,20,12,80,36
430748,Llorenç del Penedès,151,599,141,149,600,181,300,1199,322
170950,Lloret de Mar,2085,9780,1246,1897,8902,1547,3982,18682,2793
170963,"Llosses, les",15,99,28,11,87,22,26,186,50
081094,Lluçà,24,90,29,19,74,27,43,164,56
171024,Maçanet de Cabrenys,36,234,91,33,197,109,69,431,200
171030,Maçanet de la Selva,346,1653,309,362,1496,358,708,3149,667
170979,Madremanya,7,56,21,9,74,21,16,130,42
170985,Maià de Montcal,22,124,36,15,112,37,37,236,73
251333,Maials,47,290,144,37,255,174,84,545,318
251305,Maldà,11,69,54,12,76,44,23,145,98
081108,Malgrat de Mar,1154,5590,1118,1040,5210,1502,2194,10800,2620
081115,Malla,12,85,19,19,90,25,31,175,44
081120,Manlleu,1517,6588,1335,1356,5911,1842,2873,12499,3177
081136,Manresa,4485,22636,5792,4094,21637,8625,8579,44273,14417
430764,Marçà,26,186,86,30,170,98,56,356,184
430751,Margalef,6,39,20,3,30,26,9,69,46
082423,Marganell,15,74,23,14,73,46,29,147,69
081141,Martorell,2018,9236,1409,1850,8117,1919,3868,17353,3328
081154,Martorelles,368,1762,336,326,1690,433,694,3452,769
430770,Mas de Barberans,28,218,102,36,202,101,64,420,203
171002,Masarac,13,70,36,18,75,39,31,145,75
430786,Masdenverge,60,350,121,67,293,114,127,643,235
081167,"Masies de Roda, les",45,240,59,54,232,67,99,472,126
081173,"Masies de Voltregà, les",226,1012,195,226,1003,260,452,2015,455
430799,Masllorenç,23,150,55,29,131,65,52,281,120
081189,"Masnou, el",1593,7360,1217,1491,7471,1869,3084,14831,3086
430803,"Masó, la",12,102,29,17,91,36,29,193,65
430810,Maspujols,31,163,63,34,147,58,65,310,121
081192,Masquefa,553,2296,342,526,2091,401,1079,4387,743
430825,"Masroig, el",22,148,79,23,151,96,45,299,175
251312,Massalcoreig,36,186,79,35,168,103,71,354,182
171019,Massanes,32,218,54,31,175,57,63,393,111
251327,Massoteres,12,71,24,12,56,31,24,127,55
081206,Matadepera,815,2584,341,686,2515,482,1501,5099,823
081213,Mataró,8536,40332,6839,7859,38464,9849,16395,78796,16688
081228,Mediona,94,589,172,102,504,177,196,1093,349
251348,Menàrguens,39,274,109,46,227,135,85,501,244
170998,Meranges,0,36,14,0,21,10,0,57,24
171058,Mieres,30,115,36,25,96,45,55,211,81
430831,"Milà, el",6,50,18,10,54,22,16,104,40
251351,Miralcamp,69,433,115,76,403,152,145,836,267
430846,Miravet,51,278,85,34,206,127,85,484,212
081385,Moià,393,1576,352,366,1489,471,759,3065,823
430859,"Molar, el",18,92,45,11,75,52,29,167,97
081234,Molins de Rei,1605,7861,1363,1556,7652,1921,3161,15513,3284
251370,Mollerussa,898,3790,700,824,3504,909,1722,7294,1609
171061,Mollet de Peralada,8,55,27,6,41,35,14,96,62
081249,Mollet del Vallès,4051,18912,2369,3852,17679,3138,7903,36591,5507
171077,Molló,11,111,45,9,105,52,20,216,97
251364,"Molsosa, la",10,37,13,5,38,16,15,75,29
081287,Monistrol de Calders,42,207,60,47,195,72,89,402,132
081271,Monistrol de Montserrat,158,887,251,133,825,305,291,1712,556
171096,Montagut i Oix,49,283,102,57,236,112,106,519,214
430862,Montblanc,468,2199,517,413,2106,685,881,4305,1202
430884,Montbrió del Camp,106,515,157,107,442,208,213,957,365
081252,Montcada i Reixac,2343,10855,1835,2270,10492,2559,4613,21347,4394
081304,Montclar,12,34,16,7,39,13,19,73,29
251399,Montellà i Martinet,32,177,74,23,144,81,55,321,155
081311,Montesquiu,48,294,92,45,244,128,93,538,220
251403,Montferrer i Castellbò,36,291,89,35,240,75,71,531,164
430897,Montferri,7,55,29,6,42,24,13,97,53
251386,Montgai,50,252,111,51,223,132,101,475,243
081265,Montgat,633,3265,470,607,3088,712,1240,6353,1182
081326,Montmajor,29,159,51,19,147,52,48,306,103
081332,Montmaneu,6,70,25,9,55,28,15,125,53
430901,"Montmell, el",63,306,65,49,241,60,112,547,125
081350,Montmeló,686,3257,476,635,3050,650,1321,6307,1126
251425,Montoliu de Lleida,23,155,48,12,146,72,35,301,120
251410,Montoliu de Segarra,4,70,30,4,48,32,8,118,62
251431,Montornès de Segarra,1,24,21,2,32,18,3,56,39
081363,Montornès del Vallès,1076,5133,707,1011,4710,847,2087,9843,1554
430918,Mont-ral,8,77,8,5,59,9,13,136,17
171100,Mont-ras,142,657,115,113,603,119,255,1260,234
430923,Mont-roig del Camp,507,2957,606,511,2681,635,1018,5638,1241
081379,Montseny,11,117,33,16,104,29,27,221,62
430939,Móra d'Ebre,358,1593,439,349,1575,533,707,3168,972
430944,Móra la Nova,223,1111,256,221,938,335,444,2049,591
430957,"Morell, el",210,854,176,198,778,204,408,1632,380
430960,"Morera de Montsant, la",14,63,18,12,51,18,26,114,36
081290,Muntanyola,30,135,31,32,116,17,62,251,48
081398,Mura,7,87,24,16,61,30,23,148,54
251459,Nalec,3,23,17,3,25,21,6,48,38
250254,Naut Aran,102,609,94,116,519,103,218,1128,197
081402,Navarcles,392,1857,449,349,1797,598,741,3654,1047
081419,Navàs,383,1882,533,360,1762,709,743,3644,1242
171117,Navata,61,245,88,64,248,87,125,493,175
251462,Navès,16,79,38,16,89,36,32,168,74
081424,"Nou de Berguedà, la",12,46,21,14,45,17,26,91,38
430976,"Nou de Gaià, la",25,139,46,25,118,51,50,257,97
430982,Nulles,15,129,37,20,119,59,35,248,96
251484,Odèn,12,96,46,12,73,34,24,169,80
081430,Òdena,221,931,213,189,925,258,410,1856,471
171122,Ogassa,15,105,27,11,71,26,26,176,53
081458,Olèrdola,235,926,174,198,845,200,433,1771,374
081461,Olesa de Bonesvalls,77,464,81,81,389,81,158,853,162
081477,Olesa de Montserrat,1630,7179,1247,1498,6584,1662,3128,13763,2909
251497,Oliana,109,629,211,90,568,265,199,1197,476
251500,Oliola,13,109,33,11,86,31,24,195,64
251517,Olius,53,199,41,41,195,56,94,394,97
081483,Olivella,138,724,85,134,574,82,272,1298,167
081496,Olost,81,377,137,69,363,165,150,740,302
171143,Olot,2055,9854,2713,1895,9144,3885,3950,18998,6598
251522,"Oluges, les",4,62,28,4,51,31,8,113,59
081445,Olvan,44,286,108,44,271,143,88,557,251
251538,"Omellons, els",10,79,41,11,77,35,21,156,76
251543,"Omells de na Gaia, els",7,49,25,6,43,23,13,92,48
171156,Ordis,21,130,29,26,110,29,47,240,58
251556,Organyà,44,315,125,41,276,153,85,591,278
081509,Orís,14,81,26,19,75,27,33,156,53
081516,Oristà,28,192,75,32,196,93,60,388,168
081521,Orpí,8,56,19,4,42,16,12,98,35
081537,Òrrius,18,141,23,12,115,41,30,256,64
251569,Os de Balaguer,44,271,126,53,213,115,97,484,241
171169,Osor,24,141,59,20,124,69,44,265,128
251575,Ossó de Sió,10,79,35,14,76,30,24,155,65
081542,Pacs del Penedès,45,270,44,62,234,46,107,504,90
081555,Palafolls,572,2286,333,587,2167,384,1159,4453,717
171175,Palafrugell,1492,7100,1449,1335,6330,1929,2827,13430,3378
171181,Palamós,1196,5621,1126,1147,5331,1547,2343,10952,2673
251581,"Palau d'Anglesola, el",127,588,156,121,531,218,248,1119,374
171194,Palau de Santa Eulàlia,3,38,9,1,26,9,4,64,18
171215,Palau-sator,12,98,37,12,90,38,24,188,75
171208,Palau-saverdera,56,364,118,61,332,137,117,696,255
081568,Palau-solità i Plegamans,1044,4458,566,1018,4172,661,2062,8630,1227
431009,"Pallaresos, els",319,1057,79,281,983,92,600,2040,171
081574,Pallejà,609,3299,426,512,3138,560,1121,6437,986
430995,"Palma d'Ebre, la",19,114,60,21,116,76,40,230,136
089058,"Palma de Cervelló, la",273,1061,137,235,999,193,508,2060,330
171236,Palol de Revardit,28,155,37,31,125,41,59,280,78
171241,Pals,116,725,242,101,691,268,217,1416,510
081580,"Papiol, el",263,1286,224,269,1170,306,532,2456,530
171254,Pardines,9,43,24,7,45,18,16,88,42
081593,Parets del Vallès,1305,5914,779,1314,5426,1014,2619,11340,1793
171267,Parlavà,21,119,37,16,107,48,37,226,85
431016,Passanant i Belltall,4,77,39,4,53,40,8,130,79
171289,Pau,25,169,47,30,151,49,55,320,96
431021,Paüls,20,203,90,37,192,83,57,395,173
171292,Pedret i Marzà,13,43,15,9,46,16,22,89,31
251641,Penelles,24,197,73,26,131,87,50,328,160
171306,"Pera, la",24,132,46,25,118,56,49,250,102
081607,Perafita,19,113,44,26,107,55,45,220,99
431037,Perafort,55,258,52,35,254,56,90,512,108
171328,Peralada,96,494,138,96,425,164,192,919,302
251654,Peramola,21,125,60,20,99,60,41,224,120
431042,"Perelló, el",101,814,278,104,653,296,205,1467,574
081614,Piera,924,3872,801,836,3413,1023,1760,7285,1824
431055,"Piles, les",11,71,19,12,54,13,23,125,32
081635,Pineda de Mar,1781,8327,1459,1654,7832,1790,3435,16159,3249
431068,"Pinell de Brai, el",56,365,129,52,305,168,108,670,297
251667,Pinell de Solsonès,7,76,26,11,59,25,18,135,51
251673,Pinós,15,105,45,16,83,39,31,188,84
431074,Pira,32,145,38,35,131,59,67,276,97
431080,"Pla de Santa Maria, el",153,599,150,116,537,172,269,1136,322
081640,"Pla del Penedès, el",51,309,89,51,268,125,102,577,214
171334,"Planes d'Hostoles, les",87,556,223,93,517,252,180,1073,475
171349,Planoles,7,110,40,13,85,37,20,195,77
259118,"Plans de Sió, els",31,179,84,22,159,98,53,338,182
251689,"Poal, el",47,218,81,31,175,99,78,393,180
251692,"Pobla de Cérvoles, la",13,73,40,16,54,37,29,127,77
081653,"Pobla de Claramunt, la",151,680,146,126,582,189,277,1262,335
081666,"Pobla de Lillet, la",48,431,179,51,398,252,99,829,431
431093,"Pobla de Mafumet, la",114,451,72,115,411,107,229,862,179
431107,"Pobla de Massaluca, la",11,132,79,10,111,83,21,243,162
431114,"Pobla de Montornès, la",91,665,151,98,528,149,189,1193,300
251713,"Pobla de Segur, la",141,899,379,136,862,495,277,1761,874
431129,Poboleda,14,102,51,8,93,57,22,195,108
081672,Polinyà,496,2138,196,482,1961,241,978,4099,437
431135,"Pont d'Armentera, el",26,179,79,21,164,82,47,343,161
250306,"Pont de Bar, el",8,49,27,6,39,24,14,88,51
171352,Pont de Molins,33,166,46,25,153,41,58,319,87
251734,"Pont de Suert, el",138,717,225,132,683,270,270,1400,495
081825,"Pont de Vilomara i Rocafort, el",216,1050,191,193,935,253,409,1985,444
431418,Pontils,3,46,18,7,43,13,10,89,31
081688,Pontons,20,180,38,24,132,56,44,312,94
171365,Pontós,12,79,27,8,64,25,20,143,52
251728,Ponts,168,775,248,143,728,304,311,1503,552
171371,Porqueres,295,1311,276,317,1306,298,612,2617,574
431140,Porrera,41,156,54,22,126,66,63,282,120
171404,"Port de la Selva, el",72,307,84,53,299,98,125,606,182
171387,Portbou,49,454,189,73,393,241,122,847,430
251749,"Portella, la",35,248,70,25,193,72,60,441,142
431153,Pradell de la Teixeta,4,73,24,11,55,29,15,128,53
431166,Prades,25,197,75,30,161,91,55,358,166
431172,Prat de Comte,13,47,32,5,56,34,18,103,66
081691,"Prat de Llobregat, el",4657,23587,3555,4286,22511,4716,8943,46098,8271
431188,Pratdip,27,215,92,35,186,91,62,401,183
081712,Prats de Lluçanès,203,899,262,195,806,339,398,1705,601
081705,"Prats de Rei, els",34,183,56,21,159,77,55,342,133
251752,Prats i Sansor,19,88,14,12,61,17,31,149,31
251765,Preixana,15,124,70,20,113,85,35,237,155
251771,Preixens,24,153,75,25,146,99,49,299,174
082303,Premià de Dalt,792,3502,488,750,3407,604,1542,6909,1092
081727,Premià de Mar,2142,10044,1524,1966,9517,2133,4108,19561,3657
171390,"Preses, les",109,524,126,102,530,163,211,1054,289
251790,Prullans,12,73,29,13,60,28,25,133,57
171411,Puigcerdà,666,2985,522,551,2634,676,1217,5619,1198
081748,Puigdàlber,26,128,21,37,122,42,63,250,63
251804,Puiggròs,12,88,33,14,72,40,26,160,73
431191,Puigpelat,69,246,49,60,220,62,129,466,111
081751,Puig-reig,210,1358,484,227,1253,693,437,2611,1177
251811,Puigverd d'Agramunt,13,92,35,13,78,34,26,170,69
251826,Puigverd de Lleida,66,358,119,70,332,147,136,690,266
081764,Pujalt,11,63,26,10,57,24,21,120,50
081770,"Quar, la",3,29,8,3,20,7,6,49,15
171426,Quart,214,950,137,181,930,174,395,1880,311
170433,Queralbs,13,64,30,10,49,26,23,113,56
431205,Querol,16,130,29,15,103,27,31,233,56
171432,Rabós,7,55,16,7,47,22,14,102,38
081786,Rajadell,18,140,53,20,136,38,38,276,91
431212,Rasquera,40,249,119,45,225,129,85,474,248
171447,Regencós,13,114,35,20,74,32,33,188,67
081799,Rellinars,32,196,50,47,172,50,79,368,100
431227,Renau,9,27,4,6,26,9,15,53,13
431233,Reus,7449,33016,6086,7165,32106,8585,14614,65122,14671
251832,Rialp,35,205,42,32,189,55,67,394,97
431248,"Riba, la",44,249,73,23,195,97,67,444,170
431251,Riba-roja d'Ebre,74,444,171,59,384,207,133,828,378
259059,Ribera d'Ondara,20,146,73,21,135,72,41,281,145
251850,Ribera d'Urgellet,41,280,107,40,247,114,81,527,221
171450,Ribes de Freser,103,668,240,94,610,334,197,1278,574
171463,Riells i Viabrea,253,944,136,218,854,136,471,1798,272
431264,"Riera de Gaià, la",93,393,91,60,379,119,153,772,210
251863,Riner,15,88,36,18,85,32,33,173,68
171479,Ripoll,617,3608,1020,590,3509,1410,1207,7117,2430
081803,Ripollet,2507,12177,1699,2361,11457,2228,4868,23634,3927
259139,Riu de Cerdanya,4,33,6,5,30,8,9,63,14
171485,Riudarenes,95,509,138,96,443,151,191,952,289
171498,Riudaura,24,147,33,18,146,43,42,293,76
431270,Riudecanyes,44,253,80,40,224,105,84,477,185
431286,Riudecols,75,370,103,64,312,109,139,682,212
171501,Riudellots de la Selva,147,582,139,111,551,177,258,1133,316
431299,Riudoms,436,1914,423,387,1780,522,823,3694,945
171518,Riumors,7,52,27,7,50,31,14,102,58
081810,"Roca del Vallès, la",691,3076,453,649,2966,527,1340,6042,980
431303,Rocafort de Queralt,15,94,37,8,66,57,23,160,94
431310,Roda de Berà,282,1666,263,260,1369,287,542,3035,550
081831,Roda de Ter,406,1807,412,411,1707,618,817,3514,1030
431325,Rodonyà,33,141,54,34,105,67,67,246,121
431331,Roquetes,528,2426,564,439,2181,701,967,4607,1265
171523,Roses,1225,5268,948,1200,4952,1126,2425,10220,2074
251898,Rosselló,154,680,151,157,642,202,311,1322,353
431346,"Rourell, el",17,104,35,25,80,48,42,184,83
081846,Rubí,5253,24173,3294,4813,22859,4456,10066,47032,7750
081859,Rubió,13,41,19,14,32,12,27,73,31
171539,Rupià,8,64,24,6,48,29,14,112,53
089019,Rupit i Pruit,16,128,34,19,111,46,35,239,80
081878,Sabadell,14008,65823,13390,13188,65286,19362,27196,131109,32752
081884,Sagàs,14,42,17,9,46,18,23,88,35
251902,Salàs de Pallars,12,94,51,6,83,73,18,177,124
081901,Saldes,29,127,28,15,96,30,44,223,58
171544,Sales de Llierca,9,41,7,16,32,4,25,73,11
081918,Sallent,398,2304,736,421,2210,1032,819,4514,1768
431359,Salomó,14,117,54,19,90,69,33,207,123
439057,Salou,1317,6797,740,1202,6006,890,2519,12803,1630
171557,Salt,2039,9158,1446,1855,7996,2019,3894,17154,3465
251919,Sanaüja,26,144,64,27,126,82,53,270,146
081944,Sant Adrià de Besòs,2614,11463,2155,2420,11187,3006,5034,22650,5161
081957,Sant Agustí de Lluçanès,8,37,11,8,32,8,16,69,19
081960,Sant Andreu de la Barca,2006,9106,891,1748,8419,1137,3754,17525,2028
081976,Sant Andreu de Llavaneres,741,3038,445,760,2902,564,1501,5940,1009
171576,Sant Andreu Salou,14,37,15,11,45,22,25,82,37
171833,Sant Aniol de Finestres,18,112,24,24,86,28,42,198,52
081982,Sant Antoni de Vilamajor,348,1506,256,361,1411,307,709,2917,563
081995,Sant Bartomeu del Grau,108,415,82,104,333,99,212,748,181
082009,Sant Boi de Llobregat,5874,29632,4737,5573,28630,6292,11447,58262,11029
082016,Sant Boi de Lluçanès,22,200,71,25,167,92,47,367,163
431362,Sant Carles de la Ràpita,835,4175,1061,830,3911,1283,1665,8086,2344
082037,Sant Cebrià de Vallalta,180,875,126,172,728,114,352,1603,240
082021,Sant Celoni,1030,4835,1036,1057,4495,1306,2087,9330,2342
082042,Sant Climent de Llobregat,278,1193,158,265,1130,209,543,2323,367
171582,Sant Climent Sescebes,21,129,65,23,125,60,44,254,125
082055,Sant Cugat del Vallès,6299,22117,2723,5781,22535,3677,12080,44652,6400
082068,Sant Cugat Sesgarrigues,64,290,75,59,241,85,123,531,160
251961,Sant Esteve de la Sarga,3,44,18,1,25,15,4,69,33
082074,Sant Esteve de Palautordera,162,589,95,157,568,128,319,1157,223
082080,Sant Esteve Sesrovires,485,2194,286,482,1986,350,967,4180,636
171595,Sant Feliu de Buixalleu,57,255,78,45,210,77,102,465,155
082107,Sant Feliu de Codines,385,1768,351,352,1556,485,737,3324,836
171609,Sant Feliu de Guíxols,1472,6676,1491,1470,6422,1925,2942,13098,3416
082114,Sant Feliu de Llobregat,2978,15411,2124,2919,15082,3029,5897,30493,5153
171616,Sant Feliu de Pallerols,70,390,122,80,355,173,150,745,295
082129,Sant Feliu Sasserra,34,223,66,47,198,81,81,421,147
171621,Sant Ferriol,24,67,25,10,66,17,34,133,42
082093,Sant Fost de Campsentelles,525,2582,367,481,2418,479,1006,5000,846
082135,Sant Fruitós de Bages,493,2292,396,510,2175,476,1003,4467,872
171637,Sant Gregori,202,939,194,192,851,212,394,1790,406
251924,Sant Guim de Freixenet,49,346,110,52,329,145,101,675,255
251977,Sant Guim de la Plana,8,56,29,10,46,27,18,102,56
171642,Sant Hilari Sacalm,353,2017,437,354,1669,545,707,3686,982
082153,Sant Hipòlit de Voltregà,243,1006,300,213,946,411,456,1952,711
081939,Sant Iscle de Vallalta,83,374,71,77,310,80,160,684,151
439023,Sant Jaume d'Enveja,231,1118,335,193,1036,383,424,2154,718
082166,Sant Jaume de Frontanyà,0,13,1,0,12,1,0,25,2
171655,Sant Jaume de Llierca,46,241,105,60,193,119,106,434,224
431378,Sant Jaume dels Domenys,123,584,144,94,501,191,217,1085,335
171674,Sant Joan de les Abadesses,178,1221,386,181,1093,543,359,2314,929
171680,Sant Joan de Mollet,40,120,47,31,134,47,71,254,94
082188,Sant Joan de Vilatorrada,701,3505,647,650,3360,825,1351,6865,1472
082172,Sant Joan Despí,2417,10940,1466,2328,10863,1968,4745,21803,3434
171851,Sant Joan les Fonts,144,955,269,129,865,356,273,1820,625
171668,Sant Jordi Desvalls,29,222,67,36,183,93,65,405,160
089030,Sant Julià de Cerdanyola,18,77,34,13,69,29,31,146,63
171693,Sant Julià de Ramis,180,795,163,180,740,182,360,1535,345
082205,Sant Julià de Vilatorta,230,894,155,224,874,216,454,1768,371
179032,Sant Julià del Llor i Bonmatí,77,358,86,61,308,119,138,666,205
082212,Sant Just Desvern,1191,5027,881,1171,5333,1206,2362,10360,2087
082227,Sant Llorenç d'Hortons,139,636,151,153,575,184,292,1211,335
171714,Sant Llorenç de la Muga,8,51,25,7,53,33,15,104,58
251930,Sant Llorenç de Morunys,41,317,117,53,266,131,94,583,248
082233,Sant Llorenç Savall,156,701,243,153,635,278,309,1336,521
082251,Sant Martí d'Albars,6,46,12,8,34,19,14,80,31
082248,Sant Martí de Centelles,76,293,61,69,254,80,145,547,141
171729,Sant Martí de Llémena,34,173,49,43,146,42,77,319,91
259025,Sant Martí de Riucorb,27,234,98,24,193,114,51,427,212
082264,Sant Martí de Tous,81,341,103,74,312,126,155,653,229
082270,Sant Martí Sarroca,165,880,261,174,801,288,339,1681,549
082286,Sant Martí Sesgueioles,28,110,38,24,101,49,52,211,87
171735,Sant Martí Vell,21,64,19,10,56,21,31,120,40
082299,Sant Mateu de Bages,33,204,95,29,199,119,62,403,214
171740,Sant Miquel de Campmajor,11,83,17,13,55,22,24,138,39
171753,Sant Miquel de Fluvià,49,210,56,41,187,73,90,397,129
171766,Sant Mori,6,56,15,7,53,23,13,109,38
171772,Sant Pau de Segúries,34,220,79,35,191,97,69,411,176
082310,Sant Pere de Ribes,2177,9134,1207,2151,8591,1481,4328,17725,2688
082325,Sant Pere de Riudebitlles,128,736,183,138,699,228,266,1435,411
082331,Sant Pere de Torelló,139,787,196,124,734,251,263,1521,447
082346,Sant Pere de Vilamajor,266,1103,213,269,1009,179,535,2112,392
171788,Sant Pere Pescador,132,634,132,84,465,157,216,1099,289
081897,Sant Pere Sallavinera,9,44,23,8,40,29,17,84,52
082359,Sant Pol de Mar,319,1593,270,294,1482,318,613,3075,588
082362,Sant Quintí de Mediona,133,692,168,110,581,222,243,1273,390
082378,Sant Quirze de Besora,116,626,226,93,605,297,209,1231,523
082384,Sant Quirze del Vallès,1386,5408,541,1313,5264,808,2699,10672,1349
082397,Sant Quirze Safaja,35,184,30,22,149,26,57,333,56
251945,Sant Ramon,34,177,80,21,168,84,55,345,164
082401,Sant Sadurní d'Anoia,879,3731,760,850,3497,991,1729,7228,1751
082418,Sant Sadurní d'Osormort,6,29,9,6,28,8,12,57,17
080983,Sant Salvador de Guardiola,163,911,167,178,800,171,341,1711,338
082628,Sant Vicenç de Castellet,434,2489,614,418,2401,978,852,4890,1592
082649,Sant Vicenç de Montalt,422,1568,206,413,1496,221,835,3064,427
082652,Sant Vicenç de Torelló,163,593,158,137,560,258,300,1153,416
082634,Sant Vicenç dels Horts,2189,9589,1387,2139,8904,1800,4328,18493,3187
431384,Santa Bàrbara,233,1181,390,227,1052,458,460,2233,848
082439,Santa Cecília de Voltregà,13,76,20,15,59,15,28,135,35
082444,Santa Coloma de Cervelló,590,2252,285,531,2163,391,1121,4415,676
171805,Santa Coloma de Farners,761,3535,710,732,3114,889,1493,6649,1599
082457,Santa Coloma de Gramenet,7228,43376,7590,6831,41084,9903,14059,84460,17493
431397,Santa Coloma de Queralt,212,965,262,211,870,360,423,1835,622
171812,Santa Cristina d'Aro,299,1277,243,276,1154,273,575,2431,516
082460,Santa Eugènia de Berga,154,749,133,143,660,156,297,1409,289
082476,Santa Eulàlia de Riuprimer,66,300,79,47,278,96,113,578,175
082482,Santa Eulàlia de Ronçana,380,1862,364,375,1780,414,755,3642,778
082495,Santa Fe del Penedès,29,113,22,33,110,27,62,223,49
171827,Santa Llogaia d'Àlguema,21,115,21,23,93,26,44,208,47
082508,Santa Margarida de Montbui,706,3412,521,682,3199,716,1388,6611,1237
082515,Santa Margarida i els Monjos,446,2172,285,419,1840,383,865,4012,668
082589,Santa Maria d'Oló,48,369,102,51,321,127,99,690,229
082536,Santa Maria de Besora,12,64,19,13,46,30,25,110,49
082567,Santa Maria de Martorelles,58,239,49,70,237,56,128,476,105
082554,Santa Maria de Merlès,10,53,19,8,48,16,18,101,35
082573,Santa Maria de Miralles,3,36,10,6,32,15,9,68,25
082592,Santa Maria de Palautordera,638,2672,469,573,2400,566,1211,5072,1035
431401,Santa Oliva,185,851,190,198,789,209,383,1640,399
171848,Santa Pau,79,515,156,99,482,150,178,997,306
082606,Santa Perpètua de Mogoda,1650,7838,983,1560,7408,1213,3210,15246,2196
082613,Santa Susanna,212,881,147,179,820,174,391,1701,321
081923,Santpedor,425,1971,386,414,1920,494,839,3891,880
431423,Sarral,114,511,149,76,448,183,190,959,332
171864,Sarrià de Ter,263,1348,299,252,1289,407,515,2637,706
252017,Sarroca de Bellera,5,51,28,4,35,31,9,86,59
252000,Sarroca de Lleida,20,148,53,18,130,75,38,278,128
171870,"Saus, Camallera i Llampaies",34,256,63,48,212,95,82,468,158
431439,Savallà del Comtat,1,23,12,8,16,12,9,39,24
431444,"Secuita, la",83,418,91,73,368,117,156,786,208
171886,"Selva de Mar, la",10,70,24,16,58,24,26,128,48
431457,"Selva del Camp, la",440,1470,355,395,1431,416,835,2901,771
431460,Senan,3,17,4,3,6,2,6,23,6
430445,"Sénia, la",387,2137,475,388,1832,518,775,3969,993
252022,Senterada,3,32,13,4,34,14,7,66,27
250352,"Sentiu de Sió, la",17,147,66,16,152,71,33,299,137
082671,Sentmenat,502,2323,368,504,2229,476,1006,4552,844
171903,Serinyà,57,326,88,68,276,86,125,602,174
252043,Seròs,96,611,238,82,484,243,178,1095,481
171910,Serra de Daró,15,54,28,7,44,28,22,98,56
171925,Setcases,10,70,21,14,56,21,24,126,42
252038,"Seu d'Urgell, la",873,3947,928,786,3990,1202,1659,7937,2130
082690,Seva,204,990,207,205,900,235,409,1890,442
252056,Sidamon,46,264,55,41,212,61,87,476,116
171931,Sils,289,1224,257,290,1148,304,579,2372,561
082704,Sitges,1630,8092,1402,1554,8033,1914,3184,16125,3316
170524,Siurana,9,58,22,4,57,26,13,115,48
082711,Sobremunt,3,30,8,15,27,6,18,57,14
252069,"Soleràs, el",18,151,65,17,111,66,35,262,131
431476,Solivella,21,174,86,28,152,113,49,326,199
252075,Solsona,622,2733,653,573,2517,827,1195,5250,1480
082726,Sora,10,72,21,21,54,20,31,126,41
252081,Soriguera,15,116,41,22,88,48,37,204,89
252094,Sort,134,668,173,123,599,227,257,1267,400
252108,Soses,101,571,153,80,467,180,181,1038,333
082732,Subirats,202,864,265,211,787,336,413,1651,601
252115,Sudanell,36,281,79,25,218,99,61,499,178
252120,Sunyer,18,92,35,13,93,38,31,185,73
082747,Súria,420,1969,642,400,1881,842,820,3850,1484
171946,Susqueda,5,36,14,5,36,11,10,72,25
082763,Tagamanent,16,94,15,22,72,20,38,166,35
082779,Talamanca,8,44,11,2,40,9,10,84,20
252154,Talarn,21,118,34,17,101,55,38,219,89
252167,Talavera,11,97,40,4,83,46,15,180,86
171959,"Tallada d'Empordà, la",16,114,50,14,94,44,30,208,94
082785,Taradell,458,1915,392,408,1798,498,866,3713,890
431482,Tarragona,9181,42197,7905,8645,42105,11043,17826,84302,18948
252173,Tàrrega,1041,4730,1018,1010,4441,1376,2051,9171,2394
252189,Tarrés,4,40,14,3,34,20,7,74,34
252192,Tarroja de Segarra,6,46,25,7,43,33,13,89,58
082750,Tavèrnoles,15,104,21,21,98,18,36,202,39
082802,Tavertet,6,53,17,6,43,18,12,96,35
082819,Teià,499,2058,294,490,2022,361,989,4080,655
252206,Térmens,86,471,156,74,424,183,160,895,339
171962,Terrades,7,47,29,4,54,33,11,101,62
082798,Terrassa,14267,65367,11979,13294,62650,17272,27561,128017,29251
082824,Tiana,543,2352,318,575,2302,429,1118,4654,747
252213,Tírvia,8,43,14,6,41,16,14,84,30
252228,Tiurana,3,10,6,1,7,3,4,17,9
431495,Tivenys,48,284,126,34,264,154,82,548,280
431508,Tivissa,107,571,216,109,528,259,216,1099,475
082830,Tona,515,2303,460,466,2145,597,981,4448,1057
252234,Torà,79,411,141,74,370,152,153,781,293
082845,Tordera,792,3861,865,717,3637,978,1509,7498,1843
082858,Torelló,852,4398,957,855,4183,1298,1707,8581,2255
252249,"Torms, els",11,64,32,7,43,31,18,107,63
252252,Tornabous,42,272,121,37,236,125,79,508,246
252271,"Torre de Cabdella, la",22,218,99,19,202,125,41,420,224
082861,"Torre de Claramunt, la",241,1032,149,249,951,172,490,1983,321
431515,"Torre de Fontaubella, la",4,49,19,5,39,24,9,88,43
431520,"Torre de l'Espanyol, la",39,253,86,36,200,110,75,453,196
252265,Torrebesses,22,85,44,15,77,62,37,162,106
431536,Torredembarra,958,4333,785,909,4101,1027,1867,8434,1812
252287,Torrefarrera,147,798,157,134,692,210,281,1490,367
259078,Torrefeta i Florejacs,38,199,88,33,175,113,71,374,201
252304,Torregrossa,124,716,265,130,633,345,254,1349,610
252311,Torrelameu,34,213,72,12,167,80,46,380,152
082877,Torrelavit,61,417,120,56,344,140,117,761,260
082883,Torrelles de Foix,128,667,195,123,551,178,251,1218,373
082896,Torrelles de Llobregat,382,1495,203,371,1441,223,753,2936,426
171978,Torrent,9,63,20,6,54,16,15,117,36
252326,Torres de Segre,123,646,200,114,580,216,237,1226,416
252332,Torre-serona,17,137,29,17,109,38,34,246,67
171984,Torroella de Fluvià,15,157,44,13,100,49,28,257,93
171997,Torroella de Montgrí,731,3376,671,732,3031,852,1463,6407,1523
431541,Torroja del Priorat,3,66,20,6,35,17,9,101,37
172001,Tortellà,38,227,89,46,194,119,84,421,208
431554,Tortosa,2126,10717,2628,2005,9965,3723,4131,20682,6351
172018,Toses,15,60,22,7,41,14,22,101,36
172023,Tossa de Mar,342,1746,337,319,1653,389,661,3399,726
252347,Tremp,364,1728,641,346,1603,836,710,3331,1477
172044,Ullà,75,355,68,56,265,74,131,620,142
082900,Ullastrell,117,480,87,103,452,101,220,932,188
172057,Ullastret,11,80,26,14,75,24,25,155,50
431567,Ulldecona,416,2129,547,364,1827,714,780,3956,1261
431573,Ulldemolins,20,157,86,20,134,84,40,291,170
172039,Ultramort,17,69,26,1,51,35,18,120,61
172060,Urús,19,69,19,9,67,20,28,136,39
082917,Vacarisses,296,1317,217,248,1170,219,544,2487,436
170144,"Vajol, la",7,44,14,6,35,8,13,79,22
172076,"Vall d'en Bas, la",153,843,297,153,757,362,306,1600,659
172082,"Vall de Bianya, la",87,383,114,88,372,128,175,755,242
250432,"Vall de Boí, la",60,383,81,53,291,84,113,674,165
259010,Vall de Cardós,21,107,46,22,93,46,43,200,92
082922,Vallbona d'Anoia,68,407,85,84,340,127,152,747,212
252385,Vallbona de les Monges,6,87,40,7,66,62,13,153,102
082938,Vallcebre,18,81,41,5,87,38,23,168,79
431589,Vallclara,2,40,22,6,23,20,8,63,42
252402,Vallfogona de Balaguer,76,520,168,96,487,164,172,1007,332
171707,Vallfogona de Ripollès,9,76,27,11,62,28,20,138,55
431592,Vallfogona de Riucorb,1,46,40,2,29,54,3,75,94
082943,Vallgorguina,143,597,100,111,550,96,254,1147,196
082956,Vallirana,923,4025,645,857,3849,811,1780,7874,1456
172095,Vall-llobrega,51,177,21,41,231,28,92,408,49
431606,Vallmoll,104,498,103,78,454,100,182,952,203
082969,Vallromanes,182,617,77,163,566,92,345,1183,169
431613,Valls,1625,7564,1566,1561,7130,2203,3186,14694,3769
259062,"Valls d'Aguilar, les",16,118,46,16,85,51,32,203,97
252398,"Valls de Valira, les",40,286,104,42,241,90,82,527,194
431628,Vandellòs i l'Hospitalet de l'Infant,345,1676,332,315,1565,409,660,3241,741
259097,"Vansa i Fórnols, la",12,60,29,9,61,29,21,121,58
082975,Veciana,15,47,28,10,51,17,25,98,45
431634,"Vendrell, el",2195,9745,1589,2205,9117,1969,4400,18862,3558
172109,Ventalló,26,241,80,35,202,84,61,443,164
252424,Verdú,50,349,136,59,300,218,109,649,354
172116,Verges,73,385,120,62,343,162,135,728,282
431649,Vespella de Gaià,13,101,25,10,64,23,23,165,48
082981,Vic,2782,12586,2431,2467,11349,3739,5249,23935,6170
172121,Vidrà,12,49,18,12,52,14,24,101,32
172137,Vidreres,445,2031,397,397,1834,455,842,3865,852
252430,Vielha e Mijaran,374,1800,204,327,1581,261,701,3381,465
431652,Vilabella,48,267,92,48,243,97,96,510,189
172142,Vilabertran,59,259,92,45,247,96,104,506,188
172155,Vilablareix,187,783,86,163,771,109,350,1554,195
082994,Vilada,22,177,62,22,145,87,44,322,149
172174,Viladamat,21,131,46,15,116,57,36,247,103
172168,Viladasens,9,55,25,9,35,34,18,90,59
083015,Viladecans,4801,22347,2810,4587,21280,3518,9388,43627,6328
083008,Viladecavalls,666,2423,276,640,2282,352,1306,4705,628
172180,Vilademuls,51,261,91,36,242,89,87,503,180
172207,Viladrau,51,336,82,65,279,93,116,615,175
172214,Vilafant,368,1641,229,388,1590,266,756,3231,495
083054,Vilafranca del Penedès,2479,11986,2146,2418,11300,3052,4897,23286,5198
252445,Vilagrassa,25,142,51,18,123,65,43,265,116
172235,Vilajuïga,75,349,79,85,335,90,160,684,169
431750,Vilalba dels Arcs,34,237,110,35,189,131,69,426,241
083067,Vilalba Sasserra,41,204,30,40,178,31,81,382,61
252458,Vilaller,41,188,64,26,185,66,67,373,130
172240,Vilallonga de Ter,20,155,65,14,131,57,34,286,122
431665,Vilallonga del Camp,92,441,106,77,436,131,169,877,237
172253,Vilamacolum,22,104,27,19,81,38,41,185,65
172266,Vilamalla,78,336,49,55,295,55,133,631,104
172272,Vilamaniscle,15,46,20,12,37,19,27,83,39
252477,Vilamòs,12,64,12,17,43,11,29,107,23
172288,Vilanant,12,115,35,17,107,42,29,222,77
431671,Vilanova d'Escornalbou,21,168,38,31,145,44,52,313,82
252483,Vilanova de Bellpuig,61,327,159,45,342,177,106,669,336
252496,Vilanova de l'Aguda,9,75,46,20,65,41,29,140,87
252542,Vilanova de la Barca,55,286,111,51,272,129,106,558,240
252509,Vilanova de Meià,18,144,59,15,119,68,33,263,127
431687,Vilanova de Prades,7,44,23,8,37,26,15,81,49
083036,Vilanova de Sau,16,106,32,26,119,36,42,225,68
252516,Vilanova de Segrià,36,294,66,46,251,89,82,545,155
083020,Vilanova del Camí,947,3959,545,885,3771,686,1832,7730,1231
089024,Vilanova del Vallès,266,984,171,216,971,188,482,1955,359
083073,Vilanova i la Geltrú,4192,20084,4007,4056,19543,5418,8248,39627,9425
431690,Vilaplana,29,175,70,32,136,86,61,311,156
431704,Vila-rodona,43,406,133,55,295,129,98,701,262
172305,Vila-sacra,27,171,29,20,158,47,47,329,76
252521,Vila-sana,32,176,65,45,163,89,77,339,154
431711,Vila-seca,1136,5325,771,1105,5104,936,2241,10429,1707
082140,Vilassar de Dalt,503,2843,552,463,2724,729,966,5567,1281
082191,Vilassar de Mar,1529,6413,1006,1409,6495,1469,2938,12908,2475
172229,Vilaür,8,49,11,9,44,10,17,93,21
431726,Vilaverd,28,130,45,19,112,65,47,242,110
431732,"Vilella Alta, la",3,42,15,3,24,23,6,66,38
431747,"Vilella Baixa, la",12,68,24,8,53,32,20,121,56
172333,Vilobí d'Onyar,189,931,186,150,769,205,339,1700,391
083041,Vilobí del Penedès,65,334,97,58,303,87,123,637,184
172327,Vilopriu,9,50,25,11,43,29,20,93,54
252537,"Vilosell, el",4,70,35,9,80,35,13,150,70
431763,Vimbodí i Poblet,58,365,152,43,272,164,101,637,316
252555,Vinaixa,28,201,69,34,174,94,62,375,163
431779,Vinebre,20,174,51,13,145,75,33,319,126
431785,Vinyols i els Arcs,94,512,118,91,436,118,185,948,236
083089,Viver i Serrateix,10,70,20,10,57,25,20,127,45
430521,Xerta,74,398,154,71,362,181,145,760,335
,Catalunya,474976,2354658,480216,448660,2276081,669555,923636,4630739,1149771

