Codi,Literal,Homes. De 0 a 14 anys,Homes. De 15 a 64 anys,Homes. 65 anys o més,Dones. De 0 a 14 anys,Dones. De 15 a 64 anys,Dones. 65 anys o més,Total. De 0 a 14 anys,Total. De 15 a 64 anys,Total. 65 anys o més
250019,Abella de la Conca,16,66,22,11,54,18,27,120,40
080018,Abrera,766,3710,414,744,3329,459,1510,7039,873
250024,Àger,21,157,91,13,130,90,34,287,181
250030,Agramunt,403,1866,446,341,1561,595,744,3427,1041
080023,Aguilar de Segarra,14,75,33,11,65,32,25,140,65
170010,Agullana,37,256,89,50,217,97,87,473,186
080142,Aiguafreda,135,768,175,154,742,267,289,1510,442
430017,Aiguamúrcia,37,263,73,31,214,72,68,477,145
170025,Aiguaviva,49,213,39,53,194,45,102,407,84
250387,Aitona,135,784,236,107,677,309,242,1461,545
250045,"Alamús, els",37,266,71,37,215,98,74,481,169
250058,Alàs i Cerc,22,148,51,19,108,55,41,256,106
250061,"Albagés, l'",39,159,66,27,138,73,66,297,139
170031,Albanyà,14,45,12,9,42,13,23,87,25
250077,Albatàrrec,117,501,113,103,430,129,220,931,242
250083,Albesa,103,510,163,83,471,201,186,981,364
250096,"Albi, l'",49,290,92,46,249,110,95,539,202
430022,Albinyana,134,691,161,132,643,165,266,1334,326
430038,"Albiol, l'",27,105,16,33,92,15,60,197,31
170046,Albons,51,204,49,26,176,68,77,380,117
430043,Alcanar,622,3122,774,540,2882,928,1162,6004,1702
250100,Alcanó,11,76,41,16,69,41,27,145,82
250117,Alcarràs,360,1689,466,351,1630,531,711,3319,997
250122,Alcoletge,144,742,157,139,623,168,283,1365,325
430056,Alcover,337,1544,325,341,1370,398,678,2914,723
439044,"Aldea, l'",204,1202,369,184,1073,441,388,2275,810
430069,Aldover,32,263,101,33,262,131,65,525,232
430075,"Aleixar, l'",54,241,85,61,220,94,115,461,179
080039,Alella,682,3222,467,638,3214,608,1320,6436,1075
430081,Alfara de Carles,14,133,54,17,108,59,31,241,113
250138,Alfarràs,225,1065,308,200,969,370,425,2034,678
250143,Alfés,16,115,37,15,83,51,31,198,88
430094,Alforja,103,492,156,80,432,183,183,924,339
250156,Algerri,23,154,72,16,144,86,39,298,158
250169,Alguaire,192,1039,283,178,905,331,370,1944,614
250175,Alins,7,85,38,11,65,50,18,150,88
430108,Alió,10,137,48,28,118,50,38,255,98
250194,Almacelles,357,2096,527,378,1803,658,735,3899,1185
250208,Almatret,19,137,77,17,103,99,36,240,176
250215,Almenar,235,1229,357,194,1067,433,429,2296,790
430115,Almoster,101,374,66,102,346,61,203,720,127
250220,Alòs de Balaguer,5,68,25,4,38,26,9,106,51
170062,Alp,79,541,71,76,461,87,155,1002,158
080044,Alpens,29,96,31,21,80,33,50,176,64
250236,Alpicat,415,1757,273,414,1626,367,829,3383,640
250241,Alt Àneu,30,167,48,22,116,44,52,283,92
430120,Altafulla,342,1416,191,312,1327,240,654,2743,431
170078,Amer,129,715,233,114,695,298,243,1410,531
430136,"Ametlla de Mar, l'",382,2189,577,388,1930,566,770,4119,1143
080057,"Ametlla del Vallès, l'",751,2468,339,655,2446,452,1406,4914,791
439060,"Ampolla, l'",139,753,252,124,756,270,263,1509,522
430141,Amposta,1275,6466,1411,1255,6038,1793,2530,12504,3204
170084,Anglès,352,1811,462,331,1559,581,683,3370,1043
250273,Anglesola,60,431,162,64,407,169,124,838,331
250292,Arbeca,115,683,276,101,647,337,216,1330,613
430167,"Arboç, l'",358,1555,298,262,1322,369,620,2877,667
430154,Arbolí,2,51,10,0,36,17,2,87,27
170097,Arbúcies,476,2139,441,391,1768,560,867,3907,1001
080060,Arenys de Mar,1017,4549,978,892,4525,1467,1909,9074,2445
080076,Arenys de Munt,629,2549,444,552,2419,597,1181,4968,1041
170101,Argelaguer,36,121,47,24,105,52,60,226,99
080082,Argençola,14,82,22,10,60,21,24,142,43
430173,"Argentera, l'",8,67,16,7,45,16,15,112,32
080095,Argentona,879,3641,623,820,3611,829,1699,7252,1452
170118,"Armentera, l'",32,248,84,27,234,113,59,482,197
430189,Arnes,18,143,100,16,139,95,34,282,195
250313,Arres,5,31,4,3,15,9,8,46,13
250328,Arsèguel,6,29,10,4,30,10,10,59,20
080109,Artés,366,1681,388,315,1574,506,681,3255,894
250334,Artesa de Lleida,92,478,145,89,393,182,181,871,327
250349,Artesa de Segre,250,1210,392,205,1063,420,455,2273,812
430192,Ascó,93,560,174,84,499,219,177,1059,393
250365,Aspa,11,76,46,17,76,45,28,152,91
250371,"Avellanes i Santa Linya, les",16,176,74,13,117,80,29,293,154
080116,Avià,122,668,192,127,606,241,249,1274,433
080121,Avinyó,164,688,185,154,621,261,318,1309,446
170123,Avinyonet de Puigventós,75,369,51,73,351,64,148,720,115
080137,Avinyonet del Penedès,96,542,122,88,409,157,184,951,279
080155,Badalona,15482,78998,12847,14489,74742,18316,29971,153740,31163
089045,Badia del Vallès,1107,5185,832,1033,5084,1072,2140,10269,1904
080168,Bagà,116,681,235,135,659,296,251,1340,531
250390,Baix Pallars,13,137,63,13,98,48,26,235,111
250404,Balaguer,1109,4966,1148,1057,4733,1527,2166,9699,2675
080174,Balenyà,258,1227,215,275,1146,292,533,2373,507
080180,Balsareny,208,1099,300,186,1034,414,394,2133,714
430206,Banyeres del Penedès,154,789,124,119,675,142,273,1464,266
170157,Banyoles,1419,5552,1204,1340,5200,1708,2759,10752,2912
250411,Barbens,48,289,95,27,215,144,75,504,239
430213,Barberà de la Conca,26,163,45,20,122,70,46,285,115
082520,Barberà del Vallès,2197,10120,1307,2059,9836,1683,4256,19956,2990
080193,Barcelona,94341,522787,128917,89944,538680,203877,184285,1061467,332794
250426,"Baronia de Rialb, la",24,90,35,16,70,44,40,160,79
170160,Bàscara,59,308,87,32,277,107,91,585,194
250447,Bassella,17,82,38,15,70,41,32,152,79
430228,Batea,113,673,265,116,628,278,229,1301,543
250450,Bausen,0,16,15,0,6,14,0,22,29
080207,Begues,585,1841,218,559,1799,282,1144,3640,500
170139,Begur,307,1371,308,283,1281,311,590,2652,619
250463,Belianes,43,183,83,43,153,103,86,336,186
251706,Bellaguarda,20,91,65,16,90,66,36,181,131
170182,Bellcaire d'Empordà,44,230,64,43,187,77,87,417,141
250479,Bellcaire d'Urgell,48,364,168,64,358,216,112,722,384
250485,Bell-lloc d'Urgell,126,696,223,154,668,259,280,1364,482
250498,Bellmunt d'Urgell,11,65,31,20,71,28,31,136,59
430234,Bellmunt del Priorat,10,93,48,9,83,65,19,176,113
080214,Bellprat,5,31,13,4,25,12,9,56,25
250501,Bellpuig,286,1486,377,280,1320,494,566,2806,871
430249,Bellvei,114,579,129,117,475,127,231,1054,256
250518,Bellver de Cerdanya,90,661,164,92,545,186,182,1206,350
250523,Bellvís,122,731,274,122,608,350,244,1339,624
250539,Benavent de Segrià,79,447,81,100,391,80,179,838,161
430252,Benifallet,43,239,124,40,221,154,83,460,278
430265,Benissanet,71,391,132,49,337,150,120,728,282
080229,Berga,1032,5246,1464,938,4994,2079,1970,10240,3543
170195,Besalú,120,700,237,131,695,282,251,1395,519
170209,Bescanó,307,1237,283,304,1185,332,611,2422,615
170216,Beuda,7,57,14,13,47,8,20,104,22
080235,Bigues i Riells del Fai,617,2502,340,516,2284,377,1133,4786,717
250557,Biosca,14,78,32,13,61,40,27,139,72
170221,"Bisbal d'Empordà, la",658,3087,681,629,2916,914,1287,6003,1595
430271,"Bisbal de Falset, la",11,76,38,13,67,39,24,143,77
430287,"Bisbal del Penedès, la",186,936,188,164,771,238,350,1707,426
172348,Biure,12,87,21,18,70,26,30,157,47
430290,Blancafort,29,133,54,18,105,70,47,238,124
170237,Blanes,2807,12919,2214,2667,12149,2821,5474,25068,5035
170293,Boadella i les Escaules,17,72,24,12,81,28,29,153,52
170242,Bolvir,13,107,21,11,92,32,24,199,53
430304,Bonastre,26,173,37,35,124,45,61,297,82
250576,"Bòrdes, Es",13,77,19,7,85,16,20,162,35
170255,Bordils,113,493,117,106,450,146,219,943,263
250582,"Borges Blanques, les",379,1833,519,326,1670,698,705,3503,1217
430311,"Borges del Camp, les",107,628,155,122,575,182,229,1203,337
170268,Borrassà,24,207,61,21,167,77,45,374,138
080240,Borredà,44,170,44,26,161,63,70,331,107
250595,Bossòst,71,374,80,67,336,87,138,710,167
430326,Bot,32,244,123,30,203,148,62,447,271
430332,Botarell,77,337,47,57,301,62,134,638,109
250560,Bovera,9,115,69,13,99,78,22,214,147
430347,Bràfim,30,217,63,29,190,81,59,407,144
170274,Breda,267,1254,300,262,1115,368,529,2369,668
080253,"Bruc, el",114,561,96,101,467,115,215,1028,211
080266,"Brull, el",13,75,22,8,62,21,21,137,43
170280,Brunyola i Sant Martí Sapresa,16,103,54,20,101,54,36,204,108
430350,Cabacés,13,117,49,19,89,52,32,206,101
250609,Cabanabona,6,29,19,4,30,28,10,59,47
170314,Cabanelles,16,91,34,12,62,29,28,153,63
170307,Cabanes,62,297,88,63,260,82,125,557,170
080272,"Cabanyes, les",54,231,41,63,204,54,117,435,95
250616,Cabó,7,35,21,1,30,20,8,65,41
430363,Cabra del Camp,60,270,75,42,252,69,102,522,144
080288,Cabrera d'Anoia,62,323,57,53,262,61,115,585,118
080291,Cabrera de Mar,340,1467,239,319,1375,251,659,2842,490
080305,Cabrils,602,2075,256,636,2111,323,1238,4186,579
170329,Cadaqués,183,962,177,216,946,246,399,1908,423
080312,Calaf,205,1192,274,194,1004,345,399,2196,619
430379,Calafell,1192,6428,1137,1165,6054,1301,2357,12482,2438
080348,Calders,62,264,81,70,250,76,132,514,157
080327,Caldes d'Estrac,180,858,170,160,794,286,340,1652,456
170335,Caldes de Malavella,382,1729,358,352,1634,470,734,3363,828
080333,Caldes de Montbui,1166,5438,971,1069,5129,1323,2235,10567,2294
080351,Calella,1135,5675,1086,1099,5382,1631,2234,11057,2717
080370,Calldetenes,173,803,137,161,701,168,334,1504,305
080386,Callús,96,484,125,82,455,185,178,939,310
080364,Calonge de Segarra,19,56,29,8,53,35,27,109,64
170340,Calonge i Sant Antoni,695,3111,634,673,2931,713,1368,6042,1347
250621,Camarasa,31,298,131,30,256,157,61,554,288
439039,Camarles,201,1078,306,212,945,359,413,2023,665
430385,Cambrils,2058,8953,1316,1947,8700,1630,4005,17653,2946
170353,Camós,35,232,72,43,198,79,78,430,151
170366,Campdevànol,193,1109,366,174,1055,464,367,2164,830
170372,Campelles,3,49,15,4,35,16,7,84,31
080399,Campins,24,127,20,38,106,19,62,233,39
170388,Campllong,34,107,39,37,102,33,71,209,72
170391,Camprodon,112,804,259,128,763,324,240,1567,583
250637,Canejan,4,35,16,7,27,19,11,62,35
170405,Canet d'Adri,35,204,41,28,173,57,63,377,98
080403,Canet de Mar,900,4203,840,817,4004,1283,1717,8207,2123
080410,Canovelles,1087,5332,791,1012,4770,1009,2099,10102,1800
080425,Cànoves i Samalús,192,866,139,179,762,159,371,1628,298
170412,Cantallops,15,80,36,14,78,44,29,158,80
080431,Canyelles,230,1115,143,223,946,151,453,2061,294
430398,Capafonts,0,40,18,1,31,19,1,71,37
430402,Capçanes,19,125,45,14,135,64,33,260,109
080446,Capellades,371,1759,383,361,1728,541,732,3487,924
170427,Capmany,27,165,62,27,146,58,54,311,120
080459,Capolat,2,31,9,3,23,12,5,54,21
080462,Cardedeu,1332,5144,756,1167,5071,1044,2499,10215,1800
080478,Cardona,287,1736,540,283,1632,794,570,3368,1334
080484,Carme,40,258,75,40,208,100,80,466,175
430419,Caseres,17,87,49,18,97,51,35,184,100
170448,Cassà de la Selva,661,2874,691,603,2603,893,1264,5477,1584
080497,Casserres,70,478,186,65,483,242,135,961,428
080575,Castell de l'Areny,1,28,8,7,17,4,8,45,12
259046,Castell de Mur,8,51,27,11,45,25,19,96,52
250642,Castellar de la Ribera,10,46,21,8,49,21,18,95,42
080522,Castellar de n'Hug,6,76,22,6,56,25,12,132,47
080500,Castellar del Riu,9,56,14,9,36,12,18,92,26
080517,Castellar del Vallès,1778,6913,1052,1593,6720,1419,3371,13633,2471
080538,Castellbell i el Vilar,205,1150,266,190,1006,354,395,2156,620
080543,Castellbisbal,1043,3815,471,931,3566,526,1974,7381,997
080556,Castellcir,46,182,37,35,146,54,81,328,91
250674,Castelldans,51,322,130,44,262,146,95,584,276
080569,Castelldefels,4469,20139,2301,4328,19661,3066,8797,39800,5367
080581,Castellet i la Gornal,121,583,150,132,521,177,253,1104,327
170464,Castellfollit de la Roca,54,337,107,53,281,147,107,618,254
080608,Castellfollit de Riubregós,17,75,20,10,65,32,27,140,52
080594,Castellfollit del Boix,31,130,40,33,118,53,64,248,93
080615,Castellgalí,84,425,90,83,356,107,167,781,197
080620,Castellnou de Bages,73,289,32,56,256,36,129,545,68
250680,Castellnou de Seana,44,229,99,32,207,99,76,436,198
170470,Castelló d'Empúries,664,2821,546,626,2528,592,1290,5349,1138
250693,Castelló de Farfanya,22,192,85,32,165,92,54,357,177
080636,Castellolí,29,158,34,36,147,48,65,305,82
170486,Castell-Platja d'Aro,577,3248,503,563,3007,572,1140,6255,1075
250707,Castellserà,57,358,154,63,321,164,120,679,318
080641,Castellterçol,143,722,203,153,683,274,296,1405,477
430424,Castellvell del Camp,175,697,87,197,709,116,372,1406,203
080654,Castellví de la Marca,109,525,140,102,460,186,211,985,326
080667,Castellví de Rosanes,107,475,78,114,434,89,221,909,167
430430,"Catllar, el",271,1137,179,239,1073,171,510,2210,350
250714,Cava,0,24,11,3,12,8,3,36,19
171899,"Cellera de Ter, la",149,709,177,117,646,240,266,1355,417
170499,Celrà,299,1120,187,289,1082,241,588,2202,428
080673,Centelles,465,2155,473,434,2064,713,899,4219,1186
082687,Cercs,84,439,165,59,386,205,143,825,370
082665,Cerdanyola del Vallès,4343,20876,2778,3942,20512,3614,8285,41388,6392
080689,Cervelló,555,2663,353,539,2425,445,1094,5088,798
250729,Cervera,666,3125,634,672,2637,830,1338,5762,1464
250735,Cervià de les Garrigues,35,276,129,33,248,123,68,524,252
170502,Cervià de Ter,60,220,79,52,230,89,112,450,168
170519,Cistella,12,77,29,14,70,31,26,147,60
250740,Ciutadilla,20,78,31,8,74,34,28,152,65
250753,Clariana de Cardener,16,56,8,8,55,10,24,111,18
250766,"Cogul, el",7,69,39,10,58,35,17,127,74
170545,Colera,29,219,83,33,212,79,62,431,162
250772,Coll de Nargó,25,195,83,32,173,83,57,368,166
080692,Collbató,296,1163,134,258,1018,155,554,2181,289
430458,Colldejou,8,83,18,7,59,19,15,142,37
080706,Collsuspina,24,116,17,19,96,24,43,212,41
170558,Colomers,5,69,27,3,60,38,8,129,65
251636,"Coma i la Pedra, la",11,111,30,12,62,28,23,173,58
251615,Conca de Dalt,17,138,69,21,119,73,38,257,142
430461,Conesa,7,48,15,6,33,19,13,81,34
430477,Constantí,414,2108,370,420,1724,426,834,3832,796
080713,Copons,9,95,33,21,83,41,30,178,74
430483,Corbera d'Ebre,58,367,138,56,293,157,114,660,295
080728,Corbera de Llobregat,1057,4181,549,931,3887,673,1988,8068,1222
250788,Corbins,77,411,106,71,342,142,148,753,248
170577,Corçà,62,436,108,65,412,118,127,848,226
080734,Cornellà de Llobregat,5728,29717,5896,5351,28639,7996,11079,58356,13892
170561,Cornellà del Terri,145,683,176,111,669,208,256,1352,384
430496,Cornudella de Montsant,34,326,105,50,259,138,84,585,243
430509,Creixell,178,878,206,152,756,241,330,1634,447
170583,Crespià,20,64,28,8,75,32,28,139,60
179011,"Cruïlles, Monells i Sant Sadurní de l'Heura",74,432,88,90,401,116,164,833,204
080749,Cubelles,771,3571,602,652,3274,679,1423,6845,1281
250791,Cubells,23,106,68,23,96,68,46,202,136
430516,Cunit,573,2979,634,585,2701,614,1158,5680,1248
170600,Darnius,20,169,71,26,154,76,46,323,147
170617,Das,8,65,16,6,55,15,14,120,31
439018,Deltebre,718,3758,971,616,3518,1176,1334,7276,2147
080752,Dosrius,297,1430,168,310,1362,195,607,2792,363
430537,Duesaigües,6,75,33,5,46,26,11,121,59
170622,"Escala, l'",362,2772,651,371,2597,702,733,5369,1353
080765,Esparreguera,1788,7494,1032,1538,6899,1412,3326,14393,2444
170638,Espinelves,12,64,24,6,51,32,18,115,56
250812,"Espluga Calba, l'",15,155,58,13,119,65,28,274,123
430542,"Espluga de Francolí, l'",259,1220,369,236,1109,494,495,2329,863
080771,Esplugues de Llobregat,2928,16645,3025,2754,16665,3898,5682,33310,6923
170643,Espolla,15,125,49,24,105,62,39,230,111
170656,Esponellà,26,144,37,32,144,43,58,288,80
250827,Espot,25,149,27,21,107,35,46,256,62
080787,"Espunyola, l'",16,81,41,19,85,31,35,166,72
082541,"Esquirol, l'",156,724,206,158,671,284,314,1395,490
250886,Estamariu,4,44,20,3,33,18,7,77,38
080790,"Estany, l'",19,118,52,23,125,68,42,243,120
250851,Estaràs,11,68,24,13,41,29,24,109,53
250864,Esterri d'Àneu,48,261,70,48,240,87,96,501,157
250870,Esterri de Cardós,2,23,9,5,23,10,7,46,19
430555,Falset,180,898,242,195,791,321,375,1689,563
170059,"Far d'Empordà, el",39,147,40,31,140,43,70,287,83
250899,Farrera,2,48,11,6,31,7,8,79,18
430568,"Fatarella, la",53,378,161,57,331,193,110,709,354
430574,"Febró, la",1,30,6,1,16,4,2,46,10
081347,Figaró-Montmany,67,363,77,75,276,135,142,639,212
080804,Fígols,3,13,10,1,14,6,4,27,16
259084,Fígols i Alinyà,6,89,52,7,71,46,13,160,98
430580,"Figuera, la",7,82,21,12,71,27,19,153,48
170669,Figueres,2913,12616,2505,2806,12498,3694,5719,25114,6199
430593,Figuerola del Camp,19,96,29,28,93,36,47,189,65
170675,Flaçà,55,333,90,52,291,111,107,624,201
430607,Flix,221,1367,427,199,1278,509,420,2645,936
250925,"Floresta, la",11,59,29,7,44,30,18,103,59
080826,Fogars de la Selva,88,382,75,86,344,70,174,726,145
080811,Fogars de Montclús,39,138,36,19,124,39,58,262,75
170681,Foixà,28,94,36,22,94,47,50,188,83
080832,Folgueroles,170,622,119,156,612,154,326,1234,273
250931,Fondarella,58,262,54,45,261,61,103,523,115
080847,Fonollosa,94,428,79,84,390,98,178,818,177
170694,Fontanals de Cerdanya,16,156,36,30,145,45,46,301,81
170708,Fontanilles,10,63,18,6,49,13,16,112,31
170715,Fontcoberta,74,412,70,106,399,84,180,811,154
080850,Font-rubí,92,452,164,92,385,155,184,837,319
250946,Foradada,12,84,36,5,67,27,17,151,63
179026,Forallac,93,631,133,114,596,179,207,1227,312
430614,Forès,0,20,12,0,14,13,0,34,25
170736,Fornells de la Selva,159,607,88,169,612,125,328,1219,213
170741,Fortià,23,191,53,45,166,69,68,357,122
080863,"Franqueses del Vallès, les",1175,5612,732,1121,5135,979,2296,10747,1711
430629,Freginals,14,138,55,21,111,55,35,249,110
250962,"Fuliola, la",69,408,143,74,358,182,143,766,325
250978,Fulleda,5,37,19,6,30,17,11,67,36
080902,Gaià,15,49,13,10,55,12,25,104,25
430635,"Galera, la",45,254,95,28,232,120,73,486,215
080879,Gallifa,20,74,12,18,70,15,38,144,27
430640,Gandesa,166,1032,286,168,865,365,334,1897,651
430653,Garcia,20,163,78,18,138,84,38,301,162
430666,"Garidells, els",13,69,18,13,57,17,26,126,35
080885,"Garriga, la",1137,4403,755,1065,4456,1107,2202,8859,1862
170754,Garrigàs,19,113,42,13,90,44,32,203,86
170767,Garrigoles,9,51,17,4,37,23,13,88,40
170773,Garriguella,48,248,80,39,213,89,87,461,169
080898,Gavà,3392,15723,2495,3217,15207,3208,6609,30930,5703
250984,Gavet de la Conca,12,90,46,16,84,63,28,174,109
080919,Gelida,426,1959,356,394,1749,474,820,3708,830
170789,Ger,24,142,41,22,147,33,46,289,74
259123,Gimenells i el Pla de la Font,68,370,125,64,323,143,132,693,268
430672,Ginestar,50,318,121,43,252,145,93,570,266
170792,Girona,6843,28644,4853,6656,29310,7225,13499,57954,12078
080924,Gironella,238,1611,528,219,1527,761,457,3138,1289
080930,Gisclareny,0,17,1,1,12,2,1,29,3
430688,Godall,33,237,109,30,204,119,63,441,228
250997,Golmés,91,497,125,93,482,155,184,979,280
170806,Gombrèn,14,77,20,8,83,34,22,160,54
251001,Gósol,11,84,23,3,70,32,14,154,55
080945,"Granada, la",118,528,117,117,504,141,235,1032,258
251018,"Granadella, la",29,249,119,51,195,143,80,444,262
080958,Granera,1,43,10,0,18,6,1,61,16
251023,"Granja d'Escarp, la",60,379,118,52,291,145,112,670,263
080961,Granollers,4314,20329,3345,4104,19633,4731,8418,39962,8076
251039,Granyanella,3,51,21,5,40,20,8,91,41
251057,Granyena de les Garrigues,9,59,26,2,39,34,11,98,60
251044,Granyena de Segarra,2,45,29,1,36,31,3,81,60
430691,Gratallops,16,81,25,9,63,28,25,144,53
080977,Gualba,70,360,68,71,314,67,141,674,135
170813,Gualta,33,122,28,23,89,35,56,211,63
080996,Guardiola de Berguedà,54,316,119,48,269,139,102,585,258
430705,"Guiamets, els",18,112,36,12,82,55,30,194,91
170828,Guils de Cerdanya,17,139,30,24,129,29,41,268,59
251095,Guimerà,11,104,69,16,90,71,27,194,140
259031,"Guingueta d'Àneu, la",28,118,37,20,100,44,48,218,81
251109,Guissona,367,1780,242,348,1383,319,715,3163,561
251116,Guixers,2,68,18,2,37,18,4,105,36
081000,Gurb,187,752,139,190,710,148,377,1462,287
430712,Horta de Sant Joan,84,410,156,54,339,176,138,749,332
081017,"Hospitalet de Llobregat, l'",15326,88783,18789,14272,87683,25683,29598,176466,44472
081629,"Hostalets de Pierola, els",129,648,119,112,557,151,241,1205,270
170834,Hostalric,229,1185,208,238,1099,288,467,2284,496
081022,Igualada,2614,12198,2535,2454,11664,3730,5068,23862,6265
251155,Isona i Conca Dellà,69,402,177,41,311,189,110,713,366
170849,Isòvol,6,89,19,4,50,34,10,139,53
251137,Ivars d'Urgell,99,631,211,105,509,251,204,1140,462
251121,Ivars de Noguera,11,121,45,19,100,49,30,221,94
251142,Ivorra,6,47,19,8,40,31,14,87,50
170852,Jafre,16,129,49,14,95,56,30,224,105
170865,"Jonquera, la",215,1101,171,199,1020,214,414,2121,385
081038,Jorba,59,182,59,72,186,78,131,368,137
259101,Josa i Tuixén,10,63,21,5,56,21,15,119,42
170871,Juià,20,98,32,14,88,35,34,186,67
251180,Juncosa,26,199,85,34,130,84,60,329,169
251193,Juneda,162,1049,334,160,929,389,322,1978,723
251214,Les,42,269,47,38,243,82,80,512,129
251229,Linyola,155,892,242,164,793,283,319,1685,525
081043,"Llacuna, la",60,321,86,54,239,115,114,560,201
170887,Lladó,33,189,60,42,165,72,75,354,132
251235,Lladorre,10,71,31,7,69,24,17,140,55
251240,Lladurs,16,75,23,14,69,24,30,144,47
081056,"Llagosta, la",956,4814,731,904,4584,955,1860,9398,1686
170890,Llagostera,501,2295,523,494,1989,659,995,4284,1182
170904,Llambilles,40,183,41,27,179,52,67,362,93
170911,Llanars,33,190,55,18,172,59,51,362,114
170926,Llançà,263,1469,365,274,1363,471,537,2832,836
251253,Llardecans,31,182,90,31,157,92,62,339,182
251266,Llavorsí,14,108,42,20,109,37,34,217,79
251207,Lleida,8993,41586,8178,8598,40858,11722,17591,82444,19900
170932,Llers,78,392,84,83,350,110,161,742,194
251272,Lles de Cerdanya,17,93,33,4,64,35,21,157,68
081075,Lliçà d'Amunt,1101,4431,634,1064,4103,676,2165,8534,1310
081081,Lliçà de Vall,504,2156,309,420,1996,311,924,4152,620
251288,Llimiana,5,53,30,2,54,24,7,107,54
081069,Llinars del Vallès,670,2801,446,635,2683,599,1305,5484,1045
170947,Llívia,74,459,86,53,398,103,127,857,189
430727,"Lloar, el",4,40,20,1,36,21,5,76,41
251291,Llobera,11,81,26,7,59,39,18,140,65
430733,Llorac,4,38,16,9,35,22,13,73,38
430748,Llorenç del Penedès,160,624,135,168,636,181,328,1260,316
170950,Lloret de Mar,2170,10261,1272,1952,9306,1596,4122,19567,2868
170963,"Llosses, les",17,100,28,8,85,24,25,185,52
081094,Lluçà,23,93,25,18,75,27,41,168,52
171024,Maçanet de Cabrenys,34,250,88,35,207,107,69,457,195
171030,Maçanet de la Selva,395,1805,332,387,1617,377,782,3422,709
170979,Madremanya,12,60,20,15,78,23,27,138,43
170985,Maià de Montcal,25,129,39,14,115,43,39,244,82
251333,Maials,46,294,138,39,258,175,85,552,313
251305,Maldà,15,85,51,11,81,40,26,166,91
081108,Malgrat de Mar,1213,5780,1143,1067,5436,1523,2280,11216,2666
081115,Malla,14,90,18,16,99,25,30,189,43
081120,Manlleu,1561,6596,1322,1411,6013,1845,2972,12609,3167
081136,Manresa,4741,23073,5734,4330,22029,8598,9071,45102,14332
430764,Marçà,25,183,88,29,166,96,54,349,184
430751,Margalef,6,43,18,3,31,26,9,74,44
082423,Marganell,14,73,21,18,75,42,32,148,63
081141,Martorell,2089,9372,1419,1923,8260,1947,4012,17632,3366
081154,Martorelles,365,1775,332,311,1692,437,676,3467,769
430770,Mas de Barberans,30,224,92,33,200,103,63,424,195
171002,Masarac,15,76,31,18,80,38,33,156,69
430786,Masdenverge,54,354,120,63,300,116,117,654,236
081167,"Masies de Roda, les",43,244,62,49,234,71,92,478,133
081173,"Masies de Voltregà, les",233,1035,200,243,1032,263,476,2067,463
430799,Masllorenç,28,156,53,32,131,67,60,287,120
081189,"Masnou, el",1619,7418,1237,1480,7531,1911,3099,14949,3148
430803,"Masó, la",11,102,30,16,91,37,27,193,67
430810,Maspujols,37,163,61,40,150,62,77,313,123
081192,Masquefa,611,2465,348,608,2251,397,1219,4716,745
430825,"Masroig, el",26,152,79,25,150,90,51,302,169
251312,Massalcoreig,41,189,77,35,169,99,76,358,176
171019,Massanes,33,224,58,37,180,56,70,404,114
251327,Massoteres,10,73,23,10,55,29,20,128,52
081206,Matadepera,870,2648,357,732,2605,499,1602,5253,856
081213,Mataró,8753,41227,6941,7977,39318,9898,16730,80545,16839
081228,Mediona,108,636,175,105,542,191,213,1178,366
251348,Menàrguens,46,279,110,48,223,128,94,502,238
170998,Meranges,1,40,13,0,20,11,1,60,24
171058,Mieres,32,117,35,28,100,44,60,217,79
430831,"Milà, el",9,53,19,17,59,21,26,112,40
251351,Miralcamp,77,445,119,73,415,151,150,860,270
430846,Miravet,49,285,84,32,217,123,81,502,207
081385,Moià,414,1678,350,399,1553,478,813,3231,828
430859,"Molar, el",15,95,42,11,73,48,26,168,90
081234,Molins de Rei,1667,8020,1392,1623,7875,1919,3290,15895,3311
251370,Mollerussa,923,4022,710,859,3644,929,1782,7666,1639
171061,Mollet de Peralada,7,58,25,7,45,32,14,103,57
081249,Mollet del Vallès,4138,19143,2415,3944,17863,3188,8082,37006,5603
171077,Molló,11,120,43,11,105,53,22,225,96
251364,"Molsosa, la",8,43,12,6,44,17,14,87,29
081287,Monistrol de Calders,46,220,60,53,210,68,99,430,128
081271,Monistrol de Montserrat,170,956,251,126,848,303,296,1804,554
171096,Montagut i Oix,50,293,102,64,241,108,114,534,210
430862,Montblanc,467,2247,518,416,2147,684,883,4394,1202
430884,Montbrió del Camp,107,523,158,113,469,204,220,992,362
081252,Montcada i Reixac,2390,11094,1853,2341,10707,2568,4731,21801,4421
081304,Montclar,11,36,15,11,39,14,22,75,29
251399,Montellà i Martinet,27,185,73,21,148,81,48,333,154
081311,Montesquiu,52,292,95,43,253,128,95,545,223
251403,Montferrer i Castellbò,37,319,85,43,259,74,80,578,159
430897,Montferri,11,70,31,12,54,24,23,124,55
251386,Montgai,47,247,107,47,211,134,94,458,241
081265,Montgat,635,3274,475,621,3123,716,1256,6397,1191
081326,Montmajor,30,156,53,18,151,51,48,307,104
081332,Montmaneu,8,73,24,9,55,27,17,128,51
430901,"Montmell, el",73,349,73,63,281,65,136,630,138
081350,Montmeló,682,3205,500,621,3059,657,1303,6264,1157
251425,Montoliu de Lleida,22,172,49,8,153,73,30,325,122
251410,Montoliu de Segarra,6,69,31,3,49,32,9,118,63
251431,Montornès de Segarra,1,24,21,2,34,18,3,58,39
081363,Montornès del Vallès,1128,5331,730,1094,4884,898,2222,10215,1628
430918,Mont-ral,10,77,10,5,66,9,15,143,19
171100,Mont-ras,142,653,118,128,601,119,270,1254,237
430923,Mont-roig del Camp,553,3073,602,553,2808,620,1106,5881,1222
081379,Montseny,12,120,35,15,99,32,27,219,67
430939,Móra d'Ebre,373,1646,445,349,1605,542,722,3251,987
430944,Móra la Nova,224,1119,251,226,959,334,450,2078,585
430957,"Morell, el",218,911,172,206,817,206,424,1728,378
430960,"Morera de Montsant, la",12,71,21,9,46,19,21,117,40
081290,Muntanyola,33,154,30,33,130,17,66,284,47
081398,Mura,7,83,21,14,60,27,21,143,48
251459,Nalec,5,26,15,2,25,19,7,51,34
250254,Naut Aran,116,668,94,108,560,103,224,1228,197
081402,Navarcles,392,1901,438,343,1844,580,735,3745,1018
081419,Navàs,388,1904,522,364,1773,707,752,3677,1229
171117,Navata,59,263,87,70,259,88,129,522,175
251462,Navès,16,81,36,15,89,35,31,170,71
081424,"Nou de Berguedà, la",13,47,21,13,44,19,26,91,40
430976,"Nou de Gaià, la",23,144,46,29,118,49,52,262,95
430982,Nulles,13,130,36,17,112,56,30,242,92
251484,Odèn,10,98,47,9,74,34,19,172,81
081430,Òdena,246,962,207,203,955,259,449,1917,466
171122,Ogassa,15,107,26,11,73,28,26,180,54
081458,Olèrdola,243,948,172,198,869,202,441,1817,374
081461,Olesa de Bonesvalls,90,498,83,105,422,89,195,920,172
081477,Olesa de Montserrat,1666,7336,1271,1530,6804,1687,3196,14140,2958
251497,Oliana,107,644,205,88,568,258,195,1212,463
251500,Oliola,11,107,30,11,80,31,22,187,61
251517,Olius,56,205,43,50,200,56,106,405,99
081483,Olivella,182,800,90,171,679,89,353,1479,179
081496,Olost,81,371,136,67,368,164,148,739,300
171143,Olot,2152,10222,2675,1941,9451,3865,4093,19673,6540
251522,"Oluges, les",4,65,26,5,53,28,9,118,54
081445,Olvan,44,293,101,42,275,140,86,568,241
251538,"Omellons, els",10,78,41,13,79,32,23,157,73
251543,"Omells de na Gaia, els",8,51,28,5,42,22,13,93,50
171156,Ordis,23,125,31,22,106,28,45,231,59
251556,Organyà,38,312,121,39,272,153,77,584,274
081509,Orís,14,86,26,21,79,26,35,165,52
081516,Oristà,27,188,76,31,190,91,58,378,167
081521,Orpí,9,64,20,4,60,18,13,124,38
081537,Òrrius,17,130,24,11,106,42,28,236,66
251569,Os de Balaguer,43,266,117,52,207,115,95,473,232
171169,Osor,23,138,59,16,123,70,39,261,129
251575,Ossó de Sió,8,76,33,12,72,29,20,148,62
081542,Pacs del Penedès,54,280,43,62,252,48,116,532,91
081555,Palafolls,609,2399,337,605,2287,394,1214,4686,731
171175,Palafrugell,1504,7166,1424,1377,6417,1925,2881,13583,3349
171181,Palamós,1221,5692,1134,1166,5460,1558,2387,11152,2692
251581,"Palau d'Anglesola, el",126,614,154,121,548,212,247,1162,366
171194,Palau de Santa Eulàlia,3,38,9,2,24,8,5,62,17
171215,Palau-sator,12,97,38,9,89,39,21,186,77
171208,Palau-saverdera,53,352,109,65,323,129,118,675,238
081568,Palau-solità i Plegamans,1101,4663,583,1091,4377,684,2192,9040,1267
431009,"Pallaresos, els",334,1118,88,317,1040,103,651,2158,191
081574,Pallejà,836,3648,457,736,3467,602,1572,7115,1059
430995,"Palma d'Ebre, la",15,117,60,21,117,73,36,234,133
089058,"Palma de Cervelló, la",261,1048,132,242,1007,191,503,2055,323
171236,Palol de Revardit,31,154,37,29,128,41,60,282,78
171241,Pals,139,768,245,118,718,273,257,1486,518
081580,"Papiol, el",283,1330,226,270,1213,306,553,2543,532
171254,Pardines,12,45,24,8,47,18,20,92,42
081593,Parets del Vallès,1321,5967,790,1327,5484,1023,2648,11451,1813
171267,Parlavà,20,127,36,13,108,45,33,235,81
431016,Passanant i Belltall,1,76,38,2,52,40,3,128,78
171289,Pau,27,159,44,28,149,47,55,308,91
431021,Paüls,19,197,91,32,189,87,51,386,178
171292,Pedret i Marzà,14,44,16,8,47,15,22,91,31
251641,Penelles,25,183,74,24,131,86,49,314,160
171306,"Pera, la",25,140,48,32,126,53,57,266,101
081607,Perafita,21,120,39,24,109,58,45,229,97
431037,Perafort,61,272,51,39,264,54,100,536,105
171328,Peralada,108,519,141,108,457,158,216,976,299
251654,Peramola,21,128,57,19,97,60,40,225,117
431042,"Perelló, el",102,837,283,107,653,300,209,1490,583
081614,Piera,1003,4074,823,865,3642,1045,1868,7716,1868
431055,"Piles, les",11,75,20,12,54,16,23,129,36
081635,Pineda de Mar,1832,8620,1484,1651,8090,1862,3483,16710,3346
431068,"Pinell de Brai, el",57,373,127,50,304,172,107,677,299
251667,Pinell de Solsonès,11,80,26,13,61,24,24,141,50
251673,Pinós,15,108,46,13,93,36,28,201,82
431074,Pira,33,147,38,35,140,58,68,287,96
431080,"Pla de Santa Maria, el",151,642,152,117,575,183,268,1217,335
081640,"Pla del Penedès, el",55,312,92,48,260,124,103,572,216
171334,"Planes d'Hostoles, les",93,547,220,92,516,252,185,1063,472
171349,Planoles,10,115,39,16,85,39,26,200,78
259118,"Plans de Sió, els",28,177,86,21,151,100,49,328,186
251689,"Poal, el",46,218,78,33,170,100,79,388,178
251692,"Pobla de Cérvoles, la",12,78,37,16,55,40,28,133,77
081653,"Pobla de Claramunt, la",161,709,148,132,604,188,293,1313,336
081666,"Pobla de Lillet, la",50,430,175,50,402,250,100,832,425
431093,"Pobla de Mafumet, la",115,482,74,115,445,109,230,927,183
431107,"Pobla de Massaluca, la",11,151,67,13,107,84,24,258,151
431114,"Pobla de Montornès, la",119,724,165,113,605,156,232,1329,321
251713,"Pobla de Segur, la",145,946,373,149,858,490,294,1804,863
431129,Poboleda,10,114,52,8,92,58,18,206,110
081672,Polinyà,508,2274,210,512,2099,252,1020,4373,462
431135,"Pont d'Armentera, el",30,189,78,21,172,81,51,361,159
250306,"Pont de Bar, el",6,51,26,5,40,25,11,91,51
171352,Pont de Molins,30,163,43,26,148,40,56,311,83
251734,"Pont de Suert, el",134,753,227,130,699,269,264,1452,496
081825,"Pont de Vilomara i Rocafort, el",231,1104,199,219,979,260,450,2083,459
431418,Pontils,1,50,20,7,45,15,8,95,35
081688,Pontons,25,194,37,25,136,50,50,330,87
171365,Pontós,12,75,28,8,62,27,20,137,55
251728,Ponts,173,755,245,140,750,302,313,1505,547
171371,Porqueres,317,1343,268,332,1365,294,649,2708,562
431140,Porrera,46,162,56,23,134,67,69,296,123
171404,"Port de la Selva, el",69,303,92,53,298,107,122,601,199
171387,Portbou,56,444,176,64,391,234,120,835,410
251749,"Portella, la",45,285,70,27,216,70,72,501,140
431153,Pradell de la Teixeta,4,74,22,11,58,30,15,132,52
431166,Prades,29,208,75,30,161,88,59,369,163
431172,Prat de Comte,14,48,31,7,57,32,21,105,63
081691,"Prat de Llobregat, el",4671,23449,3588,4244,22411,4785,8915,45860,8373
431188,Pratdip,24,235,86,32,190,88,56,425,174
081712,Prats de Lluçanès,193,892,265,191,813,346,384,1705,611
081705,"Prats de Rei, els",32,185,56,25,165,77,57,350,133
251752,Prats i Sansor,20,92,14,11,63,17,31,155,31
251765,Preixana,15,128,65,18,105,82,33,233,147
251771,Preixens,23,154,76,25,135,96,48,289,172
082303,Premià de Dalt,802,3554,494,783,3453,617,1585,7007,1111
081727,Premià de Mar,2127,10071,1541,2003,9555,2167,4130,19626,3708
171390,"Preses, les",127,548,123,122,557,167,249,1105,290
251790,Prullans,14,77,30,16,67,29,30,144,59
171411,Puigcerdà,726,3122,526,563,2763,670,1289,5885,1196
081748,Puigdàlber,31,132,21,36,128,41,67,260,62
251804,Puiggròs,13,85,31,12,76,37,25,161,68
431191,Puigpelat,82,259,40,62,235,56,144,494,96
081751,Puig-reig,214,1340,472,220,1240,685,434,2580,1157
251811,Puigverd d'Agramunt,12,83,36,12,71,30,24,154,66
251826,Puigverd de Lleida,81,377,116,71,351,145,152,728,261
081764,Pujalt,12,65,24,9,61,23,21,126,47
081770,"Quar, la",3,30,9,2,22,7,5,52,16
171426,Quart,220,965,137,187,927,173,407,1892,310
170433,Queralbs,13,69,31,10,49,26,23,118,57
431205,Querol,17,138,24,16,104,23,33,242,47
171432,Rabós,7,59,17,9,54,21,16,113,38
081786,Rajadell,20,168,51,24,152,40,44,320,91
431212,Rasquera,42,272,114,44,244,126,86,516,240
171447,Regencós,17,114,34,26,81,31,43,195,65
081799,Rellinars,38,205,47,44,184,54,82,389,101
431227,Renau,9,32,4,9,28,9,18,60,13
431233,Reus,7695,34012,6070,7368,32856,8641,15063,66868,14711
251832,Rialp,39,233,40,41,204,55,80,437,95
431248,"Riba, la",43,244,76,27,192,94,70,436,170
431251,Riba-roja d'Ebre,71,460,167,57,397,198,128,857,365
259059,Ribera d'Ondara,20,149,71,23,128,71,43,277,142
251850,Ribera d'Urgellet,43,308,98,46,256,106,89,564,204
171450,Ribes de Freser,103,673,236,95,605,328,198,1278,564
171463,Riells i Viabrea,288,1059,134,238,955,144,526,2014,278
431264,"Riera de Gaià, la",98,434,87,70,392,122,168,826,209
251863,Riner,13,87,38,19,85,31,32,172,69
171479,Ripoll,641,3606,1012,592,3466,1400,1233,7072,2412
081803,Ripollet,2666,12509,1768,2550,11810,2302,5216,24319,4070
259139,Riu de Cerdanya,3,41,7,4,34,10,7,75,17
171485,Riudarenes,105,566,143,110,506,151,215,1072,294
171498,Riudaura,24,149,34,15,139,45,39,288,79
431270,Riudecanyes,55,259,76,45,226,103,100,485,179
431286,Riudecols,73,384,98,65,331,113,138,715,211
171501,Riudellots de la Selva,147,605,134,111,568,170,258,1173,304
431299,Riudoms,466,1947,428,390,1820,522,856,3767,950
171518,Riumors,6,48,27,6,45,31,12,93,58
081810,"Roca del Vallès, la",727,3202,463,689,3069,535,1416,6271,998
431303,Rocafort de Queralt,14,88,36,7,61,56,21,149,92
431310,Roda de Berà,281,1703,283,260,1451,303,541,3154,586
081831,Roda de Ter,425,1785,399,409,1724,623,834,3509,1022
431325,Rodonyà,34,151,50,36,116,68,70,267,118
431331,Roquetes,550,2506,565,454,2239,703,1004,4745,1268
171523,Roses,1260,5222,894,1202,4998,1111,2462,10220,2005
251898,Rosselló,160,725,156,160,685,200,320,1410,356
431346,"Rourell, el",19,105,30,21,85,49,40,190,79
081846,Rubí,5398,24748,3353,5030,23369,4527,10428,48117,7880
081859,Rubió,14,43,19,11,34,13,25,77,32
171539,Rupià,9,70,25,8,54,30,17,124,55
089019,Rupit i Pruit,12,129,32,15,110,46,27,239,78
081878,Sabadell,14259,66667,13495,13554,65977,19386,27813,132644,32881
081884,Sagàs,13,42,16,8,44,17,21,86,33
251902,Salàs de Pallars,8,110,51,5,89,69,13,199,120
081901,Saldes,26,133,31,12,105,31,38,238,62
171544,Sales de Llierca,8,42,6,15,33,4,23,75,10
081918,Sallent,396,2319,724,430,2205,1029,826,4524,1753
431359,Salomó,13,112,54,17,89,66,30,201,120
439057,Salou,1412,7347,769,1308,6482,920,2720,13829,1689
171557,Salt,2215,9904,1440,1950,8395,2008,4165,18299,3448
251919,Sanaüja,32,149,62,32,121,80,64,270,142
081944,Sant Adrià de Besòs,2657,11420,2190,2485,11149,3020,5142,22569,5210
081957,Sant Agustí de Lluçanès,9,34,11,6,32,11,15,66,22
081960,Sant Andreu de la Barca,2080,9134,935,1842,8516,1168,3922,17650,2103
081976,Sant Andreu de Llavaneres,792,3119,478,771,2964,583,1563,6083,1061
171576,Sant Andreu Salou,16,39,16,12,45,24,28,84,40
171833,Sant Aniol de Finestres,17,114,26,23,84,27,40,198,53
081982,Sant Antoni de Vilamajor,367,1595,280,373,1509,313,740,3104,593
081995,Sant Bartomeu del Grau,97,399,72,98,324,94,195,723,166
082009,Sant Boi de Llobregat,5888,29446,4762,5698,28486,6356,11586,57932,11118
082016,Sant Boi de Lluçanès,24,197,70,24,167,90,48,364,160
431362,Sant Carles de la Ràpita,854,4354,1097,879,4081,1329,1733,8435,2426
082037,Sant Cebrià de Vallalta,185,967,128,166,780,117,351,1747,245
082021,Sant Celoni,1098,4995,1043,1119,4718,1305,2217,9713,2348
082042,Sant Climent de Llobregat,286,1253,167,275,1174,211,561,2427,378
171582,Sant Climent Sescebes,28,138,63,32,130,62,60,268,125
082055,Sant Cugat del Vallès,6657,22578,2828,6084,23114,3800,12741,45692,6628
082068,Sant Cugat Sesgarrigues,67,303,74,67,248,84,134,551,158
251961,Sant Esteve de la Sarga,3,48,21,0,28,14,3,76,35
082074,Sant Esteve de Palautordera,154,623,97,194,606,124,348,1229,221
082080,Sant Esteve Sesrovires,521,2266,296,501,2041,353,1022,4307,649
171595,Sant Feliu de Buixalleu,60,266,79,43,225,79,103,491,158
082107,Sant Feliu de Codines,394,1840,356,365,1587,485,759,3427,841
171609,Sant Feliu de Guíxols,1489,6776,1474,1475,6551,1928,2964,13327,3402
082114,Sant Feliu de Llobregat,3108,15380,2186,3064,15132,3084,6172,30512,5270
171616,Sant Feliu de Pallerols,70,403,122,78,361,168,148,764,290
082129,Sant Feliu Sasserra,35,228,63,42,204,81,77,432,144
171621,Sant Ferriol,19,64,24,10,64,17,29,128,41
082093,Sant Fost de Campsentelles,547,2652,390,490,2472,488,1037,5124,878
082135,Sant Fruitós de Bages,536,2454,402,530,2288,486,1066,4742,888
171637,Sant Gregori,213,985,192,197,908,210,410,1893,402
251924,Sant Guim de Freixenet,60,370,110,52,337,142,112,707,252
251977,Sant Guim de la Plana,11,58,26,11,51,28,22,109,54
171642,Sant Hilari Sacalm,354,2071,430,342,1704,565,696,3775,995
082153,Sant Hipòlit de Voltregà,253,1024,291,219,957,406,472,1981,697
081939,Sant Iscle de Vallalta,88,373,71,85,320,79,173,693,150
439023,Sant Jaume d'Enveja,223,1113,337,196,1040,383,419,2153,720
082166,Sant Jaume de Frontanyà,0,12,2,0,12,1,0,24,3
171655,Sant Jaume de Llierca,47,249,102,58,202,120,105,451,222
431378,Sant Jaume dels Domenys,129,623,152,99,528,194,228,1151,346
171674,Sant Joan de les Abadesses,189,1230,375,184,1080,539,373,2310,914
171680,Sant Joan de Mollet,37,123,51,32,144,50,69,267,101
082188,Sant Joan de Vilatorrada,739,3544,660,669,3410,832,1408,6954,1492
082172,Sant Joan Despí,2449,10977,1491,2370,10964,1991,4819,21941,3482
171851,Sant Joan les Fonts,132,940,256,120,867,345,252,1807,601
171668,Sant Jordi Desvalls,30,230,66,41,188,92,71,418,158
089030,Sant Julià de Cerdanyola,19,88,34,16,73,30,35,161,64
171693,Sant Julià de Ramis,190,838,163,191,774,184,381,1612,347
082205,Sant Julià de Vilatorta,234,898,148,228,892,222,462,1790,370
179032,Sant Julià del Llor i Bonmatí,69,358,80,62,301,121,131,659,201
082212,Sant Just Desvern,1200,5030,889,1192,5381,1218,2392,10411,2107
082227,Sant Llorenç d'Hortons,151,665,153,162,627,181,313,1292,334
171714,Sant Llorenç de la Muga,8,62,22,9,59,32,17,121,54
251930,Sant Llorenç de Morunys,41,325,116,48,277,129,89,602,245
082233,Sant Llorenç Savall,153,738,221,158,675,265,311,1413,486
082251,Sant Martí d'Albars,6,44,13,7,34,18,13,78,31
082248,Sant Martí de Centelles,76,299,61,75,264,76,151,563,137
171729,Sant Martí de Llémena,39,180,48,50,151,41,89,331,89
259025,Sant Martí de Riucorb,26,240,100,21,197,113,47,437,213
082264,Sant Martí de Tous,88,346,101,78,312,128,166,658,229
082270,Sant Martí Sarroca,181,895,259,188,835,292,369,1730,551
082286,Sant Martí Sesgueioles,27,110,38,25,95,46,52,205,84
171735,Sant Martí Vell,20,64,19,8,50,24,28,114,43
082299,Sant Mateu de Bages,32,204,91,24,192,121,56,396,212
171740,Sant Miquel de Campmajor,12,80,18,12,56,21,24,136,39
171753,Sant Miquel de Fluvià,56,233,51,47,198,69,103,431,120
171766,Sant Mori,6,59,14,5,54,22,11,113,36
171772,Sant Pau de Segúries,38,208,82,35,198,95,73,406,177
082310,Sant Pere de Ribes,2222,9318,1215,2209,8803,1513,4431,18121,2728
082325,Sant Pere de Riudebitlles,137,726,186,144,692,227,281,1418,413
082331,Sant Pere de Torelló,144,791,191,122,748,248,266,1539,439
082346,Sant Pere de Vilamajor,306,1162,219,298,1081,204,604,2243,423
171788,Sant Pere Pescador,129,621,132,88,490,158,217,1111,290
081897,Sant Pere Sallavinera,9,47,23,8,42,27,17,89,50
082359,Sant Pol de Mar,353,1646,284,318,1539,324,671,3185,608
082362,Sant Quintí de Mediona,149,728,163,118,591,221,267,1319,384
082378,Sant Quirze de Besora,117,631,228,102,605,302,219,1236,530
082384,Sant Quirze del Vallès,1495,5746,563,1473,5620,832,2968,11366,1395
082397,Sant Quirze Safaja,46,211,25,45,176,26,91,387,51
251945,Sant Ramon,32,178,80,20,170,80,52,348,160
082401,Sant Sadurní d'Anoia,914,3816,775,896,3634,999,1810,7450,1774
082418,Sant Sadurní d'Osormort,7,31,10,6,30,7,13,61,17
080983,Sant Salvador de Guardiola,199,990,173,208,874,178,407,1864,351
082628,Sant Vicenç de Castellet,467,2561,613,460,2444,987,927,5005,1600
082649,Sant Vicenç de Montalt,460,1623,226,432,1542,266,892,3165,492
082652,Sant Vicenç de Torelló,167,588,155,142,573,252,309,1161,407
082634,Sant Vicenç dels Horts,2255,9690,1428,2164,9127,1813,4419,18817,3241
431384,Santa Bàrbara,245,1225,384,231,1069,463,476,2294,847
082439,Santa Cecília de Voltregà,13,77,20,16,62,15,29,139,35
082444,Santa Coloma de Cervelló,636,2390,298,610,2315,403,1246,4705,701
171805,Santa Coloma de Farners,806,3627,710,768,3217,908,1574,6844,1618
082457,Santa Coloma de Gramenet,7507,43313,7702,6986,41047,9948,14493,84360,17650
431397,Santa Coloma de Queralt,222,990,262,216,890,354,438,1880,616
171812,Santa Cristina d'Aro,328,1357,264,298,1215,273,626,2572,537
082460,Santa Eugènia de Berga,153,763,132,142,667,159,295,1430,291
082476,Santa Eulàlia de Riuprimer,66,302,75,50,280,91,116,582,166
082482,Santa Eulàlia de Ronçana,407,2004,369,393,1856,439,800,3860,808
082495,Santa Fe del Penedès,29,112,24,36,109,26,65,221,50
171827,Santa Llogaia d'Àlguema,23,113,20,21,92,25,44,205,45
082508,Santa Margarida de Montbui,708,3433,535,683,3212,727,1391,6645,1262
082515,Santa Margarida i els Monjos,460,2259,276,434,1880,392,894,4139,668
082589,Santa Maria d'Oló,53,378,101,55,332,128,108,710,229
082536,Santa Maria de Besora,8,63,19,11,46,28,19,109,47
082567,Santa Maria de Martorelles,55,271,52,66,235,57,121,506,109
082554,Santa Maria de Merlès,11,50,19,10,49,14,21,99,33
082573,Santa Maria de Miralles,5,41,10,8,34,17,13,75,27
082592,Santa Maria de Palautordera,642,2761,476,580,2463,577,1222,5224,1053
431401,Santa Oliva,215,936,193,206,827,221,421,1763,414
171848,Santa Pau,76,539,157,97,491,156,173,1030,313
082606,Santa Perpètua de Mogoda,1621,7914,1012,1508,7562,1227,3129,15476,2239
082613,Santa Susanna,256,952,160,223,909,181,479,1861,341
081923,Santpedor,448,2073,386,430,1995,496,878,4068,882
431423,Sarral,108,529,146,77,446,186,185,975,332
171864,Sarrià de Ter,272,1385,299,255,1323,396,527,2708,695
252017,Sarroca de Bellera,5,49,27,4,34,28,9,83,55
252000,Sarroca de Lleida,17,147,53,16,130,74,33,277,127
171870,"Saus, Camallera i Llampaies",36,251,61,47,226,92,83,477,153
431439,Savallà del Comtat,1,22,12,10,15,12,11,37,24
431444,"Secuita, la",83,429,85,75,381,112,158,810,197
171886,"Selva de Mar, la",10,72,24,12,66,23,22,138,47
431457,"Selva del Camp, la",447,1539,354,396,1472,420,843,3011,774
431460,Senan,2,16,5,3,5,2,5,21,7
430445,"Sénia, la",386,2128,485,387,1822,527,773,3950,1012
252022,Senterada,3,31,11,3,33,12,6,64,23
250352,"Sentiu de Sió, la",18,144,65,15,151,73,33,295,138
082671,Sentmenat,526,2419,372,520,2309,482,1046,4728,854
171903,Serinyà,70,341,91,74,298,88,144,639,179
252043,Seròs,106,670,235,79,495,242,185,1165,477
171910,Serra de Daró,14,55,28,8,42,31,22,97,59
171925,Setcases,8,67,20,13,57,20,21,124,40
252038,"Seu d'Urgell, la",888,4029,934,823,4026,1221,1711,8055,2155
082690,Seva,233,1020,204,217,931,241,450,1951,445
252056,Sidamon,45,229,55,41,209,63,86,438,118
171931,Sils,298,1297,261,317,1212,308,615,2509,569
082704,Sitges,1690,8323,1388,1649,8214,1908,3339,16537,3296
170524,Siurana,11,58,23,6,57,25,17,115,48
082711,Sobremunt,4,28,8,15,25,7,19,53,15
252069,"Soleràs, el",13,147,60,16,101,70,29,248,130
431476,Solivella,22,183,83,28,165,107,50,348,190
252075,Solsona,629,2827,661,590,2577,843,1219,5404,1504
082726,Sora,12,70,23,24,58,18,36,128,41
252081,Soriguera,15,125,38,21,80,48,36,205,86
252094,Sort,131,709,173,132,624,234,263,1333,407
252108,Soses,113,574,143,82,477,176,195,1051,319
082732,Subirats,208,895,260,215,827,331,423,1722,591
252115,Sudanell,40,299,79,29,228,99,69,527,178
252120,Sunyer,17,94,35,13,86,42,30,180,77
082747,Súria,418,1997,629,405,1888,856,823,3885,1485
171946,Susqueda,4,43,15,4,34,11,8,77,26
082763,Tagamanent,13,98,17,24,75,20,37,173,37
082779,Talamanca,6,41,12,4,43,8,10,84,20
252154,Talarn,17,113,39,18,101,50,35,214,89
252167,Talavera,12,102,39,5,84,44,17,186,83
171959,"Tallada d'Empordà, la",17,116,50,15,98,42,32,214,92
082785,Taradell,463,1944,413,396,1800,503,859,3744,916
431482,Tarragona,9380,43203,7975,8853,43010,11163,18233,86213,19138
252173,Tàrrega,1093,4908,1007,1064,4538,1389,2157,9446,2396
252189,Tarrés,3,41,15,6,36,20,9,77,35
252192,Tarroja de Segarra,6,51,25,9,41,32,15,92,57
082750,Tavèrnoles,17,107,24,20,98,19,37,205,43
082802,Tavertet,9,54,18,5,45,18,14,99,36
082819,Teià,488,2088,305,480,2027,363,968,4115,668
252206,Térmens,96,503,156,79,454,179,175,957,335
171962,Terrades,6,47,28,4,50,32,10,97,60
082798,Terrassa,14762,67101,12002,13733,64200,17414,28495,131301,29416
082824,Tiana,572,2444,330,607,2393,443,1179,4837,773
252213,Tírvia,7,43,16,6,42,17,13,85,33
252228,Tiurana,3,13,7,0,10,4,3,23,11
431495,Tivenys,46,275,121,33,264,147,79,539,268
431508,Tivissa,103,584,219,109,523,256,212,1107,475
082830,Tona,559,2388,466,484,2236,592,1043,4624,1058
252234,Torà,79,420,136,76,367,153,155,787,289
082845,Tordera,891,4187,892,801,3934,1014,1692,8121,1906
082858,Torelló,862,4491,961,882,4272,1300,1744,8763,2261
252249,"Torms, els",10,63,31,7,42,31,17,105,62
252252,Tornabous,42,275,116,32,240,119,74,515,235
252271,"Torre de Cabdella, la",20,230,96,17,210,125,37,440,221
082861,"Torre de Claramunt, la",241,1112,153,241,1010,179,482,2122,332
431515,"Torre de Fontaubella, la",3,43,16,5,38,25,8,81,41
431520,"Torre de l'Espanyol, la",31,272,85,33,200,110,64,472,195
252265,Torrebesses,19,87,46,12,77,57,31,164,103
431536,Torredembarra,975,4479,812,934,4193,1085,1909,8672,1897
252287,Torrefarrera,166,841,158,127,699,212,293,1540,370
259078,Torrefeta i Florejacs,34,194,88,39,174,106,73,368,194
252304,Torregrossa,134,755,263,141,659,333,275,1414,596
252311,Torrelameu,30,221,70,14,167,81,44,388,151
082877,Torrelavit,70,419,120,57,344,138,127,763,258
082883,Torrelles de Foix,148,694,199,133,593,177,281,1287,376
082896,Torrelles de Llobregat,403,1578,201,383,1523,236,786,3101,437
171978,Torrent,10,61,22,5,59,16,15,120,38
252326,Torres de Segre,134,664,200,126,587,224,260,1251,424
252332,Torre-serona,17,128,31,14,112,37,31,240,68
171984,Torroella de Fluvià,21,169,49,22,105,52,43,274,101
171997,Torroella de Montgrí,777,3501,675,765,3148,848,1542,6649,1523
431541,Torroja del Priorat,2,68,19,5,37,18,7,105,37
172001,Tortellà,37,237,90,43,197,124,80,434,214
431554,Tortosa,2216,11178,2622,2041,10218,3704,4257,21396,6326
172018,Toses,17,59,22,6,41,16,23,100,38
172023,Tossa de Mar,348,1838,345,332,1721,417,680,3559,762
252347,Tremp,367,1751,635,345,1643,829,712,3394,1464
172044,Ullà,75,354,65,65,282,76,140,636,141
082900,Ullastrell,122,505,89,114,472,103,236,977,192
172057,Ullastret,11,74,24,18,73,21,29,147,45
431567,Ulldecona,429,2143,551,360,1868,705,789,4011,1256
431573,Ulldemolins,18,152,84,17,132,81,35,284,165
172039,Ultramort,16,69,27,1,48,35,17,117,62
172060,Urús,19,68,20,10,66,23,29,134,43
082917,Vacarisses,351,1495,218,293,1346,228,644,2841,446
170144,"Vajol, la",6,40,13,6,28,10,12,68,23
172076,"Vall d'en Bas, la",153,872,289,163,763,351,316,1635,640
172082,"Vall de Bianya, la",95,397,110,96,387,129,191,784,239
250432,"Vall de Boí, la",63,403,83,53,320,85,116,723,168
259010,Vall de Cardós,18,114,52,23,101,46,41,215,98
082922,Vallbona d'Anoia,77,438,90,93,362,130,170,800,220
252385,Vallbona de les Monges,6,87,37,7,67,60,13,154,97
082938,Vallcebre,19,87,40,7,89,39,26,176,79
431589,Vallclara,2,42,21,6,23,20,8,65,41
252402,Vallfogona de Balaguer,75,526,164,94,502,165,169,1028,329
171707,Vallfogona de Ripollès,13,80,25,14,64,28,27,144,53
431592,Vallfogona de Riucorb,2,45,35,5,31,46,7,76,81
082943,Vallgorguina,146,634,105,119,607,102,265,1241,207
082956,Vallirana,993,4218,672,931,4060,804,1924,8278,1476
172095,Vall-llobrega,56,196,22,48,245,30,104,441,52
431606,Vallmoll,110,504,108,79,474,103,189,978,211
082969,Vallromanes,204,647,77,175,607,97,379,1254,174
431613,Valls,1701,7809,1573,1617,7333,2204,3318,15142,3777
259062,"Valls d'Aguilar, les",17,115,45,13,88,43,30,203,88
252398,"Valls de Valira, les",43,264,102,36,251,84,79,515,186
431628,Vandellòs i l'Hospitalet de l'Infant,352,1755,350,318,1632,432,670,3387,782
259097,"Vansa i Fórnols, la",10,63,28,7,54,30,17,117,58
082975,Veciana,15,46,28,10,50,20,25,96,48
431634,"Vendrell, el",2300,10190,1651,2342,9632,2032,4642,19822,3683
172109,Ventalló,27,239,78,38,208,79,65,447,157
252424,Verdú,56,322,126,55,312,203,111,634,329
172116,Verges,71,378,119,65,357,165,136,735,284
431649,Vespella de Gaià,11,106,23,11,70,20,22,176,43
082981,Vic,2901,13136,2406,2582,11785,3761,5483,24921,6167
172121,Vidrà,13,51,17,10,57,14,23,108,31
172137,Vidreres,475,2138,404,403,1863,479,878,4001,883
252430,Vielha e Mijaran,401,1911,213,354,1694,265,755,3605,478
431652,Vilabella,43,263,89,45,246,96,88,509,185
172142,Vilabertran,59,268,93,53,253,96,112,521,189
172155,Vilablareix,197,796,87,166,791,109,363,1587,196
082994,Vilada,21,175,62,19,148,89,40,323,151
172174,Viladamat,23,140,44,19,121,57,42,261,101
172168,Viladasens,11,58,20,12,41,30,23,99,50
083015,Viladecans,4878,22503,2901,4617,21474,3660,9495,43977,6561
083008,Viladecavalls,693,2466,281,670,2377,351,1363,4843,632
172180,Vilademuls,49,255,94,39,239,93,88,494,187
172207,Viladrau,54,361,84,75,289,96,129,650,180
172214,Vilafant,391,1687,246,405,1649,279,796,3336,525
083054,Vilafranca del Penedès,2590,12356,2148,2520,11699,3096,5110,24055,5244
252445,Vilagrassa,25,155,51,26,127,65,51,282,116
172235,Vilajuïga,77,358,77,85,344,94,162,702,171
431750,Vilalba dels Arcs,31,242,108,34,191,127,65,433,235
083067,Vilalba Sasserra,36,219,30,42,183,34,78,402,64
252458,Vilaller,36,209,61,21,185,65,57,394,126
172240,Vilallonga de Ter,17,149,63,12,126,58,29,275,121
431665,Vilallonga del Camp,92,472,111,92,461,131,184,933,242
172253,Vilamacolum,19,107,26,21,85,36,40,192,62
172266,Vilamalla,76,340,47,59,301,55,135,641,102
172272,Vilamaniscle,16,54,19,16,37,18,32,91,37
252477,Vilamòs,14,65,12,17,47,11,31,112,23
172288,Vilanant,10,121,33,20,106,37,30,227,70
431671,Vilanova d'Escornalbou,22,181,37,32,156,41,54,337,78
252483,Vilanova de Bellpuig,63,331,155,40,347,180,103,678,335
252496,Vilanova de l'Aguda,8,68,48,20,64,40,28,132,88
252542,Vilanova de la Barca,55,308,109,55,284,128,110,592,237
252509,Vilanova de Meià,15,154,57,16,123,68,31,277,125
431687,Vilanova de Prades,5,55,23,8,41,25,13,96,48
083036,Vilanova de Sau,16,110,31,26,122,34,42,232,65
252516,Vilanova de Segrià,37,289,62,41,252,84,78,541,146
083020,Vilanova del Camí,970,4109,555,894,3889,704,1864,7998,1259
089024,Vilanova del Vallès,298,1023,175,226,1014,196,524,2037,371
083073,Vilanova i la Geltrú,4388,20883,4057,4300,20314,5467,8688,41197,9524
431690,Vilaplana,28,185,68,34,152,83,62,337,151
431704,Vila-rodona,49,404,132,51,312,122,100,716,254
172305,Vila-sacra,28,187,29,22,169,48,50,356,77
252521,Vila-sana,28,174,65,39,157,84,67,331,149
431711,Vila-seca,1176,5592,783,1123,5354,970,2299,10946,1753
082140,Vilassar de Dalt,516,2878,555,480,2759,714,996,5637,1269
082191,Vilassar de Mar,1613,6442,1014,1442,6559,1488,3055,13001,2502
172229,Vilaür,6,50,11,13,45,11,19,95,22
431726,Vilaverd,27,138,46,19,114,72,46,252,118
431732,"Vilella Alta, la",7,47,18,9,35,21,16,82,39
431747,"Vilella Baixa, la",10,69,24,8,49,31,18,118,55
172333,Vilobí d'Onyar,203,962,194,152,780,213,355,1742,407
083041,Vilobí del Penedès,66,338,96,64,317,89,130,655,185
172327,Vilopriu,11,54,22,10,50,28,21,104,50
252537,"Vilosell, el",6,82,32,10,75,37,16,157,69
431763,Vimbodí i Poblet,56,362,150,41,271,159,97,633,309
252555,Vinaixa,25,202,65,25,176,93,50,378,158
431779,Vinebre,18,168,49,11,144,69,29,312,118
431785,Vinyols i els Arcs,101,531,121,91,455,119,192,986,240
083089,Viver i Serrateix,10,71,20,10,60,24,20,131,44
430521,Xerta,81,397,154,65,365,182,146,762,336
,Catalunya,489160,2395846,481323,461322,2314498,671170,950482,4710344,1152493

