Codi,Literal,Homes. De 0 a 14 anys,Homes. De 15 a 64 anys,Homes. 65 anys o més,Dones. De 0 a 14 anys,Dones. De 15 a 64 anys,Dones. 65 anys o més,Total. De 0 a 14 anys,Total. De 15 a 64 anys,Total. 65 anys o més
250019,Abella de la Conca,17,62,22,12,55,20,29,117,42
080018,Abrera,687,3492,383,679,3161,421,1366,6653,804
250024,Àger,22,153,104,16,123,89,38,276,193
250030,Agramunt,376,1801,456,330,1513,595,706,3314,1051
080023,Aguilar de Segarra,12,66,34,15,56,32,27,122,66
170010,Agullana,27,224,92,34,185,110,61,409,202
080142,Aiguafreda,136,756,178,142,719,244,278,1475,422
430017,Aiguamúrcia,28,244,79,35,209,76,63,453,155
170025,Aiguaviva,47,206,38,47,188,45,94,394,83
250387,Aitona,122,756,233,108,669,305,230,1425,538
250045,"Alamús, els",38,236,72,39,210,98,77,446,170
250058,Alàs i Cerc,20,146,48,19,113,59,39,259,107
250061,"Albagés, l'",37,163,66,24,128,84,61,291,150
170031,Albanyà,6,39,14,5,31,15,11,70,29
250077,Albatàrrec,86,441,111,83,388,127,169,829,238
250083,Albesa,99,485,171,83,468,209,182,953,380
250096,"Albi, l'",40,282,95,40,239,110,80,521,205
430022,Albinyana,102,635,147,100,554,157,202,1189,304
430038,"Albiol, l'",20,83,15,20,65,11,40,148,26
170046,Albons,42,213,52,24,181,76,66,394,128
430043,Alcanar,540,2926,785,521,2673,945,1061,5599,1730
250100,Alcanó,9,79,43,17,65,43,26,144,86
250117,Alcarràs,334,1647,437,345,1580,495,679,3227,932
250122,Alcoletge,127,706,152,120,597,160,247,1303,312
430056,Alcover,308,1426,314,304,1311,379,612,2737,693
439044,"Aldea, l'",232,1219,368,204,1080,421,436,2299,789
430069,Aldover,31,241,104,32,249,128,63,490,232
430075,"Aleixar, l'",50,250,81,49,212,98,99,462,179
080039,Alella,706,3227,446,647,3179,591,1353,6406,1037
430081,Alfara de Carles,11,122,54,14,91,63,25,213,117
250138,Alfarràs,187,971,308,184,954,370,371,1925,678
250143,Alfés,18,117,41,14,90,51,32,207,92
430094,Alforja,75,433,164,71,382,178,146,815,342
250156,Algerri,17,156,81,18,152,86,35,308,167
250169,Alguaire,172,984,285,175,894,334,347,1878,619
250175,Alins,10,85,40,12,73,52,22,158,92
430108,Alió,11,131,50,26,108,56,37,239,106
250194,Almacelles,348,2076,524,389,1766,650,737,3842,1174
250208,Almatret,17,144,80,16,110,101,33,254,181
250215,Almenar,223,1194,368,198,1065,440,421,2259,808
430115,Almoster,91,335,60,83,296,62,174,631,122
250220,Alòs de Balaguer,4,67,32,4,40,27,8,107,59
170062,Alp,84,516,73,80,430,89,164,946,162
080044,Alpens,25,92,33,18,76,33,43,168,66
250236,Alpicat,376,1593,265,396,1497,354,772,3090,619
250241,Alt Àneu,30,177,50,24,115,46,54,292,96
430120,Altafulla,292,1346,181,270,1254,220,562,2600,401
170078,Amer,126,729,225,126,700,290,252,1429,515
430136,"Ametlla de Mar, l'",310,1841,500,337,1710,513,647,3551,1013
080057,"Ametlla del Vallès, l'",632,2195,305,554,2215,427,1186,4410,732
439060,"Ampolla, l'",122,632,241,101,649,243,223,1281,484
430141,Amposta,1227,6065,1390,1170,5750,1770,2397,11815,3160
170084,Anglès,335,1767,470,316,1552,580,651,3319,1050
250273,Anglesola,58,424,171,73,390,168,131,814,339
250292,Arbeca,153,800,291,129,707,356,282,1507,647
430167,"Arboç, l'",291,1444,283,244,1257,354,535,2701,637
430154,Arbolí,4,53,9,0,39,20,4,92,29
170097,Arbúcies,438,1903,446,386,1678,565,824,3581,1011
080060,Arenys de Mar,999,4397,966,893,4411,1441,1892,8808,2407
080076,Arenys de Munt,572,2404,439,520,2314,578,1092,4718,1017
170101,Argelaguer,42,120,51,29,109,53,71,229,104
080082,Argençola,10,68,24,12,58,23,22,126,47
430173,"Argentera, l'",8,65,13,6,43,16,14,108,29
080095,Argentona,832,3567,615,748,3481,813,1580,7048,1428
170118,"Armentera, l'",40,250,83,32,233,117,72,483,200
430189,Arnes,18,145,92,21,126,96,39,271,188
250313,Arres,4,22,5,2,17,9,6,39,14
250328,Arsèguel,6,37,14,2,31,13,8,68,27
080109,Artés,358,1536,373,305,1483,497,663,3019,870
250334,Artesa de Lleida,92,454,142,83,379,173,175,833,315
250349,Artesa de Segre,217,1079,401,179,980,427,396,2059,828
430192,Ascó,109,552,178,94,515,209,203,1067,387
250365,Aspa,12,74,49,15,77,45,27,151,94
250371,"Avellanes i Santa Linya, les",18,163,81,13,118,89,31,281,170
080116,Avià,114,643,217,124,578,245,238,1221,462
080121,Avinyó,162,672,189,140,627,256,302,1299,445
170123,Avinyonet de Puigventós,66,304,47,56,273,59,122,577,106
080137,Avinyonet del Penedès,80,487,127,84,372,154,164,859,281
080155,Badalona,14968,76828,12613,14081,73859,18021,29049,150687,30634
089045,Badia del Vallès,1083,5459,775,997,5295,991,2080,10754,1766
080168,Bagà,114,689,224,149,658,299,263,1347,523
250390,Baix Pallars,11,125,63,11,88,52,22,213,115
250404,Balaguer,1009,4579,1166,982,4436,1546,1991,9015,2712
080174,Balenyà,249,1150,204,258,1075,272,507,2225,476
080180,Balsareny,212,1082,308,188,1043,405,400,2125,713
430206,Banyeres del Penedès,128,740,111,99,621,131,227,1361,242
170157,Banyoles,1367,5239,1218,1296,4998,1678,2663,10237,2896
250411,Barbens,42,277,96,36,228,122,78,505,218
430213,Barberà de la Conca,22,146,46,24,119,77,46,265,123
082520,Barberà del Vallès,2185,10161,1188,2015,9780,1573,4200,19941,2761
080193,Barcelona,90520,498267,128867,85979,518740,204817,176499,1017007,333684
250426,"Baronia de Rialb, la",21,89,36,14,72,44,35,161,80
170160,Bàscara,54,306,83,28,274,100,82,580,183
250447,Bassella,20,85,49,18,82,52,38,167,101
430228,Batea,105,649,285,97,604,291,202,1253,576
250450,Bausen,1,16,14,1,8,15,2,24,29
080207,Begues,513,1666,202,509,1628,257,1022,3294,459
170139,Begur,275,1305,260,284,1211,291,559,2516,551
250463,Belianes,38,165,86,33,159,109,71,324,195
251706,Bellaguarda,18,99,61,22,92,66,40,191,127
170182,Bellcaire d'Empordà,40,219,55,39,168,74,79,387,129
250479,Bellcaire d'Urgell,49,379,171,69,370,219,118,749,390
250485,Bell-lloc d'Urgell,118,713,221,137,667,266,255,1380,487
250498,Bellmunt d'Urgell,11,67,35,19,70,33,30,137,68
430234,Bellmunt del Priorat,12,92,49,11,81,66,23,173,115
080214,Bellprat,6,35,13,3,25,12,9,60,25
250501,Bellpuig,297,1464,366,268,1315,490,565,2779,856
430249,Bellvei,103,533,119,117,440,119,220,973,238
250518,Bellver de Cerdanya,89,625,173,82,509,195,171,1134,368
250523,Bellvís,122,688,281,122,593,368,244,1281,649
250539,Benavent de Segrià,75,376,77,81,318,76,156,694,153
430252,Benifallet,49,253,131,48,236,146,97,489,277
430265,Benissanet,66,363,135,51,317,145,117,680,280
080229,Berga,924,4946,1430,842,4805,2048,1766,9751,3478
170195,Besalú,113,683,225,118,650,284,231,1333,509
170209,Bescanó,267,1167,281,256,1117,331,523,2284,612
170216,Beuda,9,53,17,10,43,7,19,96,24
080235,Bigues i Riells del Fai,576,2301,286,441,2100,328,1017,4401,614
250557,Biosca,14,79,32,15,64,41,29,143,73
170221,"Bisbal d'Empordà, la",592,2832,690,595,2671,908,1187,5503,1598
430271,"Bisbal de Falset, la",16,75,40,15,72,32,31,147,72
430287,"Bisbal del Penedès, la",171,821,185,133,682,217,304,1503,402
172348,Biure,9,81,22,18,67,30,27,148,52
430290,Blancafort,27,129,60,24,95,72,51,224,132
170237,Blanes,2622,11887,2086,2407,11279,2645,5029,23166,4731
170293,Boadella i les Escaules,15,70,25,11,74,31,26,144,56
170242,Bolvir,12,105,22,12,98,28,24,203,50
430304,Bonastre,21,141,43,32,102,48,53,243,91
250576,"Bòrdes, Es",14,80,21,7,84,16,21,164,37
170255,Bordils,110,462,113,101,461,146,211,923,259
250582,"Borges Blanques, les",355,1801,503,310,1644,700,665,3445,1203
430311,"Borges del Camp, les",103,578,152,108,545,180,211,1123,332
170268,Borrassà,29,177,61,22,165,80,51,342,141
080240,Borredà,43,162,49,27,152,64,70,314,113
250595,Bossòst,74,341,83,63,317,88,137,658,171
430326,Bot,28,257,126,33,215,150,61,472,276
430332,Botarell,53,285,48,58,249,56,111,534,104
250560,Bovera,10,114,67,12,104,78,22,218,145
430347,Bràfim,17,195,63,30,183,92,47,378,155
170274,Breda,257,1240,283,244,1108,352,501,2348,635
080253,"Bruc, el",117,477,93,95,400,120,212,877,213
080266,"Brull, el",10,77,18,7,61,20,17,138,38
170280,Brunyola i Sant Martí Sapresa,15,112,58,14,99,66,29,211,124
430350,Cabacés,13,116,51,18,88,56,31,204,107
250609,Cabanabona,5,24,16,5,28,20,10,52,36
170314,Cabanelles,14,87,33,11,59,26,25,146,59
170307,Cabanes,47,280,87,42,256,84,89,536,171
080272,"Cabanyes, les",47,217,43,40,182,56,87,399,99
250616,Cabó,7,37,21,2,30,21,9,67,42
430363,Cabra del Camp,50,234,70,33,206,75,83,440,145
080288,Cabrera d'Anoia,45,259,56,38,204,47,83,463,103
080291,Cabrera de Mar,327,1395,222,320,1356,243,647,2751,465
080305,Cabrils,501,1882,212,514,1886,287,1015,3768,499
170329,Cadaqués,174,867,176,177,849,244,351,1716,420
080312,Calaf,200,1091,273,182,999,335,382,2090,608
430379,Calafell,984,5413,1008,996,5071,1165,1980,10484,2173
080348,Calders,59,271,79,75,241,63,134,512,142
080327,Caldes d'Estrac,147,736,160,142,690,262,289,1426,422
170335,Caldes de Malavella,319,1537,345,291,1423,450,610,2960,795
080333,Caldes de Montbui,899,4744,951,857,4539,1254,1756,9283,2205
080351,Calella,1066,5046,995,983,4930,1510,2049,9976,2505
080370,Calldetenes,179,763,127,160,686,168,339,1449,295
080386,Callús,85,440,145,81,430,185,166,870,330
080364,Calonge de Segarra,13,61,29,10,49,36,23,110,65
170340,Calonge i Sant Antoni,567,2744,573,586,2543,671,1153,5287,1244
250621,Camarasa,30,284,139,34,231,164,64,515,303
439039,Camarles,182,1004,307,194,933,355,376,1937,662
430385,Cambrils,1814,8098,1220,1762,7835,1486,3576,15933,2706
170353,Camós,32,232,67,37,196,75,69,428,142
170366,Campdevànol,192,1137,353,188,1062,480,380,2199,833
170372,Campelles,1,52,15,4,38,18,5,90,33
080399,Campins,22,117,19,31,96,20,53,213,39
170388,Campllong,28,105,33,25,99,27,53,204,60
170391,Camprodon,108,773,260,119,734,318,227,1507,578
250637,Canejan,4,33,18,6,32,16,10,65,34
170405,Canet d'Adri,32,199,43,28,167,58,60,366,101
080403,Canet de Mar,742,3920,809,651,3712,1231,1393,7632,2040
080410,Canovelles,1013,5052,778,957,4617,958,1970,9669,1736
080425,Cànoves i Samalús,164,813,125,148,673,143,312,1486,268
170412,Cantallops,12,79,37,11,77,47,23,156,84
080431,Canyelles,177,909,128,160,756,138,337,1665,266
430398,Capafonts,0,47,19,3,39,16,3,86,35
430402,Capçanes,18,124,51,19,139,62,37,263,113
080446,Capellades,350,1745,380,338,1706,530,688,3451,910
170427,Capmany,35,151,61,33,151,62,68,302,123
080459,Capolat,1,19,12,0,12,10,1,31,22
080462,Cardedeu,1200,4671,698,1071,4581,946,2271,9252,1644
080478,Cardona,296,1773,554,283,1681,812,579,3454,1366
080484,Carme,31,233,79,33,196,98,64,429,177
430419,Caseres,19,85,52,23,87,60,42,172,112
170448,Cassà de la Selva,622,2719,685,584,2520,886,1206,5239,1571
080497,Casserres,76,478,191,83,479,255,159,957,446
080575,Castell de l'Areny,2,26,9,4,15,5,6,41,14
259046,Castell de Mur,5,49,26,9,39,23,14,88,49
250642,Castellar de la Ribera,8,36,21,9,46,24,17,82,45
080522,Castellar de n'Hug,7,70,24,9,57,25,16,127,49
080500,Castellar del Riu,11,50,12,9,34,8,20,84,20
080517,Castellar del Vallès,1653,6669,1028,1508,6448,1338,3161,13117,2366
080538,Castellbell i el Vilar,209,1071,269,172,965,349,381,2036,618
080543,Castellbisbal,946,3444,418,855,3189,492,1801,6633,910
080556,Castellcir,44,163,29,28,124,31,72,287,60
250674,Castelldans,57,313,137,54,257,149,111,570,286
080569,Castelldefels,4050,18306,2112,3840,17896,2778,7890,36202,4890
080581,Castellet i la Gornal,93,535,135,100,487,158,193,1022,293
170464,Castellfollit de la Roca,57,345,110,52,286,151,109,631,261
080608,Castellfollit de Riubregós,18,72,22,10,69,33,28,141,55
080594,Castellfollit del Boix,27,116,43,37,109,53,64,225,96
080615,Castellgalí,75,357,92,59,300,110,134,657,202
080620,Castellnou de Bages,52,254,28,41,223,27,93,477,55
250680,Castellnou de Seana,48,245,89,31,208,102,79,453,191
170470,Castelló d'Empúries,582,2685,643,568,2424,628,1150,5109,1271
250693,Castelló de Farfanya,29,174,83,35,165,96,64,339,179
080636,Castellolí,33,150,36,38,129,48,71,279,84
170486,Castell-Platja d'Aro,538,2910,455,518,2768,502,1056,5678,957
250707,Castellserà,55,347,146,61,334,167,116,681,313
080641,Castellterçol,129,699,199,145,670,264,274,1369,463
430424,Castellvell del Camp,123,500,82,104,485,94,227,985,176
080654,Castellví de la Marca,88,508,148,96,447,179,184,955,327
080667,Castellví de Rosanes,102,441,67,94,413,78,196,854,145
430430,"Catllar, el",206,1017,171,204,930,163,410,1947,334
250714,Cava,0,24,10,4,14,6,4,38,16
171899,"Cellera de Ter, la",162,705,176,125,655,239,287,1360,415
170499,Celrà,255,963,198,251,941,252,506,1904,450
080673,Centelles,410,2036,470,383,1938,702,793,3974,1172
082687,Cercs,95,456,166,68,414,215,163,870,381
082665,Cerdanyola del Vallès,4212,20455,2551,3716,20076,3394,7928,40531,5945
080689,Cervelló,527,2479,313,494,2287,428,1021,4766,741
250729,Cervera,622,2855,649,622,2544,831,1244,5399,1480
250735,Cervià de les Garrigues,40,274,135,38,250,137,78,524,272
170502,Cervià de Ter,47,208,82,38,207,90,85,415,172
170519,Cistella,12,68,32,11,70,29,23,138,61
250740,Ciutadilla,10,62,33,7,56,34,17,118,67
250753,Clariana de Cardener,15,54,8,7,51,13,22,105,21
250766,"Cogul, el",9,71,46,11,60,39,20,131,85
170545,Colera,35,188,65,31,183,73,66,371,138
250772,Coll de Nargó,32,199,84,35,163,86,67,362,170
080692,Collbató,224,986,131,194,832,152,418,1818,283
430458,Colldejou,9,79,19,8,62,19,17,141,38
080706,Collsuspina,21,109,16,12,90,25,33,199,41
170558,Colomers,6,65,30,4,54,40,10,119,70
251636,"Coma i la Pedra, la",13,106,29,8,57,32,21,163,61
251615,Conca de Dalt,15,128,73,21,116,72,36,244,145
430461,Conesa,7,51,16,7,34,21,14,85,37
430477,Constantí,359,2021,353,389,1674,410,748,3695,763
080713,Copons,6,92,37,16,86,50,22,178,87
430483,Corbera d'Ebre,70,336,140,57,285,155,127,621,295
080728,Corbera de Llobregat,956,3780,465,859,3537,597,1815,7317,1062
250788,Corbins,81,376,116,59,332,146,140,708,262
170577,Corçà,57,429,101,66,381,124,123,810,225
080734,Cornellà de Llobregat,5506,29391,5593,5031,28591,7769,10537,57982,13362
170561,Cornellà del Terri,130,656,178,119,616,219,249,1272,397
430496,Cornudella de Montsant,38,292,111,44,243,145,82,535,256
430509,Creixell,162,763,187,148,721,216,310,1484,403
170583,Crespià,10,64,32,11,63,46,21,127,78
179011,"Cruïlles, Monells i Sant Sadurní de l'Heura",62,419,95,85,374,115,147,793,210
080749,Cubelles,601,2839,506,525,2668,594,1126,5507,1100
250791,Cubells,21,102,67,22,98,68,43,200,135
430516,Cunit,459,2569,497,445,2328,530,904,4897,1027
170600,Darnius,23,181,73,17,155,70,40,336,143
170617,Das,11,60,16,7,48,15,18,108,31
439018,Deltebre,724,3634,961,637,3452,1133,1361,7086,2094
080752,Dosrius,275,1243,152,258,1200,165,533,2443,317
430537,Duesaigües,7,77,38,3,50,27,10,127,65
170622,"Escala, l'",363,2315,542,350,2218,610,713,4533,1152
080765,Esparreguera,1624,6864,1010,1456,6416,1338,3080,13280,2348
170638,Espinelves,10,57,26,7,51,31,17,108,57
250812,"Espluga Calba, l'",19,154,58,15,116,67,34,270,125
430542,"Espluga de Francolí, l'",263,1187,372,231,1106,505,494,2293,877
080771,Esplugues de Llobregat,2883,16919,2816,2758,16874,3738,5641,33793,6554
170643,Espolla,16,123,53,27,105,58,43,228,111
170656,Esponellà,24,129,36,22,136,45,46,265,81
250827,Espot,17,123,31,16,98,35,33,221,66
080787,"Espunyola, l'",15,86,39,20,84,31,35,170,70
082541,"Esquirol, l'",145,727,198,152,658,259,297,1385,457
250886,Estamariu,2,47,19,5,37,17,7,84,36
080790,"Estany, l'",17,123,49,20,123,72,37,246,121
250851,Estaràs,10,70,24,14,44,31,24,114,55
250864,Esterri d'Àneu,32,221,76,41,220,87,73,441,163
250870,Esterri de Cardós,2,24,12,5,24,10,7,48,22
430555,Falset,182,894,246,171,762,326,353,1656,572
170059,"Far d'Empordà, el",28,137,41,25,123,43,53,260,84
250899,Farrera,2,41,14,5,25,8,7,66,22
430568,"Fatarella, la",49,381,174,57,341,200,106,722,374
430574,"Febró, la",2,33,6,2,15,5,4,48,11
081347,Figaró-Montmany,58,339,75,64,271,94,122,610,169
080804,Fígols,2,17,11,0,15,7,2,32,18
259084,Fígols i Alinyà,5,83,59,7,70,50,12,153,109
430580,"Figuera, la",6,40,19,10,28,21,16,68,40
170669,Figueres,2868,11762,2479,2710,11755,3600,5578,23517,6079
430593,Figuerola del Camp,19,96,29,23,96,38,42,192,67
170675,Flaçà,46,306,93,50,278,111,96,584,204
430607,Flix,244,1380,427,217,1285,523,461,2665,950
250925,"Floresta, la",13,56,34,11,43,35,24,99,69
080826,Fogars de la Selva,60,292,65,53,254,62,113,546,127
080811,Fogars de Montclús,32,134,32,17,115,35,49,249,67
170681,Foixà,23,93,36,23,95,49,46,188,85
080832,Folgueroles,142,602,119,136,577,148,278,1179,267
250931,Fondarella,50,241,60,42,237,64,92,478,124
080847,Fonollosa,73,385,84,73,347,99,146,732,183
170694,Fontanals de Cerdanya,20,150,34,32,145,47,52,295,81
170708,Fontanilles,5,64,18,3,44,13,8,108,31
170715,Fontcoberta,79,414,80,103,406,94,182,820,174
080850,Font-rubí,92,425,163,91,370,162,183,795,325
250946,Foradada,10,75,34,3,53,26,13,128,60
179026,Forallac,89,610,134,108,560,182,197,1170,316
430614,Forès,0,22,10,0,15,15,0,37,25
170736,Fornells de la Selva,132,558,86,149,567,124,281,1125,210
170741,Fortià,20,183,56,36,164,72,56,347,128
080863,"Franqueses del Vallès, les",1069,5099,676,1080,4758,899,2149,9857,1575
430629,Freginals,16,131,56,24,101,61,40,232,117
250962,"Fuliola, la",72,404,153,82,364,178,154,768,331
250978,Fulleda,8,36,15,5,30,19,13,66,34
080902,Gaià,13,53,13,10,50,11,23,103,24
430635,"Galera, la",40,230,103,31,214,132,71,444,235
080879,Gallifa,20,76,11,17,62,14,37,138,25
430640,Gandesa,170,934,270,161,803,359,331,1737,629
430653,Garcia,19,169,78,19,139,87,38,308,165
430666,"Garidells, els",7,58,17,12,44,20,19,102,37
080885,"Garriga, la",1043,4206,762,1001,4249,1072,2044,8455,1834
170754,Garrigàs,16,116,42,19,75,43,35,191,85
170767,Garrigoles,12,53,17,4,39,25,16,92,42
170773,Garriguella,44,248,83,42,218,90,86,466,173
080898,Gavà,3257,14901,2406,3064,14519,3015,6321,29420,5421
250984,Gavet de la Conca,13,87,55,15,82,64,28,169,119
080919,Gelida,332,1713,336,327,1521,453,659,3234,789
170789,Ger,29,138,42,22,135,35,51,273,77
259123,Gimenells i el Pla de la Font,60,380,128,65,316,140,125,696,268
430672,Ginestar,42,259,124,39,231,152,81,490,276
170792,Girona,6276,26346,4742,6027,27057,7027,12303,53403,11769
080924,Gironella,252,1585,548,232,1496,786,484,3081,1334
080930,Gisclareny,0,15,1,2,10,2,2,25,3
430688,Godall,36,223,120,32,203,127,68,426,247
250997,Golmés,91,495,138,90,465,152,181,960,290
170806,Gombrèn,10,76,22,9,80,35,19,156,57
251001,Gósol,12,89,25,5,68,36,17,157,61
080945,"Granada, la",115,483,110,105,467,149,220,950,259
251018,"Granadella, la",32,252,128,49,195,143,81,447,271
080958,Granera,0,36,9,0,13,8,0,49,17
251023,"Granja d'Escarp, la",62,409,113,59,305,145,121,714,258
080961,Granollers,4125,19517,3215,4009,19180,4588,8134,38697,7803
251039,Granyanella,1,51,21,5,37,22,6,88,43
251057,Granyena de les Garrigues,4,53,25,4,35,35,8,88,60
251044,Granyena de Segarra,3,44,28,2,41,29,5,85,57
430691,Gratallops,17,81,23,11,65,31,28,146,54
080977,Gualba,53,325,63,62,285,69,115,610,132
170813,Gualta,33,128,26,24,89,34,57,217,60
080996,Guardiola de Berguedà,59,311,126,57,264,147,116,575,273
430705,"Guiamets, els",20,101,37,15,85,50,35,186,87
170828,Guils de Cerdanya,18,123,31,20,121,25,38,244,56
251095,Guimerà,9,111,74,14,92,83,23,203,157
259031,"Guingueta d'Àneu, la",25,114,36,15,94,44,40,208,80
251109,Guissona,314,1416,229,315,1166,305,629,2582,534
251116,Guixers,4,67,22,4,36,20,8,103,42
081000,Gurb,167,704,133,169,662,158,336,1366,291
430712,Horta de Sant Joan,80,404,160,46,336,191,126,740,351
081017,"Hospitalet de Llobregat, l'",14194,87172,18278,13345,86141,25193,27539,173313,43471
081629,"Hostalets de Pierola, els",92,551,117,89,468,143,181,1019,260
170834,Hostalric,200,1049,189,188,1006,273,388,2055,462
081022,Igualada,2356,11352,2574,2238,11190,3672,4594,22542,6246
251155,Isona i Conca Dellà,65,398,185,45,315,206,110,713,391
170849,Isòvol,5,82,22,5,52,32,10,134,54
251137,Ivars d'Urgell,92,629,213,95,506,264,187,1135,477
251121,Ivars de Noguera,12,118,39,18,95,47,30,213,86
251142,Ivorra,6,51,18,10,41,33,16,92,51
170852,Jafre,12,100,49,9,85,58,21,185,107
170865,"Jonquera, la",208,1046,152,217,955,212,425,2001,364
081038,Jorba,51,179,62,61,182,82,112,361,144
259101,Josa i Tuixén,8,48,27,4,42,22,12,90,49
170871,Juià,10,86,32,9,88,36,19,174,68
251180,Juncosa,35,228,90,37,140,86,72,368,176
251193,Juneda,173,985,331,162,904,389,335,1889,720
251214,Les,50,237,54,43,214,82,93,451,136
251229,Linyola,132,831,252,173,763,287,305,1594,539
081043,"Llacuna, la",53,315,85,46,240,118,99,555,203
170887,Lladó,36,166,65,29,155,74,65,321,139
251235,Lladorre,10,72,32,7,78,25,17,150,57
251240,Lladurs,15,79,23,14,69,27,29,148,50
081056,"Llagosta, la",862,4694,679,791,4435,889,1653,9129,1568
170890,Llagostera,432,2159,523,447,1880,631,879,4039,1154
170904,Llambilles,38,168,47,26,161,51,64,329,98
170911,Llanars,31,194,54,17,173,60,48,367,114
170926,Llançà,235,1396,419,251,1307,521,486,2703,940
251253,Llardecans,35,187,95,31,167,99,66,354,194
251266,Llavorsí,16,84,41,23,87,35,39,171,76
251207,Lleida,8566,39389,8146,8099,39253,11547,16665,78642,19693
170932,Llers,62,381,86,66,345,112,128,726,198
251272,Lles de Cerdanya,21,99,33,7,73,37,28,172,70
081075,Lliçà d'Amunt,948,4075,560,897,3743,598,1845,7818,1158
081081,Lliçà de Vall,424,2078,273,414,1914,293,838,3992,566
251288,Llimiana,7,44,24,4,41,21,11,85,45
081069,Llinars del Vallès,617,2658,420,582,2518,568,1199,5176,988
170947,Llívia,70,438,92,51,379,103,121,817,195
430727,"Lloar, el",3,40,21,1,35,23,4,75,44
251291,Llobera,14,72,29,7,65,36,21,137,65
430733,Llorac,5,40,15,7,39,20,12,79,35
430748,Llorenç del Penedès,127,552,141,133,560,179,260,1112,320
170950,Lloret de Mar,1944,8842,1172,1792,8184,1490,3736,17026,2662
170963,"Llosses, les",15,96,28,13,85,23,28,181,51
081094,Lluçà,26,91,27,18,79,28,44,170,55
171024,Maçanet de Cabrenys,28,226,98,19,190,118,47,416,216
171030,Maçanet de la Selva,301,1549,298,318,1397,331,619,2946,629
170979,Madremanya,8,62,20,10,78,23,18,140,43
170985,Maià de Montcal,19,113,33,16,104,39,35,217,72
251333,Maials,46,293,143,40,261,174,86,554,317
251305,Maldà,11,77,53,11,74,47,22,151,100
081108,Malgrat de Mar,1095,5337,1062,984,4978,1477,2079,10315,2539
081115,Malla,14,83,23,19,93,26,33,176,49
081120,Manlleu,1512,6422,1314,1327,5836,1818,2839,12258,3132
081136,Manresa,4300,21783,5746,3893,21153,8565,8193,42936,14311
430764,Marçà,31,192,88,31,178,97,62,370,185
430751,Margalef,6,41,20,3,32,26,9,73,46
082423,Marganell,9,78,20,18,66,47,27,144,67
081141,Martorell,1906,8760,1365,1736,7925,1837,3642,16685,3202
081154,Martorelles,383,1782,327,347,1727,415,730,3509,742
430770,Mas de Barberans,32,215,101,34,201,99,66,416,200
171002,Masarac,12,72,35,16,65,39,28,137,74
430786,Masdenverge,58,340,117,69,299,113,127,639,230
081167,"Masies de Roda, les",51,247,62,58,233,66,109,480,128
081173,"Masies de Voltregà, les",220,986,192,217,1013,255,437,1999,447
430799,Masllorenç,25,135,50,24,125,65,49,260,115
081189,"Masnou, el",1628,7449,1214,1530,7550,1849,3158,14999,3063
430803,"Masó, la",11,96,29,15,92,35,26,188,64
430810,Maspujols,35,160,61,39,143,60,74,303,121
081192,Masquefa,474,2122,311,458,1946,389,932,4068,700
430825,"Masroig, el",22,148,83,24,148,93,46,296,176
251312,Massalcoreig,32,191,82,35,172,107,67,363,189
171019,Massanes,32,227,54,27,170,59,59,397,113
251327,Massoteres,10,66,27,9,53,30,19,119,57
081206,Matadepera,782,2601,350,675,2502,494,1457,5103,844
081213,Mataró,8360,39114,6717,7746,37650,9711,16106,76764,16428
081228,Mediona,71,545,168,86,469,168,157,1014,336
251348,Menàrguens,41,272,112,45,227,133,86,499,245
170998,Meranges,0,37,13,0,20,10,0,57,23
171058,Mieres,26,109,36,22,91,49,48,200,85
430831,"Milà, el",5,51,18,11,57,20,16,108,38
251351,Miralcamp,75,413,111,78,403,148,153,816,259
430846,Miravet,47,281,90,37,213,123,84,494,213
081385,Moià,365,1471,338,325,1423,456,690,2894,794
430859,"Molar, el",16,92,47,13,73,54,29,165,101
081234,Molins de Rei,1541,7561,1321,1498,7395,1881,3039,14956,3202
251370,Mollerussa,844,3572,679,781,3398,910,1625,6970,1589
171061,Mollet de Peralada,9,64,27,7,43,40,16,107,67
081249,Mollet del Vallès,3936,18319,2299,3783,17343,3047,7719,35662,5346
171077,Molló,12,104,47,9,98,52,21,202,99
251364,"Molsosa, la",10,38,14,6,40,17,16,78,31
081287,Monistrol de Calders,37,209,58,43,200,70,80,409,128
081271,Monistrol de Montserrat,167,905,251,130,824,301,297,1729,552
171096,Montagut i Oix,39,281,104,56,226,120,95,507,224
430862,Montblanc,456,2128,529,402,2056,672,858,4184,1201
430884,Montbrió del Camp,105,523,156,108,446,200,213,969,356
081252,Montcada i Reixac,2230,10607,1822,2148,10359,2487,4378,20966,4309
081304,Montclar,11,33,16,7,38,13,18,71,29
251399,Montellà i Martinet,36,181,71,22,147,81,58,328,152
081311,Montesquiu,46,303,84,42,247,132,88,550,216
251403,Montferrer i Castellbò,36,284,90,37,229,77,73,513,167
430897,Montferri,7,38,27,5,32,22,12,70,49
251386,Montgai,46,242,115,43,215,134,89,457,249
081265,Montgat,619,3233,468,572,3088,710,1191,6321,1178
081326,Montmajor,29,163,53,18,145,57,47,308,110
081332,Montmaneu,3,65,24,8,51,29,11,116,53
430901,"Montmell, el",59,280,59,41,233,55,100,513,114
081350,Montmeló,675,3242,453,626,3033,638,1301,6275,1091
251425,Montoliu de Lleida,24,148,50,13,147,69,37,295,119
251410,Montoliu de Segarra,8,58,36,4,44,34,12,102,70
251431,Montornès de Segarra,2,22,22,3,32,21,5,54,43
081363,Montornès del Vallès,1031,4998,693,963,4654,832,1994,9652,1525
430918,Mont-ral,8,70,12,6,59,10,14,129,22
171100,Mont-ras,133,635,113,113,576,114,246,1211,227
430923,Mont-roig del Camp,489,2790,561,478,2516,604,967,5306,1165
081379,Montseny,15,109,28,18,94,31,33,203,59
430939,Móra d'Ebre,334,1576,435,341,1563,527,675,3139,962
430944,Móra la Nova,219,1010,253,205,904,331,424,1914,584
430957,"Morell, el",186,832,176,189,773,202,375,1605,378
430960,"Morera de Montsant, la",10,65,19,11,45,18,21,110,37
081290,Muntanyola,31,128,29,33,110,16,64,238,45
081398,Mura,6,83,23,8,58,29,14,141,52
251459,Nalec,3,25,19,3,29,21,6,54,40
250254,Naut Aran,101,581,92,110,516,93,211,1097,185
081402,Navarcles,381,1853,439,350,1782,595,731,3635,1034
081419,Navàs,384,1871,521,353,1769,702,737,3640,1223
171117,Navata,56,241,82,61,229,84,117,470,166
251462,Navès,16,77,42,17,89,37,33,166,79
081424,"Nou de Berguedà, la",12,49,22,14,47,17,26,96,39
430976,"Nou de Gaià, la",23,136,45,20,122,49,43,258,94
430982,Nulles,20,113,41,19,125,61,39,238,102
251484,Odèn,14,94,47,14,72,37,28,166,84
081430,Òdena,217,943,216,196,921,250,413,1864,466
171122,Ogassa,15,108,26,10,68,26,25,176,52
081458,Olèrdola,202,873,177,181,790,205,383,1663,382
081461,Olesa de Bonesvalls,67,435,78,64,360,81,131,795,159
081477,Olesa de Montserrat,1487,6695,1198,1347,6169,1596,2834,12864,2794
251497,Oliana,107,639,205,89,569,261,196,1208,466
251500,Oliola,13,82,23,9,68,25,22,150,48
251517,Olius,56,196,41,44,191,54,100,387,95
081483,Olivella,114,645,76,110,535,72,224,1180,148
081496,Olost,78,365,137,68,354,168,146,719,305
171143,Olot,1993,9455,2693,1858,9021,3870,3851,18476,6563
251522,"Oluges, les",6,60,26,4,52,32,10,112,58
081445,Olvan,42,275,112,35,268,142,77,543,254
251538,"Omellons, els",9,77,42,11,76,36,20,153,78
251543,"Omells de na Gaia, els",9,48,25,7,37,25,16,85,50
171156,Ordis,22,128,28,24,115,26,46,243,54
251556,Organyà,42,324,126,39,280,155,81,604,281
081509,Orís,14,78,26,20,71,27,34,149,53
081516,Oristà,29,197,74,31,196,97,60,393,171
081521,Orpí,9,54,15,5,41,16,14,95,31
081537,Òrrius,22,144,23,14,119,42,36,263,65
251569,Os de Balaguer,38,254,123,47,203,113,85,457,236
171169,Osor,19,172,55,19,128,64,38,300,119
251575,Ossó de Sió,11,76,34,15,73,30,26,149,64
081542,Pacs del Penedès,42,255,43,55,238,47,97,493,90
081555,Palafolls,535,2189,301,540,2066,379,1075,4255,680
171175,Palafrugell,1498,6823,1412,1310,6213,1859,2808,13036,3271
171181,Palamós,1203,5492,1085,1136,5223,1523,2339,10715,2608
251581,"Palau d'Anglesola, el",121,584,156,122,533,209,243,1117,365
171194,Palau de Santa Eulàlia,5,33,8,1,25,7,6,58,15
171215,Palau-sator,8,101,39,12,91,35,20,192,74
171208,Palau-saverdera,49,335,112,53,300,126,102,635,238
081568,Palau-solità i Plegamans,1031,4349,530,964,4090,622,1995,8439,1152
431009,"Pallaresos, els",303,1046,83,261,975,93,564,2021,176
081574,Pallejà,590,3145,410,481,2991,575,1071,6136,985
430995,"Palma d'Ebre, la",20,113,63,22,120,73,42,233,136
089058,"Palma de Cervelló, la",271,1018,133,224,958,190,495,1976,323
171236,Palol de Revardit,24,141,36,28,115,44,52,256,80
171241,Pals,111,714,226,90,665,249,201,1379,475
081580,"Papiol, el",253,1281,228,267,1172,311,520,2453,539
171254,Pardines,9,42,23,6,47,19,15,89,42
081593,Parets del Vallès,1272,5755,754,1232,5315,995,2504,11070,1749
171267,Parlavà,26,120,38,18,110,46,44,230,84
431016,Passanant i Belltall,7,68,40,2,41,40,9,109,80
171289,Pau,24,161,48,27,154,48,51,315,96
431021,Paüls,24,202,91,36,195,82,60,397,173
171292,Pedret i Marzà,13,43,16,7,45,17,20,88,33
251641,Penelles,24,191,71,24,122,91,48,313,162
171306,"Pera, la",23,133,45,28,111,58,51,244,103
081607,Perafita,17,119,43,26,106,55,43,225,98
431037,Perafort,45,244,48,38,231,57,83,475,105
171328,Peralada,84,485,134,94,416,169,178,901,303
251654,Peramola,20,126,62,18,101,58,38,227,120
431042,"Perelló, el",100,739,274,105,626,300,205,1365,574
081614,Piera,873,3627,736,796,3223,939,1669,6850,1675
431055,"Piles, les",15,72,19,14,57,17,29,129,36
081635,Pineda de Mar,1747,7912,1400,1648,7546,1705,3395,15458,3105
431068,"Pinell de Brai, el",52,368,127,54,311,165,106,679,292
251667,Pinell de Solsonès,7,83,26,11,58,27,18,141,53
251673,Pinós,16,102,48,14,83,48,30,185,96
431074,Pira,35,142,41,31,131,55,66,273,96
431080,"Pla de Santa Maria, el",154,584,155,122,521,181,276,1105,336
081640,"Pla del Penedès, el",52,310,92,52,266,131,104,576,223
171334,"Planes d'Hostoles, les",90,571,217,95,518,259,185,1089,476
171349,Planoles,6,103,41,12,80,39,18,183,80
259118,"Plans de Sió, els",31,173,89,16,147,103,47,320,192
251689,"Poal, el",50,213,81,32,165,98,82,378,179
251692,"Pobla de Cérvoles, la",13,69,39,12,53,38,25,122,77
081653,"Pobla de Claramunt, la",126,656,147,116,557,195,242,1213,342
081666,"Pobla de Lillet, la",43,424,179,44,381,249,87,805,428
431093,"Pobla de Mafumet, la",107,432,73,103,396,109,210,828,182
431107,"Pobla de Massaluca, la",15,131,79,9,115,86,24,246,165
431114,"Pobla de Montornès, la",78,667,140,85,509,143,163,1176,283
251713,"Pobla de Segur, la",132,864,381,136,859,494,268,1723,875
431129,Poboleda,13,99,54,7,95,58,20,194,112
081672,Polinyà,473,2048,193,461,1836,235,934,3884,428
431135,"Pont d'Armentera, el",23,170,81,20,160,87,43,330,168
250306,"Pont de Bar, el",9,47,28,6,40,24,15,87,52
171352,Pont de Molins,30,163,44,27,142,40,57,305,84
251734,"Pont de Suert, el",128,722,233,119,696,268,247,1418,501
081825,"Pont de Vilomara i Rocafort, el",213,1012,192,174,919,240,387,1931,432
431418,Pontils,3,46,17,7,49,14,10,95,31
081688,Pontons,18,162,37,27,114,50,45,276,87
171365,Pontós,11,83,29,8,62,26,19,145,55
251728,Ponts,158,802,252,149,742,302,307,1544,554
171371,Porqueres,288,1301,266,318,1296,299,606,2597,565
431140,Porrera,38,162,53,23,123,68,61,285,121
171404,"Port de la Selva, el",58,306,84,48,307,94,106,613,178
171387,Portbou,53,470,202,64,398,256,117,868,458
251749,"Portella, la",29,246,73,26,193,69,55,439,142
431153,Pradell de la Teixeta,1,66,26,9,51,29,10,117,55
431166,Prades,27,193,80,30,163,88,57,356,168
431172,Prat de Comte,11,49,29,6,53,34,17,102,63
081691,"Prat de Llobregat, el",4668,23547,3430,4326,22535,4606,8994,46082,8036
431188,Pratdip,28,201,86,36,178,88,64,379,174
081712,Prats de Lluçanès,196,895,256,196,824,348,392,1719,604
081705,"Prats de Rei, els",34,188,60,23,171,82,57,359,142
251752,Prats i Sansor,24,95,13,13,64,16,37,159,29
251765,Preixana,15,133,68,18,112,91,33,245,159
251771,Preixens,21,153,78,24,146,104,45,299,182
082303,Premià de Dalt,775,3445,481,720,3351,584,1495,6796,1065
081727,Premià de Mar,2084,9874,1478,1932,9445,2076,4016,19319,3554
171390,"Preses, les",110,495,131,106,508,161,216,1003,292
251790,Prullans,14,72,28,11,66,32,25,138,60
171411,Puigcerdà,631,2859,515,524,2574,671,1155,5433,1186
081748,Puigdàlber,25,114,21,32,114,42,57,228,63
251804,Puiggròs,12,91,34,14,75,42,26,166,76
431191,Puigpelat,43,197,40,41,173,58,84,370,98
081751,Puig-reig,218,1355,492,224,1278,702,442,2633,1194
251811,Puigverd d'Agramunt,13,89,35,13,69,34,26,158,69
251826,Puigverd de Lleida,64,357,114,70,334,150,134,691,264
081764,Pujalt,9,63,23,11,55,25,20,118,48
081770,"Quar, la",4,32,8,4,22,8,8,54,16
171426,Quart,225,939,128,181,904,168,406,1843,296
170433,Queralbs,12,67,29,12,50,26,24,117,55
431205,Querol,18,126,28,16,94,23,34,220,51
171432,Rabós,6,56,16,7,47,23,13,103,39
081786,Rajadell,17,157,44,26,145,37,43,302,81
431212,Rasquera,28,235,118,38,201,130,66,436,248
171447,Regencós,15,114,36,19,69,34,34,183,70
081799,Rellinars,29,150,39,33,122,39,62,272,78
431227,Renau,6,25,5,5,23,9,11,48,14
431233,Reus,7220,31732,5995,6904,31348,8417,14124,63080,14412
251832,Rialp,35,204,48,29,185,53,64,389,101
431248,"Riba, la",40,251,75,28,202,98,68,453,173
431251,Riba-roja d'Ebre,72,437,177,57,377,214,129,814,391
259059,Ribera d'Ondara,20,154,74,21,133,73,41,287,147
251850,Ribera d'Urgellet,43,288,111,44,239,119,87,527,230
171450,Ribes de Freser,99,667,243,95,616,344,194,1283,587
171463,Riells i Viabrea,230,867,124,184,798,129,414,1665,253
431264,"Riera de Gaià, la",84,357,94,52,353,121,136,710,215
251863,Riner,15,92,36,14,90,29,29,182,65
171479,Ripoll,651,3614,1026,607,3524,1420,1258,7138,2446
081803,Ripollet,2448,11698,1622,2321,11171,2141,4769,22869,3763
259139,Riu de Cerdanya,5,32,6,6,27,8,11,59,14
171485,Riudarenes,101,508,132,93,440,141,194,948,273
171498,Riudaura,26,144,35,19,142,47,45,286,82
431270,Riudecanyes,50,244,84,42,228,102,92,472,186
431286,Riudecols,76,352,104,62,304,111,138,656,215
171501,Riudellots de la Selva,134,554,127,107,529,146,241,1083,273
431299,Riudoms,416,1873,428,381,1736,522,797,3609,950
171518,Riumors,9,52,27,7,51,32,16,103,59
081810,"Roca del Vallès, la",636,2949,421,589,2866,503,1225,5815,924
431303,Rocafort de Queralt,14,88,40,7,63,61,21,151,101
431310,Roda de Berà,265,1613,232,223,1296,256,488,2909,488
081831,Roda de Ter,385,1794,409,398,1705,603,783,3499,1012
431325,Rodonyà,32,143,56,32,107,67,64,250,123
431331,Roquetes,497,2346,558,410,2106,723,907,4452,1281
171523,Roses,1203,5116,894,1156,4760,1085,2359,9876,1979
251898,Rosselló,152,674,152,153,630,211,305,1304,363
431346,"Rourell, el",15,99,34,19,75,50,34,174,84
081846,Rubí,5104,23227,3149,4656,22208,4294,9760,45435,7443
081859,Rubió,13,39,19,10,32,12,23,71,31
171539,Rupià,9,67,25,5,55,29,14,122,54
089019,Rupit i Pruit,14,118,31,16,110,39,30,228,70
081878,Sabadell,13664,64401,13082,12842,64243,18969,26506,128644,32051
081884,Sagàs,13,45,21,9,49,18,22,94,39
251902,Salàs de Pallars,14,95,54,7,86,73,21,181,127
081901,Saldes,26,121,32,14,103,29,40,224,61
171544,Sales de Llierca,6,41,6,13,29,4,19,70,10
081918,Sallent,398,2294,732,415,2234,1006,813,4528,1738
431359,Salomó,14,123,55,17,95,71,31,218,126
439057,Salou,1224,5966,704,1130,5505,831,2354,11471,1535
171557,Salt,1904,8448,1417,1739,7708,1998,3643,16156,3415
251919,Sanaüja,26,140,67,26,121,83,52,261,150
081944,Sant Adrià de Besòs,2584,11420,2090,2410,11202,2935,4994,22622,5025
081957,Sant Agustí de Lluçanès,8,40,11,9,31,8,17,71,19
081960,Sant Andreu de la Barca,1898,8748,847,1692,8116,1095,3590,16864,1942
081976,Sant Andreu de Llavaneres,681,2923,439,684,2826,538,1365,5749,977
171576,Sant Andreu Salou,16,35,13,12,46,19,28,81,32
171833,Sant Aniol de Finestres,16,111,25,19,86,31,35,197,56
081982,Sant Antoni de Vilamajor,307,1421,238,338,1352,295,645,2773,533
081995,Sant Bartomeu del Grau,112,410,78,104,340,90,216,750,168
082009,Sant Boi de Llobregat,5894,29359,4567,5581,28547,6093,11475,57906,10660
082016,Sant Boi de Lluçanès,21,206,67,23,161,94,44,367,161
431362,Sant Carles de la Ràpita,800,4039,1031,799,3807,1259,1599,7846,2290
082037,Sant Cebrià de Vallalta,173,826,113,150,692,106,323,1518,219
082021,Sant Celoni,983,4645,1003,1000,4394,1266,1983,9039,2269
082042,Sant Climent de Llobregat,268,1156,154,255,1112,195,523,2268,349
171582,Sant Climent Sescebes,16,130,65,22,124,59,38,254,124
082055,Sant Cugat del Vallès,5777,21104,2647,5315,21451,3543,11092,42555,6190
082068,Sant Cugat Sesgarrigues,55,274,73,48,232,88,103,506,161
251961,Sant Esteve de la Sarga,3,42,19,1,26,13,4,68,32
082074,Sant Esteve de Palautordera,143,563,91,148,525,121,291,1088,212
082080,Sant Esteve Sesrovires,465,2155,278,468,1886,339,933,4041,617
171595,Sant Feliu de Buixalleu,54,263,79,54,207,77,108,470,156
082107,Sant Feliu de Codines,375,1664,348,325,1516,487,700,3180,835
171609,Sant Feliu de Guíxols,1412,6540,1428,1423,6304,1887,2835,12844,3315
082114,Sant Feliu de Llobregat,2836,15201,2065,2785,14877,2931,5621,30078,4996
171616,Sant Feliu de Pallerols,65,376,124,72,349,177,137,725,301
082129,Sant Feliu Sasserra,37,219,67,51,202,80,88,421,147
171621,Sant Ferriol,20,70,24,14,57,19,34,127,43
082093,Sant Fost de Campsentelles,512,2526,364,459,2406,446,971,4932,810
082135,Sant Fruitós de Bages,444,2219,369,470,2069,465,914,4288,834
171637,Sant Gregori,210,894,189,194,813,209,404,1707,398
251924,Sant Guim de Freixenet,50,359,116,59,338,149,109,697,265
251977,Sant Guim de la Plana,7,63,27,10,48,28,17,111,55
171642,Sant Hilari Sacalm,355,1921,432,351,1625,536,706,3546,968
082153,Sant Hipòlit de Voltregà,230,1008,298,196,947,408,426,1955,706
081939,Sant Iscle de Vallalta,85,353,70,72,306,75,157,659,145
439023,Sant Jaume d'Enveja,227,1134,329,195,1053,380,422,2187,709
082166,Sant Jaume de Frontanyà,0,12,1,0,11,1,0,23,2
171655,Sant Jaume de Llierca,45,238,103,63,189,120,108,427,223
431378,Sant Jaume dels Domenys,125,571,140,91,480,189,216,1051,329
171674,Sant Joan de les Abadesses,190,1236,372,185,1132,540,375,2368,912
171680,Sant Joan de Mollet,29,101,40,28,115,38,57,216,78
082188,Sant Joan de Vilatorrada,687,3387,621,610,3276,809,1297,6663,1430
082172,Sant Joan Despí,2294,10631,1442,2225,10543,1929,4519,21174,3371
171851,Sant Joan les Fonts,145,957,265,132,874,362,277,1831,627
171668,Sant Jordi Desvalls,30,228,69,35,185,93,65,413,162
089030,Sant Julià de Cerdanyola,16,77,33,12,76,27,28,153,60
171693,Sant Julià de Ramis,166,769,156,163,740,172,329,1509,328
082205,Sant Julià de Vilatorta,215,859,149,203,837,210,418,1696,359
179032,Sant Julià del Llor i Bonmatí,69,336,87,54,295,124,123,631,211
082212,Sant Just Desvern,1173,4940,860,1124,5247,1213,2297,10187,2073
082227,Sant Llorenç d'Hortons,138,612,152,136,563,178,274,1175,330
171714,Sant Llorenç de la Muga,7,50,28,8,56,36,15,106,64
251930,Sant Llorenç de Morunys,37,318,110,46,268,122,83,586,232
082233,Sant Llorenç Savall,148,690,231,143,616,295,291,1306,526
082251,Sant Martí d'Albars,6,48,13,9,35,21,15,83,34
082248,Sant Martí de Centelles,66,279,64,65,236,74,131,515,138
171729,Sant Martí de Llémena,39,168,49,35,142,42,74,310,91
259025,Sant Martí de Riucorb,26,231,105,25,193,118,51,424,223
082264,Sant Martí de Tous,77,340,101,72,314,123,149,654,224
082270,Sant Martí Sarroca,159,855,254,165,800,298,324,1655,552
082286,Sant Martí Sesgueioles,24,113,39,22,108,50,46,221,89
171735,Sant Martí Vell,18,45,19,11,47,21,29,92,40
082299,Sant Mateu de Bages,36,211,98,26,205,126,62,416,224
171740,Sant Miquel de Campmajor,10,80,17,11,56,22,21,136,39
171753,Sant Miquel de Fluvià,48,204,55,41,192,69,89,396,124
171766,Sant Mori,9,52,14,7,51,23,16,103,37
171772,Sant Pau de Segúries,36,217,80,38,192,95,74,409,175
082310,Sant Pere de Ribes,2059,8841,1153,2017,8345,1408,4076,17186,2561
082325,Sant Pere de Riudebitlles,129,739,177,133,710,235,262,1449,412
082331,Sant Pere de Torelló,132,783,193,130,725,267,262,1508,460
082346,Sant Pere de Vilamajor,259,1076,202,244,986,167,503,2062,369
171788,Sant Pere Pescador,116,620,140,93,460,148,209,1080,288
081897,Sant Pere Sallavinera,8,45,23,5,40,28,13,85,51
082359,Sant Pol de Mar,286,1502,266,270,1406,305,556,2908,571
082362,Sant Quintí de Mediona,126,656,163,108,568,222,234,1224,385
082378,Sant Quirze de Besora,118,641,223,94,612,298,212,1253,521
082384,Sant Quirze del Vallès,1329,5134,501,1251,4943,758,2580,10077,1259
082397,Sant Quirze Safaja,36,179,31,18,148,29,54,327,60
251945,Sant Ramon,33,179,76,19,172,85,52,351,161
082401,Sant Sadurní d'Anoia,795,3503,721,757,3362,961,1552,6865,1682
082418,Sant Sadurní d'Osormort,8,30,7,4,27,7,12,57,14
080983,Sant Salvador de Guardiola,149,869,152,160,749,166,309,1618,318
082628,Sant Vicenç de Castellet,386,2427,603,362,2394,967,748,4821,1570
082649,Sant Vicenç de Montalt,388,1515,196,388,1429,207,776,2944,403
082652,Sant Vicenç de Torelló,148,580,153,134,550,268,282,1130,421
082634,Sant Vicenç dels Horts,2116,9338,1321,2045,8734,1740,4161,18072,3061
431384,Santa Bàrbara,217,1129,384,228,1024,457,445,2153,841
082439,Santa Cecília de Voltregà,13,80,23,16,56,19,29,136,42
082444,Santa Coloma de Cervelló,517,2050,272,469,1953,372,986,4003,644
171805,Santa Coloma de Farners,731,3361,709,700,3025,870,1431,6386,1579
082457,Santa Coloma de Gramenet,7142,43262,7356,6796,41237,9775,13938,84499,17131
431397,Santa Coloma de Queralt,199,943,270,192,868,359,391,1811,629
171812,Santa Cristina d'Aro,274,1182,231,257,1011,251,531,2193,482
082460,Santa Eugènia de Berga,152,727,139,149,678,154,301,1405,293
082476,Santa Eulàlia de Riuprimer,71,301,79,52,268,98,123,569,177
082482,Santa Eulàlia de Ronçana,343,1826,353,354,1723,389,697,3549,742
082495,Santa Fe del Penedès,30,103,21,31,110,26,61,213,47
171827,Santa Llogaia d'Àlguema,17,105,23,22,93,25,39,198,48
082508,Santa Margarida de Montbui,690,3338,512,676,3158,702,1366,6496,1214
082515,Santa Margarida i els Monjos,409,1990,283,418,1707,372,827,3697,655
082589,Santa Maria d'Oló,44,358,106,44,314,132,88,672,238
082536,Santa Maria de Besora,13,58,20,13,45,31,26,103,51
082567,Santa Maria de Martorelles,54,243,44,70,229,58,124,472,102
082554,Santa Maria de Merlès,9,53,21,9,46,18,18,99,39
082573,Santa Maria de Miralles,3,35,10,7,29,14,10,64,24
082592,Santa Maria de Palautordera,553,2484,456,511,2271,551,1064,4755,1007
431401,Santa Oliva,176,793,185,174,753,205,350,1546,390
171848,Santa Pau,76,533,156,104,482,155,180,1015,311
082606,Santa Perpètua de Mogoda,1327,7599,924,1230,7257,1149,2557,14856,2073
082613,Santa Susanna,195,830,128,170,773,162,365,1603,290
081923,Santpedor,388,1926,381,401,1896,485,789,3822,866
431423,Sarral,99,503,152,73,438,187,172,941,339
171864,Sarrià de Ter,252,1305,293,231,1248,401,483,2553,694
252017,Sarroca de Bellera,5,50,29,5,38,29,10,88,58
252000,Sarroca de Lleida,24,149,52,21,137,73,45,286,125
171870,"Saus, Camallera i Llampaies",35,256,62,48,219,99,83,475,161
431439,Savallà del Comtat,0,20,13,7,15,12,7,35,25
431444,"Secuita, la",93,418,90,74,382,118,167,800,208
171886,"Selva de Mar, la",12,69,28,17,56,25,29,125,53
431457,"Selva del Camp, la",427,1429,343,389,1381,416,816,2810,759
431460,Senan,3,16,4,3,5,2,6,21,6
430445,"Sénia, la",376,2081,476,389,1741,516,765,3822,992
252022,Senterada,4,32,16,4,32,14,8,64,30
250352,"Sentiu de Sió, la",22,146,64,18,151,71,40,297,135
082671,Sentmenat,469,2186,360,452,2099,471,921,4285,831
171903,Serinyà,56,323,88,61,265,85,117,588,173
252043,Seròs,102,584,235,87,484,239,189,1068,474
171910,Serra de Daró,14,49,31,8,48,28,22,97,59
171925,Setcases,10,66,20,10,54,21,20,120,41
252038,"Seu d'Urgell, la",833,3808,949,782,3845,1217,1615,7653,2166
082690,Seva,205,960,197,190,885,225,395,1845,422
252056,Sidamon,35,214,47,31,191,59,66,405,106
171931,Sils,268,1166,258,281,1106,286,549,2272,544
082704,Sitges,1549,7543,1372,1469,7605,1839,3018,15148,3211
170524,Siurana,11,65,22,5,61,26,16,126,48
082711,Sobremunt,4,32,8,16,28,5,20,60,13
252069,"Soleràs, el",15,153,67,15,118,70,30,271,137
431476,Solivella,25,186,88,32,162,117,57,348,205
252075,Solsona,588,2640,628,542,2490,801,1130,5130,1429
082726,Sora,10,69,23,19,47,21,29,116,44
252081,Soriguera,17,105,42,22,92,47,39,197,89
252094,Sort,128,646,170,121,594,236,249,1240,406
252108,Soses,95,558,147,83,473,179,178,1031,326
082732,Subirats,202,846,267,194,777,337,396,1623,604
252115,Sudanell,36,266,76,20,204,99,56,470,175
252120,Sunyer,18,92,36,11,92,41,29,184,77
082747,Súria,418,1997,617,404,1904,808,822,3901,1425
171946,Susqueda,4,38,12,6,32,8,10,70,20
082763,Tagamanent,14,88,17,19,62,21,33,150,38
082779,Talamanca,8,42,9,3,38,9,11,80,18
252154,Talarn,23,121,34,17,107,49,40,228,83
252167,Talavera,10,98,44,5,83,48,15,181,92
171959,"Tallada d'Empordà, la",11,114,49,15,96,47,26,210,96
082785,Taradell,426,1870,379,413,1757,485,839,3627,864
431482,Tarragona,8823,40793,7721,8237,40778,10832,17060,81571,18553
252173,Tàrrega,994,4516,1018,968,4353,1361,1962,8869,2379
252189,Tarrés,5,43,14,5,33,19,10,76,33
252192,Tarroja de Segarra,6,49,32,8,43,35,14,92,67
082750,Tavèrnoles,16,98,20,22,96,18,38,194,38
082802,Tavertet,8,48,18,8,38,17,16,86,35
082819,Teià,488,2025,272,481,1979,336,969,4004,608
252206,Térmens,78,466,161,67,431,183,145,897,344
171962,Terrades,7,50,30,4,58,33,11,108,63
082798,Terrassa,13790,62874,11761,12867,61028,16980,26657,123902,28741
082824,Tiana,497,2243,307,536,2202,416,1033,4445,723
252213,Tírvia,8,41,14,1,40,16,9,81,30
252228,Tiurana,3,10,7,1,7,4,4,17,11
431495,Tivenys,52,291,125,33,274,153,85,565,278
431508,Tivissa,107,559,225,111,530,264,218,1089,489
082830,Tona,469,2186,438,429,2084,577,898,4270,1015
252234,Torà,76,403,143,74,373,151,150,776,294
082845,Tordera,734,3688,814,684,3465,940,1418,7153,1754
082858,Torelló,867,4329,950,824,4195,1289,1691,8524,2239
252249,"Torms, els",12,61,34,7,48,32,19,109,66
252252,Tornabous,44,263,119,38,234,127,82,497,246
252271,"Torre de Cabdella, la",22,218,101,14,192,123,36,410,224
082861,"Torre de Claramunt, la",218,968,140,221,893,155,439,1861,295
431515,"Torre de Fontaubella, la",5,47,16,3,37,25,8,84,41
431520,"Torre de l'Espanyol, la",40,258,90,39,200,117,79,458,207
252265,Torrebesses,22,85,49,15,81,65,37,166,114
431536,Torredembarra,922,4119,755,867,3940,990,1789,8059,1745
252287,Torrefarrera,125,753,157,113,652,212,238,1405,369
259078,Torrefeta i Florejacs,41,207,87,27,179,112,68,386,199
252304,Torregrossa,123,696,281,117,632,346,240,1328,627
252311,Torrelameu,40,219,75,17,169,81,57,388,156
082877,Torrelavit,67,407,121,60,345,152,127,752,273
082883,Torrelles de Foix,124,633,183,115,530,177,239,1163,360
082896,Torrelles de Llobregat,357,1447,186,362,1352,208,719,2799,394
171978,Torrent,9,65,18,9,63,16,18,128,34
252326,Torres de Segre,119,646,190,107,578,214,226,1224,404
252332,Torre-serona,17,129,32,18,108,43,35,237,75
171984,Torroella de Fluvià,14,147,50,16,86,52,30,233,102
171997,Torroella de Montgrí,722,3215,647,684,2915,821,1406,6130,1468
431541,Torroja del Priorat,3,59,23,6,36,16,9,95,39
172001,Tortellà,40,231,88,42,198,114,82,429,202
431554,Tortosa,2037,10324,2622,1930,9806,3712,3967,20130,6334
172018,Toses,19,52,23,6,35,16,25,87,39
172023,Tossa de Mar,301,1692,327,289,1618,381,590,3310,708
252347,Tremp,351,1659,650,324,1549,834,675,3208,1484
172044,Ullà,69,345,62,59,273,72,128,618,134
082900,Ullastrell,106,443,84,95,401,101,201,844,185
172057,Ullastret,9,85,23,11,77,25,20,162,48
431567,Ulldecona,396,2060,544,348,1775,720,744,3835,1264
431573,Ulldemolins,19,155,86,18,135,81,37,290,167
172039,Ultramort,17,71,27,1,51,36,18,122,63
172060,Urús,18,67,18,10,63,19,28,130,37
082917,Vacarisses,260,1212,214,215,1076,204,475,2288,418
170144,"Vajol, la",9,45,13,8,39,9,17,84,22
172076,"Vall d'en Bas, la",135,840,298,142,728,365,277,1568,663
172082,"Vall de Bianya, la",80,380,113,82,372,131,162,752,244
250432,"Vall de Boí, la",51,367,79,51,281,81,102,648,160
259010,Vall de Cardós,21,107,44,20,97,47,41,204,91
082922,Vallbona d'Anoia,71,391,85,75,333,124,146,724,209
252385,Vallbona de les Monges,8,86,39,8,69,62,16,155,101
082938,Vallcebre,18,81,39,7,86,35,25,167,74
431589,Vallclara,4,36,20,7,26,18,11,62,38
252402,Vallfogona de Balaguer,76,533,166,101,491,161,177,1024,327
171707,Vallfogona de Ripollès,10,75,28,9,65,27,19,140,55
431592,Vallfogona de Riucorb,0,42,39,1,25,57,1,67,96
082943,Vallgorguina,132,565,103,106,516,94,238,1081,197
082956,Vallirana,868,3853,618,795,3636,723,1663,7489,1341
172095,Vall-llobrega,25,132,20,40,211,24,65,343,44
431606,Vallmoll,99,490,95,74,442,100,173,932,195
082969,Vallromanes,161,587,75,134,544,94,295,1131,169
431613,Valls,1579,7314,1551,1516,6915,2173,3095,14229,3724
259062,"Valls d'Aguilar, les",16,111,43,17,77,52,33,188,95
252398,"Valls de Valira, les",41,283,107,40,238,94,81,521,201
431628,Vandellòs i l'Hospitalet de l'Infant,335,1660,318,316,1588,406,651,3248,724
259097,"Vansa i Fórnols, la",11,55,27,6,57,26,17,112,53
082975,Veciana,11,45,26,7,49,18,18,94,44
431634,"Vendrell, el",2039,9094,1467,2087,8471,1839,4126,17565,3306
172109,Ventalló,30,233,86,37,194,83,67,427,169
252424,Verdú,42,331,132,55,291,216,97,622,348
172116,Verges,76,371,126,68,335,163,144,706,289
431649,Vespella de Gaià,11,96,21,8,68,22,19,164,43
082981,Vic,2634,11855,2384,2350,10996,3716,4984,22851,6100
172121,Vidrà,14,49,19,12,54,15,26,103,34
172137,Vidreres,418,1925,376,391,1733,444,809,3658,820
252430,Vielha e Mijaran,357,1685,199,345,1515,251,702,3200,450
431652,Vilabella,54,258,93,44,248,96,98,506,189
172142,Vilabertran,54,268,91,44,257,99,98,525,190
172155,Vilablareix,182,785,86,170,768,107,352,1553,193
082994,Vilada,23,184,66,26,148,91,49,332,157
172174,Viladamat,23,132,51,16,118,57,39,250,108
172168,Viladasens,9,55,25,11,41,32,20,96,57
083015,Viladecans,4693,21965,2686,4474,20994,3401,9167,42959,6087
083008,Viladecavalls,623,2344,230,614,2188,305,1237,4532,535
172180,Vilademuls,42,256,86,33,230,90,75,486,176
172207,Viladrau,38,324,89,57,274,97,95,598,186
172214,Vilafant,373,1588,219,372,1559,248,745,3147,467
083054,Vilafranca del Penedès,2373,11433,2046,2217,10942,2928,4590,22375,4974
252445,Vilagrassa,27,149,49,16,113,70,43,262,119
172235,Vilajuïga,73,348,79,81,327,94,154,675,173
431750,Vilalba dels Arcs,37,241,109,38,188,129,75,429,238
083067,Vilalba Sasserra,36,203,29,38,160,32,74,363,61
252458,Vilaller,39,193,67,29,184,67,68,377,134
172240,Vilallonga de Ter,17,152,68,14,119,62,31,271,130
431665,Vilallonga del Camp,84,438,103,83,414,133,167,852,236
172253,Vilamacolum,20,100,29,15,78,39,35,178,68
172266,Vilamalla,66,345,45,47,296,52,113,641,97
172272,Vilamaniscle,12,44,21,9,33,21,21,77,42
252477,Vilamòs,11,54,11,18,44,13,29,98,24
172288,Vilanant,12,98,34,13,86,42,25,184,76
431671,Vilanova d'Escornalbou,15,159,35,23,133,48,38,292,83
252483,Vilanova de Bellpuig,57,333,155,45,350,172,102,683,327
252496,Vilanova de l'Aguda,8,79,47,21,69,40,29,148,87
252542,Vilanova de la Barca,62,285,109,49,265,135,111,550,244
252509,Vilanova de Meià,22,139,63,18,127,69,40,266,132
431687,Vilanova de Prades,6,45,27,7,36,27,13,81,54
083036,Vilanova de Sau,15,108,27,25,115,39,40,223,66
252516,Vilanova de Segrià,35,300,67,53,253,92,88,553,159
083020,Vilanova del Camí,912,3824,529,852,3650,679,1764,7474,1208
089024,Vilanova del Vallès,234,913,160,209,903,185,443,1816,345
083073,Vilanova i la Geltrú,3995,19271,3876,3862,18798,5261,7857,38069,9137
431690,Vilaplana,24,190,70,32,147,89,56,337,159
431704,Vila-rodona,44,396,133,58,284,128,102,680,261
172305,Vila-sacra,25,156,28,12,147,46,37,303,74
252521,Vila-sana,26,179,67,31,159,89,57,338,156
431711,Vila-seca,1117,5139,758,1045,4943,925,2162,10082,1683
082140,Vilassar de Dalt,471,2843,544,453,2714,727,924,5557,1271
082191,Vilassar de Mar,1421,6299,971,1328,6279,1423,2749,12578,2394
172229,Vilaür,7,49,13,5,39,10,12,88,23
431726,Vilaverd,23,128,46,13,109,67,36,237,113
431732,"Vilella Alta, la",3,44,15,4,24,26,7,68,41
431747,"Vilella Baixa, la",5,68,24,3,47,32,8,115,56
172333,Vilobí d'Onyar,183,886,183,135,730,211,318,1616,394
083041,Vilobí del Penedès,61,323,93,56,293,95,117,616,188
172327,Vilopriu,5,45,27,5,42,28,10,87,55
252537,"Vilosell, el",4,55,32,6,62,35,10,117,67
431763,Vimbodí i Poblet,60,365,153,31,279,165,91,644,318
252555,Vinaixa,29,204,76,35,177,97,64,381,173
431779,Vinebre,19,165,54,11,139,71,30,304,125
431785,Vinyols i els Arcs,83,500,110,87,429,114,170,929,224
083089,Viver i Serrateix,9,68,23,9,58,27,18,126,50
430521,Xerta,69,380,151,66,363,183,135,743,334
,Catalunya,457498,2272655,470876,431599,2214650,659162,889097,4487305,1130038

