Codi,Literal,Homes. De 0 a 14 anys,Homes. De 15 a 64 anys,Homes. 65 anys o més,Dones. De 0 a 14 anys,Dones. De 15 a 64 anys,Dones. 65 anys o més,Total. De 0 a 14 anys,Total. De 15 a 64 anys,Total. 65 anys o més
250019,Abella de la Conca,9,68,26,11,51,16,20,119,42
080018,Abrera,1129,4123,674,1039,3944,702,2168,8067,1376
250024,Àger,31,201,84,17,163,94,48,364,178
250030,Agramunt,470,2000,414,423,1754,592,893,3754,1006
080023,Aguilar de Segarra,18,80,33,15,74,25,33,154,58
170010,Agullana,52,295,83,66,245,98,118,540,181
080142,Aiguafreda,182,805,213,195,799,287,377,1604,500
430017,Aiguamúrcia,51,347,81,65,290,83,116,637,164
170025,Aiguaviva,80,247,53,81,241,52,161,488,105
250387,Aitona,163,846,250,150,680,316,313,1526,566
250045,"Alamús, els",41,284,78,42,215,88,83,499,166
250058,Alàs i Cerc,21,127,46,23,99,50,44,226,96
250061,"Albagés, l'",28,148,62,21,120,70,49,268,132
170031,Albanyà,15,60,9,12,44,10,27,104,19
250077,Albatàrrec,167,788,108,159,681,137,326,1469,245
250083,Albesa,136,600,156,96,491,177,232,1091,333
250096,"Albi, l'",67,277,110,54,247,105,121,524,215
430022,Albinyana,186,787,207,193,732,242,379,1519,449
430038,"Albiol, l'",44,154,27,52,148,26,96,302,53
170046,Albons,60,255,53,57,227,57,117,482,110
430043,Alcanar,778,3791,928,647,3406,1051,1425,7197,1979
250100,Alcanó,8,75,30,11,70,39,19,145,69
250117,Alcarràs,658,3168,481,642,2802,599,1300,5970,1080
250122,Alcoletge,231,1176,170,224,1025,189,455,2201,359
430056,Alcover,456,1785,361,432,1658,448,888,3443,809
439044,"Aldea, l'",339,1685,387,286,1350,466,625,3035,853
430069,Aldover,62,301,120,64,291,140,126,592,260
430075,"Aleixar, l'",87,306,65,81,281,94,168,587,159
080039,Alella,850,3219,636,724,3369,772,1574,6588,1408
430081,Alfara de Carles,16,143,53,25,105,58,41,248,111
250138,Alfarràs,240,1067,292,226,920,362,466,1987,654
250143,Alfés,14,121,41,16,95,44,30,216,85
430094,Alforja,149,653,158,107,616,183,256,1269,341
250156,Algerri,21,137,74,13,119,86,34,256,160
250169,Alguaire,231,1117,268,207,955,319,438,2072,587
250175,Alins,16,108,38,20,77,46,36,185,84
430108,Alió,14,130,44,31,124,37,45,254,81
250194,Almacelles,486,2447,552,460,2034,683,946,4481,1235
250208,Almatret,9,129,61,6,90,83,15,219,144
250215,Almenar,232,1311,344,231,1064,423,463,2375,767
430115,Almoster,126,483,72,127,478,76,253,961,148
250220,Alòs de Balaguer,6,47,28,4,28,25,10,75,53
170062,Alp,135,706,86,130,588,98,265,1294,184
080044,Alpens,28,111,26,17,90,30,45,201,56
250236,Alpicat,615,2149,328,601,2094,403,1216,4243,731
250241,Alt Àneu,23,187,46,19,138,37,42,325,83
430120,Altafulla,435,1648,281,419,1650,343,854,3298,624
170078,Amer,141,762,224,126,715,309,267,1477,533
430136,"Ametlla de Mar, l'",592,2551,745,543,2406,812,1135,4957,1557
080057,"Ametlla del Vallès, l'",891,2791,399,739,2793,498,1630,5584,897
439060,"Ampolla, l'",208,1224,369,200,1163,365,408,2387,734
430141,Amposta,1748,7597,1515,1674,7020,1891,3422,14617,3406
170084,Anglès,472,1899,457,496,1759,554,968,3658,1011
250273,Anglesola,93,450,156,103,411,176,196,861,332
250292,Arbeca,163,835,297,129,741,328,292,1576,625
430167,"Arboç, l'",536,1985,359,501,1721,446,1037,3706,805
430154,Arbolí,6,49,8,2,33,16,8,82,24
170097,Arbúcies,608,2467,466,565,2041,566,1173,4508,1032
080060,Arenys de Mar,1155,4997,1155,1005,4890,1661,2160,9887,2816
080076,Arenys de Munt,786,2925,549,728,2831,681,1514,5756,1230
170101,Argelaguer,36,154,36,23,131,44,59,285,80
080082,Argençola,13,108,17,14,61,25,27,169,42
430173,"Argentera, l'",4,65,22,4,45,19,8,110,41
080095,Argentona,1092,3965,764,1038,3923,994,2130,7888,1758
170118,"Armentera, l'",60,278,79,68,270,108,128,548,187
430189,Arnes,24,146,89,21,125,91,45,271,180
250313,Arres,6,31,5,0,18,4,6,49,9
250328,Arsèguel,6,39,9,9,29,8,15,68,17
080109,Artés,454,1963,392,433,1778,555,887,3741,947
250334,Artesa de Lleida,138,515,144,121,438,168,259,953,312
250349,Artesa de Segre,284,1344,334,288,1161,417,572,2505,751
430192,Ascó,83,606,177,80,525,194,163,1131,371
250365,Aspa,13,63,39,7,64,38,20,127,77
250371,"Avellanes i Santa Linya, les",20,158,86,25,114,67,45,272,153
080116,Avià,179,746,199,174,707,240,353,1453,439
080121,Avinyó,200,775,192,165,689,300,365,1464,492
170123,Avinyonet de Puigventós,166,536,66,157,510,74,323,1046,140
080137,Avinyonet del Penedès,154,620,138,129,505,164,283,1125,302
080155,Badalona,17911,77402,14412,16544,73555,19962,34455,150957,34374
089045,Badia del Vallès,1116,4660,914,1069,4522,1362,2185,9182,2276
080168,Bagà,143,827,230,117,746,309,260,1573,539
250390,Baix Pallars,30,124,47,22,113,46,52,237,93
250404,Balaguer,1462,5965,1200,1365,5275,1610,2827,11240,2810
080174,Balenyà,311,1309,226,322,1211,316,633,2520,542
080180,Balsareny,209,1266,281,223,1100,415,432,2366,696
430206,Banyeres del Penedès,291,1066,189,292,952,205,583,2018,394
170157,Banyoles,1844,6487,1287,1685,6056,1800,3529,12543,3087
250411,Barbens,66,304,114,46,236,130,112,540,244
430213,Barberà de la Conca,43,199,52,37,143,66,80,342,118
082520,Barberà del Vallès,2749,11484,1674,2688,11261,2177,5437,22745,3851
080193,Barcelona,101082,534510,132323,95929,547912,203692,197011,1082422,336015
250426,"Baronia de Rialb, la",15,87,34,15,68,38,30,155,72
170160,Bàscara,93,318,103,65,283,123,158,601,226
250447,Bassella,18,83,33,14,78,29,32,161,62
430228,Batea,129,715,260,131,622,293,260,1337,553
250450,Bausen,3,15,17,1,12,11,4,27,28
080207,Begues,691,2239,277,643,2242,334,1334,4481,611
170139,Begur,297,1490,356,278,1400,398,575,2890,754
250463,Belianes,35,185,75,36,145,102,71,330,177
251706,Bellaguarda,21,99,54,10,83,58,31,182,112
170182,Bellcaire d'Empordà,61,211,61,48,205,78,109,416,139
250479,Bellcaire d'Urgell,88,438,155,83,401,191,171,839,346
250485,Bell-lloc d'Urgell,179,823,212,196,766,270,375,1589,482
250498,Bellmunt d'Urgell,13,60,22,13,64,30,26,124,52
430234,Bellmunt del Priorat,20,117,32,20,97,51,40,214,83
080214,Bellprat,4,33,15,4,26,9,8,59,24
250501,Bellpuig,386,1874,355,404,1470,511,790,3344,866
430249,Bellvei,223,694,156,190,662,157,413,1356,313
250518,Bellver de Cerdanya,155,828,192,144,716,225,299,1544,417
250523,Bellvís,164,794,254,139,735,318,303,1529,572
250539,Benavent de Segrià,160,551,98,159,491,94,319,1042,192
430252,Benifallet,33,254,113,29,229,145,62,483,258
430265,Benissanet,74,465,133,78,343,156,152,808,289
080229,Berga,1250,5727,1441,1161,5394,2045,2411,11121,3486
170195,Besalú,158,753,219,184,763,295,342,1516,514
170209,Bescanó,452,1520,312,440,1499,378,892,3019,690
170216,Beuda,9,60,17,16,55,13,25,115,30
080235,Bigues i Riells del Fai,879,3137,469,842,2883,545,1721,6020,1014
250557,Biosca,11,85,27,7,57,35,18,142,62
170221,"Bisbal d'Empordà, la",950,3603,714,846,3360,962,1796,6963,1676
430271,"Bisbal de Falset, la",17,72,35,7,58,36,24,130,71
430287,"Bisbal del Penedès, la",254,1184,302,252,1073,308,506,2257,610
172348,Biure,13,89,25,15,78,28,28,167,53
430290,Blancafort,23,138,50,20,125,59,43,263,109
170237,Blanes,3248,14051,2765,3025,13317,3428,6273,27368,6193
170293,Boadella i les Escaules,13,87,21,17,89,26,30,176,47
170242,Bolvir,28,157,28,20,125,35,48,282,63
430304,Bonastre,53,232,51,49,207,50,102,439,101
250576,"Bòrdes, Es",16,92,21,10,83,20,26,175,41
170255,Bordils,156,606,107,156,562,149,312,1168,256
250582,"Borges Blanques, les",470,2092,516,399,1859,698,869,3951,1214
430311,"Borges del Camp, les",196,710,166,206,668,200,402,1378,366
170268,Borrassà,61,248,56,55,219,70,116,467,126
080240,Borredà,48,205,62,28,168,84,76,373,146
250595,Bossòst,78,445,78,76,399,92,154,844,170
430326,Bot,35,213,110,25,194,116,60,407,226
430332,Botarell,110,422,64,88,360,65,198,782,129
250560,Bovera,13,96,66,8,78,71,21,174,137
430347,Bràfim,45,234,59,43,204,85,88,438,144
170274,Breda,258,1307,340,294,1186,396,552,2493,736
080253,"Bruc, el",213,737,114,176,629,123,389,1366,237
080266,"Brull, el",32,88,16,20,71,22,52,159,38
170280,Brunyola i Sant Martí Sapresa,24,121,42,27,121,53,51,242,95
430350,Cabacés,16,116,42,26,92,48,42,208,90
250609,Cabanabona,5,26,16,5,26,34,10,52,50
170314,Cabanelles,16,101,24,12,68,26,28,169,50
170307,Cabanes,73,315,94,77,266,87,150,581,181
080272,"Cabanyes, les",90,326,52,105,298,56,195,624,108
250616,Cabó,0,33,16,5,28,12,5,61,28
430363,Cabra del Camp,129,389,97,82,357,98,211,746,195
080288,Cabrera d'Anoia,115,521,90,110,434,85,225,955,175
080291,Cabrera de Mar,424,1565,290,365,1570,314,789,3135,604
080305,Cabrils,783,2376,366,773,2502,396,1556,4878,762
170329,Cadaqués,229,1005,197,209,995,267,438,2000,464
080312,Calaf,286,1280,291,260,1048,357,546,2328,648
430379,Calafell,2055,8850,1756,1928,8450,1945,3983,17300,3701
080348,Calders,84,335,74,80,293,89,164,628,163
080327,Caldes d'Estrac,191,932,215,200,918,320,391,1850,535
170335,Caldes de Malavella,635,2379,467,601,2344,572,1236,4723,1039
080333,Caldes de Montbui,1511,6017,1088,1381,5698,1491,2892,11715,2579
080351,Calella,1467,6508,1330,1386,6066,1937,2853,12574,3267
080370,Calldetenes,201,903,143,187,813,179,388,1716,322
080386,Callús,190,618,137,168,610,217,358,1228,354
080364,Calonge de Segarra,13,63,27,10,55,30,23,118,57
170340,Calonge i Sant Antoni,816,3722,857,807,3584,975,1623,7306,1832
250621,Camarasa,53,326,115,26,280,149,79,606,264
439039,Camarles,280,1226,340,246,1108,400,526,2334,740
430385,Cambrils,2929,11641,1844,2874,11385,2335,5803,23026,4179
170353,Camós,53,226,69,43,200,93,96,426,162
170366,Campdevànol,254,1099,363,205,1063,493,459,2162,856
170372,Campelles,7,47,13,14,41,14,21,88,27
080399,Campins,49,176,24,44,157,30,93,333,54
170388,Campllong,54,171,29,63,148,32,117,319,61
170391,Camprodon,141,825,235,170,757,322,311,1582,557
250637,Canejan,1,40,16,7,25,15,8,65,31
170405,Canet d'Adri,45,211,51,36,198,68,81,409,119
080403,Canet de Mar,1158,4718,1051,1051,4598,1496,2209,9316,2547
439076,"Canonja, la",515,1993,329,512,1899,425,1027,3892,754
080410,Canovelles,1508,5831,894,1383,5120,1115,2891,10951,2009
080425,Cànoves i Samalús,239,1006,204,242,910,217,481,1916,421
170412,Cantallops,21,110,37,15,100,43,36,210,80
080431,Canyelles,431,1521,225,419,1472,214,850,2993,439
430398,Capafonts,1,43,23,4,34,18,5,77,41
430402,Capçanes,21,141,48,23,130,57,44,271,105
080446,Capellades,437,1832,448,405,1782,590,842,3614,1038
170427,Capmany,42,217,77,39,183,65,81,400,142
080459,Capolat,5,25,5,9,29,12,14,54,17
080462,Cardedeu,1628,5900,955,1560,5884,1314,3188,11784,2269
080478,Cardona,302,1713,503,324,1537,737,626,3250,1240
080484,Carme,67,291,75,46,265,92,113,556,167
430419,Caseres,13,85,45,17,86,46,30,171,91
170448,Cassà de la Selva,836,3577,662,787,2995,932,1623,6572,1594
080497,Casserres,86,531,185,68,503,222,154,1034,407
080575,Castell de l'Areny,5,30,4,5,20,6,10,50,10
259046,Castell de Mur,8,62,26,15,50,25,23,112,51
250642,Castellar de la Ribera,15,44,21,12,46,18,27,90,39
080522,Castellar de n'Hug,8,70,15,7,48,21,15,118,36
080500,Castellar del Riu,15,58,22,13,54,12,28,112,34
080517,Castellar del Vallès,2278,7985,1267,2068,7985,1655,4346,15970,2922
080538,Castellbell i el Vilar,308,1310,277,308,1149,359,616,2459,636
080543,Castellbisbal,1317,4326,634,1207,4087,696,2524,8413,1330
080556,Castellcir,61,230,51,69,194,60,130,424,111
250674,Castelldans,54,379,113,52,279,129,106,658,242
080569,Castelldefels,5613,22595,3223,5302,22192,4214,10915,44787,7437
080581,Castellet i la Gornal,187,765,175,179,723,194,366,1488,369
170464,Castellfollit de la Roca,81,325,106,58,303,129,139,628,235
080608,Castellfollit de Riubregós,9,70,22,1,54,34,10,124,56
080594,Castellfollit del Boix,41,128,36,26,127,51,67,255,87
080615,Castellgalí,201,692,139,163,626,145,364,1318,284
080620,Castellnou de Bages,100,394,63,115,367,52,215,761,115
250680,Castellnou de Seana,49,241,95,53,209,98,102,450,193
170470,Castelló d'Empúries,954,4181,946,954,3833,1017,1908,8014,1963
250693,Castelló de Farfanya,33,194,78,16,151,87,49,345,165
080636,Castellolí,41,186,38,62,173,50,103,359,88
170486,Castell-Platja d'Aro,752,3733,713,728,3654,840,1480,7387,1553
250707,Castellserà,60,363,152,59,310,172,119,673,324
080641,Castellterçol,173,792,223,173,735,280,346,1527,503
430424,Castellvell del Camp,298,970,136,297,942,149,595,1912,285
080654,Castellví de la Marca,134,564,133,139,502,177,273,1066,310
080667,Castellví de Rosanes,160,633,101,174,593,131,334,1226,232
430430,"Catllar, el",390,1517,226,330,1459,226,720,2976,452
250714,Cava,1,22,13,1,16,8,2,38,21
171899,"Cellera de Ter, la",158,715,182,155,649,246,313,1364,428
170499,Celrà,486,1690,202,504,1633,257,990,3323,459
080673,Centelles,610,2460,532,582,2403,773,1192,4863,1305
082687,Cercs,74,427,156,55,378,213,129,805,369
082665,Cerdanyola del Vallès,4716,20409,3612,4432,20506,4572,9148,40915,8184
080689,Cervelló,754,3124,474,718,2960,621,1472,6084,1095
250729,Cervera,877,3292,623,791,2985,822,1668,6277,1445
250735,Cervià de les Garrigues,48,260,111,46,220,123,94,480,234
170502,Cervià de Ter,89,287,73,73,284,89,162,571,162
170519,Cistella,14,94,28,21,80,35,35,174,63
250740,Ciutadilla,12,72,33,7,60,26,19,132,59
250753,Clariana de Cardener,11,60,10,15,51,10,26,111,20
250766,"Cogul, el",9,63,32,6,49,29,15,112,61
170545,Colera,26,209,73,25,178,82,51,387,155
250772,Coll de Nargó,37,209,65,27,195,74,64,404,139
080692,Collbató,528,1486,189,445,1378,216,973,2864,405
430458,Colldejou,10,73,18,8,57,15,18,130,33
080706,Collsuspina,36,114,35,22,115,25,58,229,60
170558,Colomers,14,58,25,9,60,30,23,118,55
251636,"Coma i la Pedra, la",18,123,22,15,75,22,33,198,44
251615,Conca de Dalt,21,143,54,15,118,69,36,261,123
430461,Conesa,2,50,13,7,39,18,9,89,31
430477,Constantí,639,2476,384,569,2055,469,1208,4531,853
080713,Copons,30,105,27,35,104,31,65,209,58
430483,Corbera d'Ebre,80,433,119,76,330,142,156,763,261
080728,Corbera de Llobregat,1421,4942,715,1277,4864,845,2698,9806,1560
250788,Corbins,118,506,113,103,402,135,221,908,248
170577,Corçà,92,423,120,94,456,132,186,879,252
080734,Cornellà de Llobregat,6812,29622,6687,6511,28599,9012,13323,58221,15699
170561,Cornellà del Terri,185,749,195,161,735,208,346,1484,403
430496,Cornudella de Montsant,61,375,108,55,291,136,116,666,244
430509,Creixell,270,1173,304,247,1041,351,517,2214,655
170583,Crespià,23,83,27,18,78,31,41,161,58
179011,"Cruïlles, Monells i Sant Sadurní de l'Heura",93,457,101,97,424,110,190,881,211
080749,Cubelles,1342,5030,902,1156,4851,1012,2498,9881,1914
250791,Cubells,24,131,56,20,108,61,44,239,117
430516,Cunit,1042,4229,1068,1056,4004,1152,2098,8233,2220
170600,Darnius,25,189,59,24,153,78,49,342,137
170617,Das,18,84,24,14,58,21,32,142,45
439018,Deltebre,944,4190,1130,843,3902,1293,1787,8092,2423
080752,Dosrius,523,1835,245,473,1768,279,996,3603,524
430537,Duesaigües,11,94,30,11,61,29,22,155,59
170622,"Escala, l'",752,3657,995,667,3479,1004,1419,7136,1999
080765,Esparreguera,2033,7902,1302,1837,7305,1607,3870,15207,2909
170638,Espinelves,11,65,19,14,60,30,25,125,49
250812,"Espluga Calba, l'",20,151,59,25,104,71,45,255,130
430542,"Espluga de Francolí, l'",270,1306,345,285,1226,491,555,2532,836
080771,Esplugues de Llobregat,3292,15582,3804,3026,16125,4858,6318,31707,8662
170643,Espolla,23,138,46,23,121,66,46,259,112
170656,Esponellà,43,141,35,37,136,59,80,277,94
250827,Espot,24,143,24,23,105,31,47,248,55
080787,"Espunyola, l'",19,78,40,18,76,37,37,154,77
082541,"Esquirol, l'",168,745,211,163,668,261,331,1413,472
250886,Estamariu,7,40,23,4,30,19,11,70,42
080790,"Estany, l'",27,127,43,19,115,62,46,242,105
250851,Estaràs,6,61,24,8,49,22,14,110,46
250864,Esterri d'Àneu,55,366,66,57,296,84,112,662,150
250870,Esterri de Cardós,3,29,6,3,26,10,6,55,16
430555,Falset,232,992,258,217,922,331,449,1914,589
170059,"Far d'Empordà, el",48,179,47,61,164,56,109,343,103
250899,Farrera,12,54,15,11,40,8,23,94,23
430568,"Fatarella, la",53,349,153,55,309,192,108,658,345
430574,"Febró, la",0,25,8,1,14,3,1,39,11
081347,Figaró-Montmany,91,376,98,92,335,120,183,711,218
080804,Fígols,3,16,11,2,11,9,5,27,20
259084,Fígols i Alinyà,15,96,46,8,67,50,23,163,96
430580,"Figuera, la",4,51,19,1,40,18,5,91,37
170669,Figueres,3888,15730,2668,3696,14964,3819,7584,30694,6487
430593,Figuerola del Camp,25,115,32,36,105,36,61,220,68
170675,Flaçà,82,340,91,76,345,125,158,685,216
430607,Flix,208,1377,411,189,1265,519,397,2642,930
250925,"Floresta, la",13,56,23,9,41,26,22,97,49
080826,Fogars de la Selva,135,564,102,126,471,100,261,1035,202
080811,Fogars de Montclús,50,151,41,35,137,39,85,288,80
170681,Foixà,24,102,41,15,90,46,39,192,87
080832,Folgueroles,267,716,147,230,704,165,497,1420,312
250931,Fondarella,67,293,59,52,293,70,119,586,129
080847,Fonollosa,116,519,101,111,476,94,227,995,195
170694,Fontanals de Cerdanya,17,171,40,28,161,48,45,332,88
170708,Fontanilles,16,58,23,9,43,18,25,101,41
170715,Fontcoberta,102,474,75,122,479,97,224,953,172
080850,Font-rubí,120,504,147,120,411,164,240,915,311
250946,Foradada,10,66,30,4,50,23,14,116,53
179026,Forallac,130,615,130,125,609,176,255,1224,306
430614,Forès,0,23,11,0,13,12,0,36,23
170736,Fornells de la Selva,247,796,120,260,816,141,507,1612,261
170741,Fortià,50,211,72,51,199,75,101,410,147
080863,"Franqueses del Vallès, les",1776,6891,952,1628,6299,1147,3404,13190,2099
430629,Freginals,17,177,52,16,130,72,33,307,124
250962,"Fuliola, la",97,419,140,78,380,172,175,799,312
250978,Fulleda,0,35,18,3,32,17,3,67,35
080902,Gaià,13,70,9,14,51,15,27,121,24
430635,"Galera, la",55,295,85,50,254,107,105,549,192
080879,Gallifa,13,80,14,12,69,16,25,149,30
430640,Gandesa,231,1138,293,208,987,362,439,2125,655
430653,Garcia,26,195,70,34,169,86,60,364,156
430666,"Garidells, els",12,71,16,7,68,17,19,139,33
080885,"Garriga, la",1407,5065,917,1311,5243,1293,2718,10308,2210
170754,Garrigàs,20,136,45,29,116,40,49,252,85
170767,Garrigoles,6,61,22,11,45,19,17,106,41
170773,Garriguella,68,286,77,62,276,94,130,562,171
080898,Gavà,3937,16032,2952,3678,15826,3825,7615,31858,6777
250984,Gavet de la Conca,12,84,53,10,82,61,22,166,114
080919,Gelida,669,2478,409,620,2348,561,1289,4826,970
170789,Ger,33,173,47,28,148,38,61,321,85
259123,Gimenells i el Pla de la Font,79,388,125,94,341,152,173,729,277
430672,Ginestar,68,339,113,56,277,133,124,616,246
170792,Girona,8374,32976,5325,7964,34199,7884,16338,67175,13209
080924,Gironella,306,1736,481,330,1528,702,636,3264,1183
080930,Gisclareny,0,14,2,0,12,3,0,26,5
430688,Godall,41,269,119,50,229,114,91,498,233
250997,Golmés,137,563,131,147,552,161,284,1115,292
170806,Gombrèn,18,67,15,13,72,24,31,139,39
251001,Gósol,9,93,26,5,63,34,14,156,60
080945,"Granada, la",175,698,131,175,655,161,350,1353,292
251018,"Granadella, la",48,256,101,35,199,120,83,455,221
080958,Granera,2,39,10,2,21,6,4,60,16
251023,"Granja d'Escarp, la",42,370,107,55,265,129,97,635,236
080961,Granollers,4827,21297,3769,4558,20275,5274,9385,41572,9043
251039,Granyanella,8,53,18,6,42,22,14,95,40
251057,Granyena de les Garrigues,6,69,26,5,41,25,11,110,51
251044,Granyena de Segarra,3,40,25,4,31,34,7,71,59
430691,Gratallops,23,90,27,10,78,36,33,168,63
080977,Gualba,128,462,81,135,418,88,263,880,169
170813,Gualta,33,129,34,25,99,38,58,228,72
080996,Guardiola de Berguedà,68,364,112,58,300,125,126,664,237
430705,"Guiamets, els",10,106,32,14,104,56,24,210,88
170828,Guils de Cerdanya,37,227,30,32,200,39,69,427,69
251095,Guimerà,6,101,63,11,74,65,17,175,128
259031,"Guingueta d'Àneu, la",25,125,32,15,113,37,40,238,69
251109,Guissona,655,2596,244,620,2090,347,1275,4686,591
251116,Guixers,3,52,24,7,36,12,10,88,36
081000,Gurb,264,894,160,210,833,177,474,1727,337
430712,Horta de Sant Joan,91,436,163,62,360,183,153,796,346
081017,"Hospitalet de Llobregat, l'",17951,86197,20970,16769,86013,28165,34720,172210,49135
081629,"Hostalets de Pierola, els",300,1037,136,275,909,170,575,1946,306
170834,Hostalric,340,1431,274,329,1311,345,669,2742,619
081022,Igualada,3436,13147,2739,3186,12696,3987,6622,25843,6726
251155,Isona i Conca Dellà,57,355,172,51,294,171,108,649,343
170849,Isòvol,17,133,30,14,98,30,31,231,60
251137,Ivars d'Urgell,111,607,184,100,460,240,211,1067,424
251121,Ivars de Noguera,16,133,44,21,97,46,37,230,90
251142,Ivorra,5,42,16,4,29,24,9,71,40
170852,Jafre,23,153,41,19,117,60,42,270,101
170865,"Jonquera, la",285,1100,179,231,1064,235,516,2164,414
081038,Jorba,90,258,63,71,264,74,161,522,137
259101,Josa i Tuixén,4,54,20,1,44,13,5,98,33
170871,Juià,40,121,30,25,91,31,65,212,61
251180,Juncosa,16,172,67,27,113,75,43,285,142
251193,Juneda,257,1233,328,219,1054,391,476,2287,719
251214,Les,84,375,52,69,346,79,153,721,131
251229,Linyola,225,912,252,208,828,287,433,1740,539
081043,"Llacuna, la",57,353,96,53,255,121,110,608,217
170887,Lladó,61,231,60,67,224,70,128,455,130
251235,Lladorre,11,82,25,20,79,27,31,161,52
251240,Lladurs,8,72,30,10,50,27,18,122,57
081056,"Llagosta, la",1195,4749,915,1136,4562,1164,2331,9311,2079
170890,Llagostera,696,2879,608,689,2497,736,1385,5376,1344
170904,Llambilles,72,250,51,74,212,58,146,462,109
170911,Llanars,34,206,51,27,178,65,61,384,116
170926,Llançà,338,1784,454,365,1643,556,703,3427,1010
251253,Llardecans,20,166,79,24,128,98,44,294,177
251266,Llavorsí,20,130,44,26,117,36,46,247,80
251207,Lleida,10913,48957,8782,10543,46517,12704,21456,95474,21486
170932,Llers,93,404,111,87,375,123,180,779,234
251272,Lles de Cerdanya,15,113,36,10,65,29,25,178,65
081075,Lliçà d'Amunt,1397,5018,917,1366,4780,978,2763,9798,1895
081081,Lliçà de Vall,570,2241,441,541,2180,431,1111,4421,872
251288,Llimiana,13,65,28,4,51,22,17,116,50
081069,Llinars del Vallès,826,3211,574,740,3161,781,1566,6372,1355
170947,Llívia,124,671,106,94,559,111,218,1230,217
430727,"Lloar, el",9,39,19,6,29,17,15,68,36
251291,Llobera,16,75,23,10,60,26,26,135,49
430733,Llorac,6,41,12,4,32,17,10,73,29
430748,Llorenç del Penedès,210,741,161,184,714,235,394,1455,396
170950,Lloret de Mar,3227,16008,1929,2910,13885,2323,6137,29893,4252
170963,"Llosses, les",9,96,23,12,64,17,21,160,40
081094,Lluçà,19,94,22,20,77,22,39,171,44
171024,Maçanet de Cabrenys,34,229,109,45,208,110,79,437,219
171030,Maçanet de la Selva,599,2575,479,629,2282,535,1228,4857,1014
170979,Madremanya,25,72,26,20,90,27,45,162,53
170985,Maià de Montcal,37,140,48,38,124,45,75,264,93
251333,Maials,54,328,127,56,249,155,110,577,282
251305,Maldà,17,77,33,7,74,42,24,151,75
081108,Malgrat de Mar,1438,6399,1396,1332,6047,1832,2770,12446,3228
081115,Malla,17,90,21,14,90,27,31,180,48
081120,Manlleu,1938,6934,1377,1835,6432,1929,3773,13366,3306
081136,Manresa,6071,25791,5748,5768,24535,8676,11839,50326,14424
430764,Marçà,52,203,80,47,184,72,99,387,152
430751,Margalef,6,40,18,0,31,20,6,71,38
082423,Marganell,24,98,25,16,104,44,40,202,69
081141,Martorell,2649,9906,1694,2399,8594,2215,5048,18500,3909
081154,Martorelles,364,1728,371,340,1639,461,704,3367,832
430770,Mas de Barberans,37,209,71,30,185,103,67,394,174
171002,Masarac,20,113,28,16,84,35,36,197,63
430786,Masdenverge,64,403,121,79,350,114,143,753,235
081167,"Masies de Roda, les",62,260,55,49,260,77,111,520,132
081173,"Masies de Voltregà, les",284,1065,216,275,1060,274,559,2125,490
430799,Masllorenç,44,191,53,35,151,64,79,342,117
081189,"Masnou, el",1762,7528,1504,1640,7874,2215,3402,15402,3719
430803,"Masó, la",17,88,45,17,90,36,34,178,81
430810,Maspujols,59,262,60,67,219,63,126,481,123
081192,Masquefa,845,2866,489,841,2745,524,1686,5611,1013
430825,"Masroig, el",43,183,70,30,153,83,73,336,153
251312,Massalcoreig,29,217,62,23,165,85,52,382,147
171019,Massanes,52,262,50,54,228,54,106,490,104
251327,Massoteres,21,67,18,20,62,17,41,129,35
081206,Matadepera,949,2860,509,784,2871,611,1733,5731,1120
081213,Mataró,10388,43692,7880,9667,41310,10931,20055,85002,18811
081228,Mediona,210,773,209,202,690,263,412,1463,472
251348,Menàrguens,48,333,107,46,247,122,94,580,229
170998,Meranges,9,34,11,6,28,8,15,62,19
171058,Mieres,17,121,34,28,98,37,45,219,71
430831,"Milà, el",14,51,24,13,56,25,27,107,49
251351,Miralcamp,109,487,131,95,462,145,204,949,276
430846,Miravet,54,274,80,41,206,115,95,480,195
081385,Moià,525,1981,394,500,1821,509,1025,3802,903
430859,"Molar, el",17,103,46,13,80,46,30,183,92
081234,Molins de Rei,2214,8239,1544,2096,8405,2074,4310,16644,3618
251370,Mollerussa,1382,5460,756,1305,4748,1054,2687,10208,1810
171061,Mollet de Peralada,11,53,23,10,50,31,21,103,54
081249,Mollet del Vallès,4604,18602,3030,4484,17830,3859,9088,36432,6889
171077,Molló,19,118,38,21,112,50,40,230,88
251364,"Molsosa, la",1,42,16,4,37,16,5,79,32
081287,Monistrol de Calders,58,233,61,38,223,76,96,456,137
081271,Monistrol de Montserrat,220,1085,245,191,960,308,411,2045,553
171096,Montagut i Oix,69,363,85,66,287,113,135,650,198
430862,Montblanc,580,2614,531,500,2404,725,1080,5018,1256
430884,Montbrió del Camp,206,875,164,187,827,202,393,1702,366
081252,Montcada i Reixac,3013,11988,2025,2883,11515,2808,5896,23503,4833
081304,Montclar,11,29,14,6,36,16,17,65,30
251399,Montellà i Martinet,43,251,62,32,215,80,75,466,142
081311,Montesquiu,76,309,80,54,278,104,130,587,184
251403,Montferrer i Castellbò,74,436,79,76,364,54,150,800,133
430897,Montferri,41,138,34,46,119,27,87,257,61
251386,Montgai,43,229,100,33,197,118,76,426,218
081265,Montgat,897,3795,599,839,3815,794,1736,7610,1393
081326,Montmajor,31,162,52,25,149,56,56,311,108
081332,Montmaneu,10,70,30,8,53,25,18,123,55
430901,"Montmell, el",131,552,138,120,467,101,251,1019,239
081350,Montmeló,760,3068,575,717,3057,736,1477,6125,1311
251425,Montoliu de Lleida,38,166,52,24,157,68,62,323,120
251410,Montoliu de Segarra,15,70,29,4,49,29,19,119,58
251431,Montornès de Segarra,1,26,20,3,27,21,4,53,41
081363,Montornès del Vallès,1470,5823,893,1454,5309,1093,2924,11132,1986
430918,Mont-ral,11,74,17,6,57,10,17,131,27
171100,Mont-ras,135,658,134,141,617,148,276,1275,282
430923,Mont-roig del Camp,954,4553,978,903,4132,956,1857,8685,1934
081379,Montseny,14,112,38,15,100,35,29,212,73
430939,Móra d'Ebre,470,1924,420,465,1847,573,935,3771,993
430944,Móra la Nova,250,1164,267,234,1041,333,484,2205,600
430957,"Morell, el",338,1264,182,274,1156,231,612,2420,413
430960,"Morera de Montsant, la",12,67,20,6,46,13,18,113,33
081290,Muntanyola,53,206,32,59,189,29,112,395,61
081398,Mura,14,89,16,21,69,21,35,158,37
251459,Nalec,1,30,22,2,29,15,3,59,37
250254,Naut Aran,113,695,100,145,606,101,258,1301,201
081402,Navarcles,449,2033,444,431,1993,615,880,4026,1059
081419,Navàs,492,2059,517,458,1927,718,950,3986,1235
171117,Navata,115,401,97,113,386,115,228,787,212
251462,Navès,21,88,26,23,86,33,44,174,59
081424,"Nou de Berguedà, la",8,49,21,11,38,20,19,87,41
430976,"Nou de Gaià, la",56,163,44,56,151,65,112,314,109
430982,Nulles,36,163,38,25,140,59,61,303,97
251484,Odèn,8,108,46,9,72,30,17,180,76
081430,Òdena,329,1198,246,271,1145,280,600,2343,526
171122,Ogassa,21,102,25,9,68,26,30,170,51
081458,Olèrdola,381,1260,215,338,1154,236,719,2414,451
081461,Olesa de Bonesvalls,157,644,118,141,577,125,298,1221,243
081477,Olesa de Montserrat,2288,8375,1397,2120,7847,1897,4408,16222,3294
251497,Oliana,110,650,216,111,606,249,221,1256,465
251500,Oliola,9,90,32,10,60,29,19,150,61
251517,Olius,101,289,59,85,277,59,186,566,118
081483,Olivella,376,1369,164,361,1169,150,737,2538,314
081496,Olost,75,398,122,68,364,164,143,762,286
171143,Olot,2624,11596,2594,2394,10669,3848,5018,22265,6442
251522,"Oluges, les",2,64,32,3,44,29,5,108,61
081445,Olvan,56,309,93,47,275,128,103,584,221
251538,"Omellons, els",8,78,43,8,69,35,16,147,78
251543,"Omells de na Gaia, els",9,45,24,4,44,20,13,89,44
171156,Ordis,38,130,36,22,121,32,60,251,68
251556,Organyà,43,299,110,49,281,147,92,580,257
081509,Orís,14,115,20,25,94,23,39,209,43
081516,Oristà,22,201,59,25,186,76,47,387,135
081521,Orpí,7,69,19,8,56,13,15,125,32
081537,Òrrius,49,233,45,58,210,49,107,443,94
251569,Os de Balaguer,79,328,106,91,277,106,170,605,212
171169,Osor,26,152,49,28,139,62,54,291,111
251575,Ossó de Sió,13,68,29,13,64,31,26,132,60
081542,Pacs del Penedès,71,309,57,77,292,66,148,601,123
081555,Palafolls,905,3129,460,857,3064,551,1762,6193,1011
171175,Palafrugell,2011,7883,1550,1859,7439,2074,3870,15322,3624
171181,Palamós,1412,6105,1305,1300,6012,1784,2712,12117,3089
251581,"Palau d'Anglesola, el",164,741,170,175,666,256,339,1407,426
171194,Palau de Santa Eulàlia,8,43,12,3,31,7,11,74,19
171215,Palau-sator,17,103,35,19,84,36,36,187,71
171208,Palau-saverdera,130,467,143,135,458,155,265,925,298
081568,Palau-solità i Plegamans,1297,5081,795,1328,4897,954,2625,9978,1749
431009,"Pallaresos, els",538,1503,139,497,1427,161,1035,2930,300
081574,Pallejà,1182,3915,598,1006,3758,813,2188,7673,1411
430995,"Palma d'Ebre, la",14,126,59,25,113,80,39,239,139
089058,"Palma de Cervelló, la",251,1095,161,249,1061,202,500,2156,363
171236,Palol de Revardit,42,164,39,39,138,49,81,302,88
171241,Pals,205,894,280,175,858,313,380,1752,593
081580,"Papiol, el",321,1371,255,351,1331,312,672,2702,567
171254,Pardines,16,52,23,6,38,24,22,90,47
081593,Parets del Vallès,1673,6544,973,1522,6154,1247,3195,12698,2220
171267,Parlavà,27,136,35,18,125,42,45,261,77
431016,Passanant i Belltall,4,67,20,6,41,30,10,108,50
171289,Pau,54,185,55,42,191,62,96,376,117
431021,Paüls,24,194,83,33,179,92,57,373,175
171292,Pedret i Marzà,16,59,17,12,53,18,28,112,35
251641,Penelles,27,193,76,15,123,71,42,316,147
171306,"Pera, la",28,147,42,31,127,60,59,274,102
081607,Perafita,25,131,48,27,113,56,52,244,104
431037,Perafort,145,440,61,107,401,76,252,841,137
171328,Peralada,151,627,153,149,585,181,300,1212,334
251654,Peramola,22,123,49,17,113,60,39,236,109
431042,"Perelló, el",223,1193,368,200,982,370,423,2175,738
081614,Piera,1440,5152,989,1325,4731,1230,2765,9883,2219
431055,"Piles, les",12,83,22,17,67,18,29,150,40
081635,Pineda de Mar,2070,9143,1943,1921,8565,2398,3991,17708,4341
431068,"Pinell de Brai, el",65,369,141,62,319,177,127,688,318
251667,Pinell de Solsonès,13,77,29,13,55,30,26,132,59
251673,Pinós,20,116,33,19,86,33,39,202,66
431074,Pira,51,163,46,43,146,51,94,309,97
431080,"Pla de Santa Maria, el",198,855,204,168,736,224,366,1591,428
081640,"Pla del Penedès, el",92,389,97,91,358,118,183,747,215
171334,"Planes d'Hostoles, les",117,526,222,93,497,253,210,1023,475
171349,Planoles,19,119,29,15,89,38,34,208,67
259118,"Plans de Sió, els",34,186,80,22,141,96,56,327,176
251689,"Poal, el",36,217,79,37,184,92,73,401,171
251692,"Pobla de Cérvoles, la",15,88,33,19,57,33,34,145,66
081653,"Pobla de Claramunt, la",205,774,167,214,703,206,419,1477,373
081666,"Pobla de Lillet, la",50,445,147,39,384,230,89,829,377
431093,"Pobla de Mafumet, la",260,1106,94,250,987,113,510,2093,207
431107,"Pobla de Massaluca, la",16,124,58,14,97,68,30,221,126
431114,"Pobla de Montornès, la",251,1068,220,245,874,244,496,1942,464
251713,"Pobla de Segur, la",213,1042,339,217,980,455,430,2022,794
431129,Poboleda,23,143,43,13,115,46,36,258,89
081672,Polinyà,830,2952,286,825,2747,344,1655,5699,630
431135,"Pont d'Armentera, el",38,192,76,30,170,77,68,362,153
250306,"Pont de Bar, el",16,66,26,11,50,21,27,116,47
171352,Pont de Molins,30,188,49,31,168,43,61,356,92
251734,"Pont de Suert, el",183,929,198,164,774,269,347,1703,467
081825,"Pont de Vilomara i Rocafort, el",347,1336,257,299,1195,307,646,2531,564
431418,Pontils,5,51,20,2,44,12,7,95,32
081688,Pontons,55,213,41,35,178,50,90,391,91
171365,Pontós,17,75,35,15,69,22,32,144,57
251728,Ponts,215,901,260,192,839,307,407,1740,567
171371,Porqueres,389,1477,319,433,1474,339,822,2951,658
431140,Porrera,27,172,52,20,135,62,47,307,114
171404,"Port de la Selva, el",68,358,113,50,302,118,118,660,231
171387,Portbou,42,443,159,51,375,220,93,818,379
251749,"Portella, la",49,304,62,28,237,74,77,541,136
431153,Pradell de la Teixeta,6,67,18,14,69,30,20,136,48
431166,Prades,41,234,73,42,193,79,83,427,152
431172,Prat de Comte,15,61,29,9,49,27,24,110,56
081691,"Prat de Llobregat, el",5061,22120,4347,4642,21751,5578,9703,43871,9925
431188,Pratdip,50,279,128,40,223,128,90,502,256
081712,Prats de Lluçanès,176,910,236,161,858,335,337,1768,571
081705,"Prats de Rei, els",30,203,51,21,158,69,51,361,120
251752,Prats i Sansor,24,104,23,16,97,20,40,201,43
251765,Preixana,26,123,69,27,105,76,53,228,145
251771,Preixens,27,136,73,34,119,88,61,255,161
082303,Premià de Dalt,882,3546,667,830,3485,758,1712,7031,1425
081727,Premià de Mar,2245,9906,1812,2193,9591,2563,4438,19497,4375
171390,"Preses, les",145,560,138,159,577,166,304,1137,304
251790,Prullans,8,71,32,15,76,32,23,147,64
171411,Puigcerdà,762,3151,527,731,2912,719,1493,6063,1246
081748,Puigdàlber,39,188,32,43,176,47,82,364,79
251804,Puiggròs,29,106,31,19,92,37,48,198,68
431191,Puigpelat,116,369,48,93,332,64,209,701,112
081751,Puig-reig,242,1440,468,252,1309,636,494,2749,1104
251811,Puigverd d'Agramunt,20,99,41,13,80,28,33,179,69
251826,Puigverd de Lleida,126,478,131,120,430,137,246,908,268
081764,Pujalt,17,67,23,8,66,27,25,133,50
081770,"Quar, la",5,24,11,1,19,6,6,43,17
171426,Quart,318,1125,154,265,1093,195,583,2218,349
170433,Queralbs,8,69,27,7,49,26,15,118,53
431205,Querol,40,203,52,31,177,41,71,380,93
171432,Rabós,13,68,21,10,57,27,23,125,48
081786,Rajadell,33,193,47,35,163,53,68,356,100
431212,Rasquera,51,291,140,56,286,138,107,577,278
171447,Regencós,24,102,36,25,79,35,49,181,71
081799,Rellinars,53,278,50,70,232,55,123,510,105
431227,Renau,12,53,6,13,47,7,25,100,13
431233,Reus,9493,36326,6580,9151,36050,9109,18644,72376,15689
251832,Rialp,47,250,44,50,219,54,97,469,98
431248,"Riba, la",43,247,73,32,204,82,75,451,155
431251,Riba-roja d'Ebre,49,491,166,56,368,191,105,859,357
259059,Ribera d'Ondara,28,154,56,24,131,66,52,285,122
251850,Ribera d'Urgellet,81,340,84,59,303,108,140,643,192
171450,Ribes de Freser,101,624,231,94,582,309,195,1206,540
171463,Riells i Viabrea,418,1448,197,382,1344,204,800,2792,401
431264,"Riera de Gaià, la",177,586,95,161,528,130,338,1114,225
251863,Riner,15,94,32,19,88,35,34,182,67
171479,Ripoll,767,3650,976,633,3506,1381,1400,7156,2357
081803,Ripollet,3415,13241,2040,3375,12508,2769,6790,25749,4809
259139,Riu de Cerdanya,5,54,5,6,33,10,11,87,15
171485,Riudarenes,189,762,162,183,697,190,372,1459,352
171498,Riudaura,28,153,37,33,136,52,61,289,89
431270,Riudecanyes,116,378,98,98,347,117,214,725,215
431286,Riudecols,97,469,100,95,410,123,192,879,223
171501,Riudellots de la Selva,178,735,134,154,657,164,332,1392,298
431299,Riudoms,581,2237,502,524,2034,588,1105,4271,1090
171518,Riumors,22,82,23,15,76,29,37,158,52
081810,"Roca del Vallès, la",1032,3561,600,947,3467,696,1979,7028,1296
431303,Rocafort de Queralt,10,82,37,16,65,34,26,147,71
431310,Roda de Berà,530,2244,503,473,2047,487,1003,4291,990
081831,Roda de Ter,548,2041,432,475,2000,655,1023,4041,1087
431325,Rodonyà,43,179,44,37,133,64,80,312,108
431331,Roquetes,738,3005,601,631,2573,732,1369,5578,1333
171523,Roses,1714,6873,1360,1680,6574,1530,3394,13447,2890
251898,Rosselló,269,1110,179,265,972,235,534,2082,414
431346,"Rourell, el",32,143,26,31,113,41,63,256,67
081846,Rubí,6634,26339,4073,6172,25411,5350,12806,51750,9423
081859,Rubió,14,81,26,12,68,21,26,149,47
171539,Rupià,13,82,25,22,73,26,35,155,51
089019,Rupit i Pruit,10,112,37,17,100,33,27,212,70
081878,Sabadell,17026,69870,14594,16123,69294,20814,33149,139164,35408
081884,Sagàs,15,46,13,11,39,16,26,85,29
251902,Salàs de Pallars,10,124,46,14,98,61,24,222,107
081901,Saldes,14,131,35,13,98,33,27,229,68
171544,Sales de Llierca,12,56,9,10,50,7,22,106,16
081918,Sallent,456,2189,672,471,2133,971,927,4322,1643
431359,Salomó,43,188,54,41,147,52,84,335,106
439057,Salou,2172,10729,1172,1890,8941,1289,4062,19670,2461
171557,Salt,3163,11637,1416,2873,9327,1973,6036,20964,3389
251919,Sanaüja,33,146,57,30,123,71,63,269,128
081944,Sant Adrià de Besòs,2985,11363,2461,2759,11218,3371,5744,22581,5832
081957,Sant Agustí de Lluçanès,2,37,11,2,32,12,4,69,23
081960,Sant Andreu de la Barca,2811,9585,1296,2517,9139,1746,5328,18724,3042
081976,Sant Andreu de Llavaneres,1031,3534,623,877,3502,839,1908,7036,1462
171576,Sant Andreu Salou,12,47,17,8,46,22,20,93,39
171833,Sant Aniol de Finestres,29,122,33,21,107,33,50,229,66
081982,Sant Antoni de Vilamajor,529,1934,321,492,1872,407,1021,3806,728
081995,Sant Bartomeu del Grau,72,364,62,71,316,78,143,680,140
082009,Sant Boi de Llobregat,6645,28830,5642,6235,27969,7539,12880,56799,13181
082016,Sant Boi de Lluçanès,22,189,56,37,146,73,59,335,129
431362,Sant Carles de la Ràpita,1155,5140,1300,1152,4926,1665,2307,10066,2965
082037,Sant Cebrià de Vallalta,318,1278,185,330,1116,199,648,2394,384
082021,Sant Celoni,1494,5825,1143,1396,5569,1522,2890,11394,2665
082042,Sant Climent de Llobregat,408,1363,198,369,1323,246,777,2686,444
171582,Sant Climent Sescebes,29,193,68,39,147,69,68,340,137
082055,Sant Cugat del Vallès,9014,27795,3935,8510,29013,5070,17524,56808,9005
082068,Sant Cugat Sesgarrigues,91,331,82,92,298,98,183,629,180
251961,Sant Esteve de la Sarga,4,55,24,3,37,15,7,92,39
082074,Sant Esteve de Palautordera,263,834,137,280,850,152,543,1684,289
082080,Sant Esteve Sesrovires,694,2623,430,696,2494,502,1390,5117,932
171595,Sant Feliu de Buixalleu,57,276,70,51,245,69,108,521,139
082107,Sant Feliu de Codines,546,2107,377,519,1922,519,1065,4029,896
171609,Sant Feliu de Guíxols,1704,7521,1605,1668,7184,2132,3372,14705,3737
082114,Sant Feliu de Llobregat,3636,14540,2850,3583,14748,3739,7219,29288,6589
171616,Sant Feliu de Pallerols,103,431,113,115,401,167,218,832,280
082129,Sant Feliu Sasserra,51,233,59,32,215,79,83,448,138
171621,Sant Ferriol,27,90,17,13,64,17,40,154,34
082093,Sant Fost de Campsentelles,718,2937,572,636,2805,753,1354,5742,1325
082135,Sant Fruitós de Bages,817,2863,437,708,2797,576,1525,5660,1013
171637,Sant Gregori,344,1095,223,286,1094,238,630,2189,461
251924,Sant Guim de Freixenet,77,373,108,79,327,147,156,700,255
251977,Sant Guim de la Plana,13,65,25,12,48,32,25,113,57
171642,Sant Hilari Sacalm,398,2063,478,395,1799,591,793,3862,1069
082153,Sant Hipòlit de Voltregà,314,1212,269,272,1089,391,586,2301,660
081939,Sant Iscle de Vallalta,116,466,90,124,387,98,240,853,188
439023,Sant Jaume d'Enveja,264,1164,372,223,1097,421,487,2261,793
082166,Sant Jaume de Frontanyà,0,8,3,0,7,1,0,15,4
171655,Sant Jaume de Llierca,43,247,99,38,226,121,81,473,220
431378,Sant Jaume dels Domenys,246,877,162,203,793,224,449,1670,386
171674,Sant Joan de les Abadesses,211,1166,359,202,1015,539,413,2181,898
171680,Sant Joan de Mollet,42,178,44,44,155,59,86,333,103
082188,Sant Joan de Vilatorrada,957,3701,753,869,3499,988,1826,7200,1741
082172,Sant Joan Despí,3070,10856,1963,2745,11188,2584,5815,22044,4547
171851,Sant Joan les Fonts,186,972,298,161,912,348,347,1884,646
171668,Sant Jordi Desvalls,43,217,63,50,210,84,93,427,147
089030,Sant Julià de Cerdanyola,24,92,29,13,74,31,37,166,60
171693,Sant Julià de Ramis,319,1170,197,333,1130,199,652,2300,396
082205,Sant Julià de Vilatorta,281,997,188,270,1013,235,551,2010,423
179032,Sant Julià del Llor i Bonmatí,117,456,73,103,416,106,220,872,179
082212,Sant Just Desvern,1387,5218,1133,1347,5613,1555,2734,10831,2688
082227,Sant Llorenç d'Hortons,229,886,142,240,808,187,469,1694,329
171714,Sant Llorenç de la Muga,17,78,22,12,69,29,29,147,51
251930,Sant Llorenç de Morunys,66,342,118,66,304,136,132,646,254
082233,Sant Llorenç Savall,180,813,223,180,745,271,360,1558,494
082251,Sant Martí d'Albars,5,38,13,8,30,15,13,68,28
082248,Sant Martí de Centelles,88,393,69,90,353,87,178,746,156
171729,Sant Martí de Llémena,47,213,46,53,198,34,100,411,80
259025,Sant Martí de Riucorb,32,221,104,40,171,115,72,392,219
082264,Sant Martí de Tous,115,375,100,123,332,122,238,707,222
082270,Sant Martí Sarroca,269,1056,271,264,1020,317,533,2076,588
082286,Sant Martí Sesgueioles,26,129,33,32,113,43,58,242,76
171735,Sant Martí Vell,31,84,22,24,75,22,55,159,44
082299,Sant Mateu de Bages,27,215,90,33,164,113,60,379,203
171740,Sant Miquel de Campmajor,16,79,26,14,76,23,30,155,49
171753,Sant Miquel de Fluvià,56,273,61,47,247,80,103,520,141
171766,Sant Mori,11,78,11,12,66,15,23,144,26
171772,Sant Pau de Segúries,39,227,81,40,215,92,79,442,173
082310,Sant Pere de Ribes,2582,10412,1557,2507,9811,1914,5089,20223,3471
082325,Sant Pere de Riudebitlles,210,783,202,202,743,242,412,1526,444
082331,Sant Pere de Torelló,195,843,199,140,785,261,335,1628,460
082346,Sant Pere de Vilamajor,426,1454,262,435,1395,284,861,2849,546
171788,Sant Pere Pescador,192,794,147,135,671,169,327,1465,316
081897,Sant Pere Sallavinera,9,56,24,11,43,21,20,99,45
082359,Sant Pol de Mar,443,1710,405,389,1687,436,832,3397,841
082362,Sant Quintí de Mediona,214,698,192,179,657,207,393,1355,399
082378,Sant Quirze de Besora,149,699,231,151,653,318,300,1352,549
082384,Sant Quirze del Vallès,1918,6661,789,1936,6709,1038,3854,13370,1827
082397,Sant Quirze Safaja,57,245,39,77,209,34,134,454,73
251945,Sant Ramon,31,182,80,25,156,78,56,338,158
082401,Sant Sadurní d'Anoia,1121,4154,799,1071,4125,1075,2192,8279,1874
082418,Sant Sadurní d'Osormort,6,35,11,4,30,9,10,65,20
080983,Sant Salvador de Guardiola,325,1060,223,297,1013,228,622,2073,451
082628,Sant Vicenç de Castellet,747,3142,658,653,2930,996,1400,6072,1654
082649,Sant Vicenç de Montalt,690,1917,355,608,1903,381,1298,3820,736
082652,Sant Vicenç de Torelló,180,659,165,161,644,240,341,1303,405
082634,Sant Vicenç dels Horts,2492,9905,1738,2411,9399,2192,4903,19304,3930
431384,Santa Bàrbara,320,1349,373,276,1223,448,596,2572,821
082439,Santa Cecília de Voltregà,7,67,23,9,61,15,16,128,38
082444,Santa Coloma de Cervelló,825,2711,365,925,2610,495,1750,5321,860
171805,Santa Coloma de Farners,1098,4390,805,1048,3950,1014,2146,8340,1819
082457,Santa Coloma de Gramenet,9551,42509,9022,8512,39654,11576,18063,82163,20598
431397,Santa Coloma de Queralt,286,1003,269,265,908,361,551,1911,630
171812,Santa Cristina d'Aro,447,1785,350,440,1664,380,887,3449,730
082460,Santa Eugènia de Berga,155,883,150,172,755,179,327,1638,329
082476,Santa Eulàlia de Riuprimer,101,396,79,92,360,95,193,756,174
082482,Santa Eulàlia de Ronçana,673,2307,467,602,2283,589,1275,4590,1056
082495,Santa Fe del Penedès,42,140,26,41,134,25,83,274,51
171827,Santa Llogaia d'Àlguema,30,127,20,29,112,24,59,239,44
082508,Santa Margarida de Montbui,907,3399,617,837,3240,812,1744,6639,1429
082515,Santa Margarida i els Monjos,736,2492,360,675,2329,438,1411,4821,798
082589,Santa Maria d'Oló,77,357,107,80,317,128,157,674,235
082536,Santa Maria de Besora,9,47,24,9,42,29,18,89,53
082567,Santa Maria de Martorelles,78,307,45,69,283,59,147,590,104
082554,Santa Maria de Merlès,15,51,16,19,57,13,34,108,29
082573,Santa Maria de Miralles,5,50,14,10,44,17,15,94,31
082592,Santa Maria de Palautordera,872,3261,544,756,2988,676,1628,6249,1220
431401,Santa Oliva,325,1162,243,271,1062,280,596,2224,523
171848,Santa Pau,101,555,151,106,534,154,207,1089,305
082606,Santa Perpètua de Mogoda,2572,9176,1299,2246,8427,1611,4818,17603,2910
082613,Santa Susanna,316,1156,221,286,1113,225,602,2269,446
081923,Santpedor,645,2498,465,604,2388,585,1249,4886,1050
431423,Sarral,131,598,145,147,501,181,278,1099,326
171864,Sarrià de Ter,363,1629,351,382,1538,451,745,3167,802
252017,Sarroca de Bellera,0,51,23,2,35,16,2,86,39
252000,Sarroca de Lleida,25,156,55,15,118,64,40,274,119
171870,"Saus, Camallera i Llampaies",50,255,67,60,260,88,110,515,155
431439,Savallà del Comtat,1,26,7,2,22,11,3,48,18
431444,"Secuita, la",130,584,96,131,515,126,261,1099,222
171886,"Selva de Mar, la",7,77,27,10,65,23,17,142,50
431457,"Selva del Camp, la",537,1929,356,493,1810,451,1030,3739,807
431460,Senan,2,24,8,4,14,3,6,38,11
430445,"Sénia, la",505,2092,487,439,1950,572,944,4042,1059
252022,Senterada,2,62,9,9,40,13,11,102,22
250352,"Sentiu de Sió, la",19,165,64,25,155,60,44,320,124
082671,Sentmenat,801,3030,435,726,2866,549,1527,5896,984
171903,Serinyà,92,392,85,89,359,100,181,751,185
252043,Seròs,123,726,203,109,524,225,232,1250,428
171910,Serra de Daró,20,67,26,12,58,26,32,125,52
171925,Setcases,5,63,27,5,56,20,10,119,47
252038,"Seu d'Urgell, la",1022,4446,911,957,4436,1237,1979,8882,2148
082690,Seva,322,1172,260,274,1080,304,596,2252,564
252056,Sidamon,61,257,54,60,243,64,121,500,118
171931,Sils,517,1937,345,480,1824,389,997,3761,734
082704,Sitges,2336,10035,1899,2140,9809,2398,4476,19844,4297
170524,Siurana,17,53,25,10,54,22,27,107,47
082711,Sobremunt,5,27,10,9,27,10,14,54,20
252069,"Soleràs, el",24,118,55,24,82,66,48,200,121
431476,Solivella,52,212,85,53,186,99,105,398,184
252075,Solsona,819,3167,679,767,2937,935,1586,6104,1614
082726,Sora,11,72,19,12,51,14,23,123,33
252081,Soriguera,23,143,34,22,107,39,45,250,73
252094,Sort,208,818,178,173,766,217,381,1584,395
252108,Soses,143,635,132,129,540,185,272,1175,317
082732,Subirats,265,1021,254,262,950,323,527,1971,577
252115,Sudanell,52,350,87,45,256,95,97,606,182
252120,Sunyer,16,106,39,16,88,40,32,194,79
082747,Súria,412,2061,579,386,1959,858,798,4020,1437
171946,Susqueda,7,47,14,6,29,12,13,76,26
082763,Tagamanent,30,114,26,26,89,29,56,203,55
082779,Talamanca,11,67,11,6,47,13,17,114,24
252154,Talarn,19,221,37,45,148,53,64,369,90
252167,Talavera,21,105,36,10,75,43,31,180,79
171959,"Tallada d'Empordà, la",34,142,48,32,144,49,66,286,97
082785,Taradell,551,2104,456,479,1999,592,1030,4103,1048
431482,Tarragona,11236,46083,8642,10582,45453,12089,21818,91536,20731
252173,Tàrrega,1570,6036,1011,1505,5580,1427,3075,11616,2438
252189,Tarrés,4,39,14,5,31,15,9,70,29
252192,Tarroja de Segarra,9,60,22,9,46,29,18,106,51
082750,Tavèrnoles,25,105,25,21,108,23,46,213,48
082802,Tavertet,6,57,16,6,44,13,12,101,29
082819,Teià,515,2131,414,448,2112,542,963,4243,956
252206,Térmens,95,544,145,92,457,188,187,1001,333
171962,Terrades,27,107,23,21,98,35,48,205,58
082798,Terrassa,19072,73784,13064,17840,71022,18915,36912,144806,31979
082824,Tiana,712,2726,433,736,2786,580,1448,5512,1013
252213,Tírvia,10,58,13,8,53,18,18,111,31
252228,Tiurana,5,22,13,6,25,12,11,47,25
431495,Tivenys,50,290,124,43,257,146,93,547,270
431508,Tivissa,104,608,215,105,542,250,209,1150,465
082830,Tona,743,2755,553,715,2646,707,1458,5401,1260
252234,Torà,93,471,119,84,426,150,177,897,269
082845,Tordera,1416,5645,1106,1275,5208,1324,2691,10853,2430
082858,Torelló,1100,4797,990,1079,4599,1366,2179,9396,2356
252249,"Torms, els",12,53,29,7,41,29,19,94,58
252252,Tornabous,67,292,110,41,238,123,108,530,233
252271,"Torre de Cabdella, la",20,268,96,26,231,128,46,499,224
082861,"Torre de Claramunt, la",379,1374,220,336,1257,230,715,2631,450
431515,"Torre de Fontaubella, la",8,45,20,8,36,23,16,81,43
431520,"Torre de l'Espanyol, la",41,229,84,57,193,94,98,422,178
252265,Torrebesses,20,94,43,7,87,49,27,181,92
431536,Torredembarra,1241,5364,1087,1202,5216,1351,2443,10580,2438
252287,Torrefarrera,463,1543,176,430,1463,234,893,3006,410
259078,Torrefeta i Florejacs,43,200,86,34,178,93,77,378,179
252304,Torregrossa,142,763,228,138,652,318,280,1415,546
252311,Torrelameu,33,306,70,43,180,82,76,486,152
082877,Torrelavit,105,525,125,86,420,137,191,945,262
082883,Torrelles de Foix,214,862,216,181,761,220,395,1623,436
082896,Torrelles de Llobregat,561,1998,251,599,1939,313,1160,3937,564
171978,Torrent,10,64,26,10,61,18,20,125,44
252326,Torres de Segre,126,792,197,144,652,235,270,1444,432
252332,Torre-serona,21,117,44,18,102,46,39,219,90
171984,Torroella de Fluvià,47,259,48,59,237,49,106,496,97
171997,Torroella de Montgrí,969,3986,815,927,3740,948,1896,7726,1763
431541,Torroja del Priorat,8,58,27,6,44,28,14,102,55
172001,Tortellà,42,242,96,54,216,110,96,458,206
431554,Tortosa,2736,11888,2681,2527,10919,3681,5263,22807,6362
172018,Toses,8,70,21,9,37,16,17,107,37
172023,Tossa de Mar,421,2136,466,401,1954,539,822,4090,1005
252347,Tremp,478,2389,595,454,1977,818,932,4366,1413
172044,Ullà,99,427,64,95,318,72,194,745,136
082900,Ullastrell,216,635,109,203,618,123,419,1253,232
172057,Ullastret,25,86,27,26,80,24,51,166,51
431567,Ulldecona,591,2654,578,522,2307,752,1113,4961,1330
431573,Ulldemolins,20,162,76,13,98,80,33,260,156
172039,Ultramort,17,72,24,8,58,32,25,130,56
172060,Urús,12,74,13,12,67,26,24,141,39
082917,Vacarisses,754,2134,327,628,2000,332,1382,4134,659
170144,"Vajol, la",5,46,8,3,30,9,8,76,17
172076,"Vall d'en Bas, la",222,962,259,217,895,333,439,1857,592
172082,"Vall de Bianya, la",111,460,96,105,418,125,216,878,221
250432,"Vall de Boí, la",57,440,90,50,360,79,107,800,169
259010,Vall de Cardós,22,144,49,25,118,46,47,262,95
082922,Vallbona d'Anoia,119,520,98,104,465,127,223,985,225
252385,Vallbona de les Monges,13,92,37,7,67,48,20,159,85
082938,Vallcebre,15,108,38,6,68,34,21,176,72
431589,Vallclara,8,43,19,9,32,14,17,75,33
252402,Vallfogona de Balaguer,131,649,137,141,633,156,272,1282,293
171707,Vallfogona de Ripollès,13,83,25,7,64,31,20,147,56
431592,Vallfogona de Riucorb,1,46,20,2,24,22,3,70,42
082943,Vallgorguina,282,931,134,245,880,145,527,1811,279
082956,Vallirana,1367,4964,878,1380,4798,1022,2747,9762,1900
172095,Vall-llobrega,92,309,38,98,296,44,190,605,82
431606,Vallmoll,127,610,125,126,544,119,253,1154,244
082969,Vallromanes,294,816,113,262,786,125,556,1602,238
431613,Valls,2095,8817,1706,1953,8085,2360,4048,16902,4066
259062,"Valls d'Aguilar, les",17,111,41,8,88,40,25,199,81
252398,"Valls de Valira, les",44,377,81,38,334,79,82,711,160
431628,Vandellòs i l'Hospitalet de l'Infant,494,2045,417,444,2035,506,938,4080,923
259097,"Vansa i Fórnols, la",7,78,30,10,59,30,17,137,60
082975,Veciana,17,52,28,8,45,23,25,97,51
431634,"Vendrell, el",3223,12703,2370,3155,12185,2817,6378,24888,5187
172109,Ventalló,52,274,80,64,248,82,116,522,162
252424,Verdú,58,300,127,61,284,176,119,584,303
172116,Verges,85,402,113,87,363,157,172,765,270
431649,Vespella de Gaià,40,155,40,22,132,26,62,287,66
082981,Vic,3787,14002,2509,3452,13286,3864,7239,27288,6373
172121,Vidrà,14,61,13,9,53,17,23,114,30
172137,Vidreres,750,2704,513,606,2463,625,1356,5167,1138
252430,Vielha e Mijaran,452,2220,236,383,2007,303,835,4227,539
431652,Vilabella,50,288,88,55,239,106,105,527,194
172142,Vilabertran,68,303,92,75,269,95,143,572,187
172155,Vilablareix,203,856,127,188,880,147,391,1736,274
082994,Vilada,21,177,59,13,153,86,34,330,145
172174,Viladamat,21,175,46,29,140,47,50,315,93
172168,Viladasens,14,77,19,8,66,26,22,143,45
083015,Viladecans,5880,22624,3782,5585,22132,4734,11465,44756,8516
083008,Viladecavalls,694,2664,334,712,2578,394,1406,5242,728
172180,Vilademuls,66,247,84,58,236,89,124,483,173
172207,Viladrau,75,396,87,100,350,94,175,746,181
172214,Vilafant,494,1909,323,444,1912,383,938,3821,706
083054,Vilafranca del Penedès,3320,13524,2452,3171,12842,3476,6491,26366,5928
252445,Vilagrassa,34,161,47,36,140,53,70,301,100
172235,Vilajuïga,99,382,94,105,374,112,204,756,206
431750,Vilalba dels Arcs,31,232,108,39,187,114,70,419,222
083067,Vilalba Sasserra,65,232,42,58,221,52,123,453,94
252458,Vilaller,42,305,53,28,200,63,70,505,116
172240,Vilallonga de Ter,37,163,58,27,135,56,64,298,114
431665,Vilallonga del Camp,214,780,121,200,722,144,414,1502,265
172253,Vilamacolum,23,108,28,18,86,36,41,194,64
172266,Vilamalla,113,403,77,87,359,76,200,762,153
172272,Vilamaniscle,16,66,18,14,43,14,30,109,32
252477,Vilamòs,17,76,10,9,69,8,26,145,18
172288,Vilanant,25,121,35,35,127,30,60,248,65
431671,Vilanova d'Escornalbou,54,207,57,33,176,41,87,383,98
252483,Vilanova de Bellpuig,85,391,150,60,343,177,145,734,327
252496,Vilanova de l'Aguda,11,73,36,15,59,42,26,132,78
252542,Vilanova de la Barca,87,399,120,76,366,137,163,765,257
252509,Vilanova de Meià,21,142,60,18,113,68,39,255,128
431687,Vilanova de Prades,3,48,18,12,34,18,15,82,36
083036,Vilanova de Sau,23,113,30,15,121,33,38,234,63
252516,Vilanova de Segrià,60,325,72,52,273,88,112,598,160
083020,Vilanova del Camí,1181,4473,727,1117,4212,922,2298,8685,1649
089024,Vilanova del Vallès,590,1701,243,534,1642,265,1124,3343,508
083073,Vilanova i la Geltrú,5381,22942,4564,5161,22658,6199,10542,45600,10763
431690,Vilaplana,29,232,62,39,200,77,68,432,139
431704,Vila-rodona,113,448,101,89,389,139,202,837,240
172305,Vila-sacra,50,225,46,50,221,64,100,446,110
252521,Vila-sana,49,242,60,49,221,77,98,463,137
431711,Vila-seca,1932,8256,990,1838,7560,1263,3770,15816,2253
082140,Vilassar de Dalt,707,2986,637,710,2970,784,1417,5956,1421
082191,Vilassar de Mar,1754,6510,1319,1636,6788,1833,3390,13298,3152
172229,Vilaür,14,36,22,13,43,21,27,79,43
431726,Vilaverd,38,172,39,43,146,66,81,318,105
431732,"Vilella Alta, la",8,48,20,16,30,18,24,78,38
431747,"Vilella Baixa, la",17,75,24,17,49,28,34,124,52
172333,Vilobí d'Onyar,286,1063,229,256,953,244,542,2016,473
083041,Vilobí del Penedès,102,378,89,88,336,110,190,714,199
172327,Vilopriu,19,76,22,11,58,26,30,134,48
252537,"Vilosell, el",5,70,29,3,57,39,8,127,68
431763,Vimbodí i Poblet,74,352,145,48,267,124,122,619,269
252555,Vinaixa,25,210,62,20,168,89,45,378,151
431779,Vinebre,27,151,49,34,139,60,61,290,109
431785,Vinyols i els Arcs,152,689,143,149,640,138,301,1329,281
083089,Viver i Serrateix,13,57,22,11,52,23,24,109,45
430521,Xerta,93,406,140,71,402,185,164,808,325
,Catalunya,602076,2595159,534961,565754,2511170,730498,1167830,5106329,1265459

