Codi,Literal,Migracions internes  amb la resta de Catalunya  immigracions,Migracions internes  amb la resta de Catalunya  emigracions,Migracions internes  amb la resta de Catalunya  saldo migratori,Migracions internes  amb la resta d'Espanya  immigracions,Migracions internes  amb la resta d'Espanya  emigracions,Migracions internes  amb la resta d'Espanya  saldo migratori,Migracions externes  immigracions,Migracions externes  emigracions,Migracions externes  saldo migratori,Saldo migratori total
250019,Abella de la Conca,0,6,-6,1,2,-1,1,1,0,-7
080018,Abrera,797,563,234,69,95,-26,110,12,98,306
250024,Àger,16,22,-6,0,2,-2,3,0,3,-5
250030,Agramunt,130,172,-42,27,65,-38,208,3,205,125
080023,Aguilar de Segarra,14,7,7,2,3,-1,2,0,2,8
170010,Agullana,45,35,10,8,6,2,14,4,10,22
080142,Aiguafreda,129,91,38,8,2,6,14,0,14,58
430017,Aiguamúrcia,40,23,17,2,5,-3,18,0,18,32
170025,Aiguaviva,26,27,-1,0,1,-1,9,0,9,7
250387,Aitona,55,68,-13,77,61,16,49,1,48,51
250045,"Alamús, els",13,28,-15,6,6,0,23,0,23,8
250058,Alàs i Cerc,25,19,6,0,0,0,4,1,3,9
250061,"Albagés, l'",16,19,-3,1,2,-1,2,0,2,-2
170031,Albanyà,4,7,-3,0,2,-2,3,1,2,-3
250077,Albatàrrec,52,65,-13,21,14,7,26,1,25,19
250083,Albesa,32,34,-2,5,9,-4,37,1,36,30
250096,"Albi, l'",12,18,-6,1,6,-5,6,0,6,-5
430022,Albinyana,203,105,98,10,8,2,15,0,15,115
430038,"Albiol, l'",52,20,32,1,0,1,2,1,1,34
170046,Albons,30,30,0,1,3,-2,8,0,8,6
430043,Alcanar,237,173,64,147,126,21,361,11,350,435
250100,Alcanó,3,4,-1,1,0,1,0,0,0,0
250117,Alcarràs,205,172,33,45,43,2,48,0,48,83
250122,Alcoletge,143,64,79,18,14,4,34,1,33,116
430056,Alcover,170,110,60,15,23,-8,62,37,25,77
439044,"Aldea, l'",111,94,17,32,9,23,101,0,101,141
430069,Aldover,32,14,18,2,5,-3,11,0,11,26
430075,"Aleixar, l'",20,21,-1,2,1,1,5,0,5,5
080039,Alella,395,434,-39,56,40,16,109,9,100,77
430081,Alfara de Carles,0,16,-16,0,2,-2,0,0,0,-18
250138,Alfarràs,88,96,-8,65,46,19,92,0,92,103
250143,Alfés,5,8,-3,0,0,0,2,0,2,-1
430094,Alforja,97,59,38,10,2,8,22,6,16,62
250156,Algerri,10,21,-11,0,4,-4,0,0,0,-15
250169,Alguaire,89,94,-5,22,24,-2,90,0,90,83
250175,Alins,0,3,-3,0,1,-1,0,0,0,-4
430108,Alió,7,21,-14,5,3,2,13,0,13,1
250194,Almacelles,149,140,9,109,101,8,156,1,155,172
250208,Almatret,14,14,0,9,7,2,1,2,-1,1
250215,Almenar,85,84,1,38,37,1,82,0,82,84
430115,Almoster,136,55,81,2,3,-1,3,0,3,83
250220,Alòs de Balaguer,22,12,10,1,2,-1,1,0,1,10
170062,Alp,105,84,21,14,4,10,18,1,17,48
080044,Alpens,5,8,-3,0,0,0,2,0,2,-1
250236,Alpicat,324,143,181,41,31,10,66,1,65,256
250241,Alt Àneu,28,14,14,16,5,11,2,0,2,27
430120,Altafulla,289,196,93,47,37,10,44,3,41,144
170078,Amer,77,48,29,9,3,6,24,0,24,59
430136,"Ametlla de Mar, l'",204,167,37,48,46,2,311,7,304,343
080057,"Ametlla del Vallès, l'",565,369,196,27,30,-3,40,59,-19,174
439060,"Ampolla, l'",137,97,40,38,14,24,172,2,170,234
430141,Amposta,509,392,117,169,150,19,360,62,298,434
170084,Anglès,214,214,0,36,23,13,85,11,74,87
250273,Anglesola,31,59,-28,5,3,2,25,1,24,-2
250292,Arbeca,49,68,-19,11,14,-3,101,1,100,78
430167,"Arboç, l'",253,192,61,31,22,9,132,0,132,202
430154,Arbolí,4,10,-6,0,0,0,1,1,0,-6
170097,Arbúcies,198,228,-30,30,27,3,249,5,244,217
080060,Arenys de Mar,855,593,262,99,123,-24,202,11,191,429
080076,Arenys de Munt,361,312,49,11,38,-27,75,5,70,92
170101,Argelaguer,35,18,17,1,0,1,4,1,3,21
080082,Argençola,9,11,-2,0,3,-3,3,0,3,-2
430173,"Argentera, l'",6,6,0,0,0,0,2,0,2,2
080095,Argentona,770,429,341,22,74,-52,84,4,80,369
170118,"Armentera, l'",39,22,17,1,1,0,9,0,9,26
430189,Arnes,6,9,-3,1,4,-3,4,0,4,-2
250313,Arres,3,2,1,0,1,-1,1,0,1,1
250328,Arsèguel,4,5,-1,0,0,0,3,0,3,2
080109,Artés,208,144,64,17,23,-6,63,9,54,112
250334,Artesa de Lleida,60,45,15,17,27,-10,18,0,18,23
250349,Artesa de Segre,112,151,-39,24,14,10,189,1,188,159
430192,Ascó,28,49,-21,3,12,-9,6,0,6,-24
250365,Aspa,2,10,-8,0,0,0,1,0,1,-7
250371,"Avellanes i Santa Linya, les",15,13,2,1,1,0,2,0,2,4
080116,Avià,103,50,53,8,4,4,14,3,11,68
080121,Avinyó,55,79,-24,4,4,0,21,1,20,-4
170123,Avinyonet de Puigventós,127,39,88,7,5,2,11,0,11,101
080137,Avinyonet del Penedès,138,58,80,3,2,1,26,0,26,107
080155,Badalona,7913,9838,-1925,1415,1974,-559,5039,609,4430,1946
089045,Badia del Vallès,578,868,-290,92,123,-31,78,5,73,-248
080168,Bagà,90,67,23,17,7,10,7,0,7,40
250390,Baix Pallars,20,16,4,8,4,4,4,0,4,12
250404,Balaguer,514,472,42,158,159,-1,576,26,550,591
080174,Balenyà,141,141,0,10,21,-11,20,8,12,1
080180,Balsareny,95,82,13,6,3,3,27,0,27,43
430206,Banyeres del Penedès,348,144,204,15,14,1,23,1,22,227
170157,Banyoles,500,506,-6,98,92,6,389,10,379,379
250411,Barbens,36,26,10,8,10,-2,20,0,20,28
430213,Barberà de la Conca,43,24,19,0,0,0,23,0,23,42
082520,Barberà del Vallès,1649,1362,287,166,174,-8,204,23,181,460
080193,Barcelona,25649,53202,-27553,12838,14094,-1256,48864,13874,34990,6181
250426,"Baronia de Rialb, la",8,11,-3,0,0,0,0,0,0,-3
170160,Bàscara,33,43,-10,4,0,4,10,0,10,4
250447,Bassella,6,14,-8,0,0,0,7,0,7,-1
430228,Batea,23,21,2,6,16,-10,44,0,44,36
250450,Bausen,2,0,2,1,0,1,0,0,0,3
080207,Begues,318,203,115,13,35,-22,45,2,43,136
170139,Begur,188,169,19,18,29,-11,125,10,115,123
250463,Belianes,15,21,-6,2,1,1,16,0,16,11
251706,Bellaguarda,7,5,2,1,0,1,6,0,6,9
170182,Bellcaire d'Empordà,48,36,12,1,5,-4,9,1,8,16
250479,Bellcaire d'Urgell,54,27,27,8,3,5,27,0,27,59
250485,Bell-lloc d'Urgell,63,68,-5,15,9,6,90,0,90,91
250498,Bellmunt d'Urgell,4,2,2,0,0,0,1,0,1,3
430234,Bellmunt del Priorat,9,6,3,1,1,0,11,0,11,14
080214,Bellprat,7,4,3,0,0,0,0,0,0,3
250501,Bellpuig,150,152,-2,32,21,11,107,5,102,111
430249,Bellvei,153,103,50,10,11,-1,35,0,35,84
250518,Bellver de Cerdanya,84,72,12,22,6,16,46,0,46,74
250523,Bellvís,45,81,-36,16,13,3,133,19,114,81
250539,Benavent de Segrià,68,39,29,9,10,-1,7,2,5,33
430252,Benifallet,0,9,-9,0,0,0,0,0,0,-9
430265,Benissanet,40,52,-12,3,4,-1,64,0,64,51
080229,Berga,576,443,133,84,50,34,283,16,267,434
170195,Besalú,68,62,6,19,3,16,40,0,40,62
170209,Bescanó,167,97,70,10,4,6,20,0,20,96
170216,Beuda,11,12,-1,0,1,-1,3,0,3,1
080235,Bigues i Riells del Fai,742,359,383,23,42,-19,48,1,47,411
250557,Biosca,7,9,-2,0,0,0,0,0,0,-2
170221,"Bisbal d'Empordà, la",328,310,18,69,38,31,199,25,174,223
430271,"Bisbal de Falset, la",8,5,3,3,0,3,8,0,8,14
430287,"Bisbal del Penedès, la",297,116,181,12,21,-9,32,2,30,202
172348,Biure,6,4,2,0,0,0,5,1,4,6
430290,Blancafort,29,13,16,2,0,2,2,0,2,20
170237,Blanes,1524,1400,124,337,336,1,943,110,833,958
170293,Boadella i les Escaules,12,9,3,0,0,0,2,0,2,5
170242,Bolvir,20,12,8,3,1,2,0,0,0,10
430304,Bonastre,68,38,30,3,2,1,15,1,14,45
250576,"Bòrdes, Es",20,8,12,8,1,7,2,0,2,21
170255,Bordils,72,86,-14,13,3,10,39,4,35,31
250582,"Borges Blanques, les",159,128,31,22,22,0,92,2,90,121
430311,"Borges del Camp, les",105,76,29,8,7,1,13,1,12,42
170268,Borrassà,26,26,0,2,1,1,9,0,9,10
080240,Borredà,21,25,-4,3,1,2,9,0,9,7
250595,Bossòst,24,37,-13,23,41,-18,30,2,28,-3
430326,Bot,12,14,-2,0,1,-1,13,0,13,10
430332,Botarell,61,39,22,1,6,-5,8,0,8,25
250560,Bovera,4,5,-1,0,1,-1,0,1,-1,-3
430347,Bràfim,34,17,17,5,8,-3,11,0,11,25
170274,Breda,162,133,29,7,12,-5,25,0,25,49
080253,"Bruc, el",167,102,65,8,9,-1,17,4,13,77
080266,"Brull, el",6,4,2,0,0,0,0,0,0,2
170280,Brunyola i Sant Martí Sapresa,12,12,0,0,0,0,4,0,4,4
430350,Cabacés,7,5,2,0,2,-2,0,0,0,0
250609,Cabanabona,8,1,7,0,0,0,0,0,0,7
170314,Cabanelles,8,16,-8,0,0,0,5,0,5,-3
170307,Cabanes,48,35,13,6,1,5,13,1,12,30
080272,"Cabanyes, les",57,26,31,0,0,0,6,0,6,37
250616,Cabó,0,0,0,0,0,0,0,0,0,0
430363,Cabra del Camp,100,48,52,7,7,0,10,0,10,62
080288,Cabrera d'Anoia,161,50,111,2,7,-5,9,0,9,115
080291,Cabrera de Mar,239,185,54,11,13,-2,37,3,34,86
080305,Cabrils,423,335,88,39,27,12,93,31,62,162
170329,Cadaqués,67,70,-3,23,24,-1,118,10,108,104
080312,Calaf,93,126,-33,13,26,-13,100,2,98,52
430379,Calafell,2224,1177,1047,199,184,15,486,5,481,1543
080348,Calders,55,47,8,1,2,-1,0,0,0,7
080327,Caldes d'Estrac,210,214,-4,28,23,5,70,3,67,68
170335,Caldes de Malavella,499,197,302,15,29,-14,53,10,43,331
080333,Caldes de Montbui,769,545,224,93,84,9,158,18,140,373
080351,Calella,1113,826,287,145,190,-45,513,41,472,714
080370,Calldetenes,131,109,22,7,8,-1,23,1,22,43
080386,Callús,79,64,15,8,4,4,24,2,22,41
080364,Calonge de Segarra,12,3,9,0,0,0,0,0,0,9
170340,Calonge i Sant Antoni,637,538,99,68,58,10,301,45,256,365
250621,Camarasa,48,25,23,2,0,2,7,0,7,32
439039,Camarles,97,96,1,5,9,-4,155,14,141,138
430385,Cambrils,1497,976,521,458,314,144,775,66,709,1374
170353,Camós,15,13,2,0,1,-1,7,0,7,8
170366,Campdevànol,139,71,68,6,9,-3,17,1,16,81
170372,Campelles,11,12,-1,0,0,0,0,1,-1,-2
080399,Campins,32,16,16,0,0,0,2,0,2,18
170388,Campllong,22,14,8,5,3,2,4,0,4,14
170391,Camprodon,102,92,10,18,15,3,38,0,38,51
250637,Canejan,1,1,0,0,0,0,0,0,0,0
170405,Canet d'Adri,30,12,18,4,0,4,4,0,4,26
080403,Canet de Mar,632,434,198,81,72,9,143,4,139,346
080410,Canovelles,976,777,199,106,166,-60,424,6,418,557
080425,Cànoves i Samalús,179,123,56,6,13,-7,14,0,14,63
170412,Cantallops,9,6,3,3,0,3,2,0,2,8
080431,Canyelles,452,186,266,17,22,-5,26,5,21,282
430398,Capafonts,5,2,3,0,0,0,1,0,1,4
430402,Capçanes,9,6,3,0,0,0,2,1,1,4
080446,Capellades,295,190,105,25,28,-3,32,14,18,120
170427,Capmany,25,29,-4,2,0,2,11,2,9,7
080459,Capolat,9,10,-1,0,0,0,0,0,0,-1
080462,Cardedeu,784,573,211,63,45,18,142,11,131,360
080478,Cardona,79,115,-36,10,12,-2,26,3,23,-15
080484,Carme,22,36,-14,3,1,2,14,0,14,2
430419,Caseres,1,7,-6,6,6,0,7,0,7,1
170448,Cassà de la Selva,301,239,62,36,37,-1,178,2,176,237
080497,Casserres,56,39,17,3,1,2,9,0,9,28
080575,Castell de l'Areny,0,5,-5,0,0,0,0,0,0,-5
259046,Castell de Mur,12,11,1,1,0,1,1,0,1,3
250642,Castellar de la Ribera,3,2,1,0,0,0,0,0,0,1
080522,Castellar de n'Hug,10,13,-3,0,1,-1,0,0,0,-4
080500,Castellar del Riu,18,3,15,0,0,0,1,0,1,16
080517,Castellar del Vallès,1226,646,580,99,82,17,190,26,164,761
080538,Castellbell i el Vilar,269,164,105,13,29,-16,24,2,22,111
080543,Castellbisbal,630,406,224,70,85,-15,162,10,152,361
080556,Castellcir,41,17,24,1,2,-1,9,0,9,32
250674,Castelldans,21,30,-9,15,4,11,34,0,34,36
080569,Castelldefels,3030,2679,351,688,745,-57,2035,239,1796,2090
080581,Castellet i la Gornal,203,97,106,13,0,13,6,1,5,124
170464,Castellfollit de la Roca,32,58,-26,3,13,-10,24,0,24,-12
080608,Castellfollit de Riubregós,3,20,-17,0,0,0,1,0,1,-16
080594,Castellfollit del Boix,10,8,2,0,1,-1,0,0,0,1
080615,Castellgalí,164,55,109,7,5,2,21,0,21,132
080620,Castellnou de Bages,86,39,47,2,6,-4,3,2,1,44
250680,Castellnou de Seana,23,18,5,2,0,2,11,0,11,18
170470,Castelló d'Empúries,569,307,262,111,70,41,664,31,633,936
250693,Castelló de Farfanya,12,21,-9,1,4,-3,14,0,14,2
080636,Castellolí,10,10,0,1,0,1,0,0,0,1
170486,Castell-Platja d'Aro,657,556,101,134,96,38,525,24,501,640
250707,Castellserà,26,28,-2,7,7,0,15,0,15,13
080641,Castellterçol,108,91,17,5,5,0,19,6,13,30
430424,Castellvell del Camp,156,83,73,4,8,-4,8,0,8,77
080654,Castellví de la Marca,80,57,23,5,2,3,20,5,15,41
080667,Castellví de Rosanes,113,65,48,4,9,-5,14,0,14,57
430430,"Catllar, el",244,168,76,8,9,-1,33,3,30,105
250714,Cava,3,1,2,0,0,0,0,0,0,2
171899,"Cellera de Ter, la",56,63,-7,1,1,0,22,0,22,15
170499,Celrà,264,143,121,21,19,2,120,1,119,242
080673,Centelles,314,164,150,14,25,-11,27,3,24,163
082687,Cercs,56,53,3,2,1,1,5,1,4,8
082665,Cerdanyola del Vallès,1888,2396,-508,331,368,-37,1011,67,944,399
080689,Cervelló,594,328,266,30,33,-3,76,3,73,336
250729,Cervera,394,343,51,97,133,-36,387,28,359,374
250735,Cervià de les Garrigues,29,22,7,2,2,0,6,0,6,13
170502,Cervià de Ter,58,26,32,2,1,1,19,0,19,52
170519,Cistella,15,9,6,1,0,1,0,0,0,7
250740,Ciutadilla,6,12,-6,1,1,0,0,0,0,-6
250753,Clariana de Cardener,8,14,-6,0,0,0,0,0,0,-6
250766,"Cogul, el",4,1,3,1,1,0,1,0,1,4
170545,Colera,13,64,-51,2,2,0,6,1,5,-46
250772,Coll de Nargó,20,14,6,1,7,-6,13,2,11,11
080692,Collbató,404,160,244,18,15,3,33,5,28,275
430458,Colldejou,7,12,-5,0,0,0,3,0,3,-2
080706,Collsuspina,24,8,16,0,4,-4,0,0,0,12
170558,Colomers,6,4,2,0,0,0,0,0,0,2
251636,"Coma i la Pedra, la",22,4,18,0,0,0,0,0,0,18
251615,Conca de Dalt,18,7,11,1,2,-1,1,0,1,11
430461,Conesa,12,10,2,0,0,0,1,0,1,3
430477,Constantí,267,249,18,44,53,-9,135,3,132,141
080713,Copons,21,19,2,0,0,0,5,3,2,4
430483,Corbera d'Ebre,34,18,16,5,3,2,30,2,28,46
080728,Corbera de Llobregat,871,540,331,62,60,2,311,3,308,641
250788,Corbins,88,17,71,61,24,37,37,1,36,144
170577,Corçà,58,48,10,4,6,-2,25,0,25,33
080734,Cornellà de Llobregat,2922,4080,-1158,523,599,-76,1369,40,1329,95
170561,Cornellà del Terri,89,71,18,2,9,-7,16,1,15,26
430496,Cornudella de Montsant,41,29,12,4,3,1,27,0,27,40
430509,Creixell,175,165,10,14,10,4,24,1,23,37
170583,Crespià,28,7,21,0,2,-2,2,0,2,21
179011,"Cruïlles, Monells i Sant Sadurní de l'Heura",60,59,1,4,8,-4,24,0,24,21
080749,Cubelles,1363,610,753,96,79,17,148,16,132,902
250791,Cubells,26,11,15,0,0,0,4,0,4,19
430516,Cunit,1416,645,771,106,104,2,188,17,171,944
170600,Darnius,36,21,15,3,3,0,15,0,15,30
170617,Das,5,8,-3,1,1,0,5,0,5,2
439018,Deltebre,150,138,12,62,47,15,184,0,184,211
080752,Dosrius,462,212,250,21,14,7,19,3,16,273
430537,Duesaigües,15,7,8,0,0,0,0,0,0,8
170622,"Escala, l'",457,304,153,78,65,13,309,10,299,465
080765,Esparreguera,1216,916,300,119,171,-52,209,29,180,428
170638,Espinelves,11,8,3,1,1,0,1,0,1,4
250812,"Espluga Calba, l'",24,19,5,1,1,0,10,1,9,14
430542,"Espluga de Francolí, l'",159,106,53,41,18,23,69,3,66,142
080771,Esplugues de Llobregat,2092,2584,-492,333,329,4,705,56,649,161
170643,Espolla,11,5,6,0,1,-1,14,0,14,19
170656,Esponellà,23,18,5,3,0,3,5,0,5,13
250827,Espot,15,17,-2,3,4,-1,9,0,9,6
080787,"Espunyola, l'",6,5,1,0,1,-1,0,0,0,0
082541,"Esquirol, l'",95,81,14,4,6,-2,14,1,13,25
250886,Estamariu,0,2,-2,0,0,0,0,0,0,-2
080790,"Estany, l'",17,21,-4,0,2,-2,0,0,0,-6
250851,Estaràs,0,7,-7,0,0,0,0,0,0,-7
250864,Esterri d'Àneu,44,38,6,16,36,-20,30,0,30,16
250870,Esterri de Cardós,2,2,0,0,1,-1,0,0,0,-1
430555,Falset,62,59,3,15,19,-4,36,3,33,32
170059,"Far d'Empordà, el",5,14,-9,0,0,0,1,0,1,-8
250899,Farrera,6,2,4,0,2,-2,0,0,0,2
430568,"Fatarella, la",9,19,-10,2,0,2,20,0,20,12
430574,"Febró, la",3,2,1,0,0,0,0,0,0,1
081347,Figaró-Montmany,82,68,14,2,1,1,20,1,19,34
080804,Fígols,3,1,2,0,0,0,0,0,0,2
259084,Fígols i Alinyà,9,8,1,0,1,-1,0,0,0,0
430580,"Figuera, la",6,36,-30,0,5,-5,6,0,6,-29
170669,Figueres,1488,1453,35,452,317,135,1285,40,1245,1415
430593,Figuerola del Camp,22,11,11,0,0,0,2,0,2,13
170675,Flaçà,65,42,23,4,3,1,18,2,16,40
430607,Flix,78,115,-37,15,17,-2,83,2,81,42
250925,"Floresta, la",10,6,4,2,2,0,0,0,0,4
080826,Fogars de la Selva,187,73,114,8,2,6,4,1,3,123
080811,Fogars de Montclús,30,15,15,4,0,4,0,0,0,19
170681,Foixà,16,20,-4,0,2,-2,14,0,14,8
080832,Folgueroles,100,54,46,1,6,-5,9,1,8,49
250931,Fondarella,51,24,27,2,0,2,19,2,17,46
080847,Fonollosa,62,36,26,1,2,-1,2,1,1,26
170694,Fontanals de Cerdanya,26,28,-2,6,0,6,1,0,1,5
170708,Fontanilles,4,3,1,5,4,1,2,0,2,4
170715,Fontcoberta,38,40,-2,3,4,-1,3,1,2,-1
080850,Font-rubí,68,58,10,5,1,4,28,1,27,41
250946,Foradada,10,33,-23,0,5,-5,5,0,5,-23
179026,Forallac,66,70,-4,9,14,-5,9,1,8,-1
430614,Forès,3,0,3,1,0,1,0,0,0,4
170736,Fornells de la Selva,138,62,76,9,3,6,6,0,6,88
170741,Fortià,30,22,8,0,2,-2,9,0,9,15
080863,"Franqueses del Vallès, les",887,788,99,71,125,-54,229,24,205,250
430629,Freginals,11,11,0,0,2,-2,15,1,14,12
250962,"Fuliola, la",18,38,-20,2,8,-6,3,0,3,-23
250978,Fulleda,9,4,5,3,0,3,0,0,0,8
080902,Gaià,10,7,3,0,1,-1,1,0,1,3
430635,"Galera, la",17,17,0,5,6,-1,41,0,41,40
080879,Gallifa,3,9,-6,7,4,3,3,0,3,0
430640,Gandesa,44,53,-9,13,16,-3,117,10,107,95
430653,Garcia,13,18,-5,0,0,0,2,0,2,-3
430666,"Garidells, els",13,18,-5,0,1,-1,5,0,5,-1
080885,"Garriga, la",648,419,229,55,47,8,164,6,158,395
170754,Garrigàs,24,8,16,2,7,-5,5,0,5,16
170767,Garrigoles,4,3,1,0,0,0,0,0,0,1
170773,Garriguella,25,36,-11,4,0,4,21,1,20,13
080898,Gavà,2159,1933,226,286,390,-104,600,93,507,629
250984,Gavet de la Conca,12,3,9,1,0,1,0,0,0,10
080919,Gelida,364,202,162,23,38,-15,66,3,63,210
170789,Ger,18,21,-3,0,0,0,13,0,13,10
259123,Gimenells i el Pla de la Font,20,26,-6,14,12,2,21,0,21,17
430672,Ginestar,12,22,-10,1,2,-1,50,0,50,39
170792,Girona,3620,3593,27,912,692,220,2270,329,1941,2188
080924,Gironella,117,153,-36,4,14,-10,63,0,63,17
080930,Gisclareny,4,1,3,0,0,0,0,0,0,3
430688,Godall,8,10,-2,1,1,0,20,0,20,18
250997,Golmés,96,47,49,7,7,0,11,0,11,60
170806,Gombrèn,6,17,-11,0,0,0,2,0,2,-9
251001,Gósol,13,14,-1,0,0,0,1,0,1,0
080945,"Granada, la",124,77,47,4,3,1,7,0,7,55
251018,"Granadella, la",19,24,-5,1,3,-2,10,0,10,3
080958,Granera,6,5,1,0,0,0,0,0,0,1
251023,"Granja d'Escarp, la",20,26,-6,12,19,-7,14,2,12,-1
080961,Granollers,2493,2921,-428,418,519,-101,1408,37,1371,842
251039,Granyanella,0,0,0,0,0,0,0,0,0,0
251057,Granyena de les Garrigues,7,5,2,0,0,0,1,0,1,3
251044,Granyena de Segarra,0,3,-3,0,0,0,0,0,0,-3
430691,Gratallops,1,5,-4,0,0,0,2,0,2,-2
080977,Gualba,99,87,12,12,4,8,13,2,11,31
170813,Gualta,15,22,-7,3,0,3,28,1,27,23
080996,Guardiola de Berguedà,29,50,-21,0,2,-2,6,0,6,-17
430705,"Guiamets, els",19,9,10,1,0,1,3,0,3,14
170828,Guils de Cerdanya,29,12,17,4,0,4,2,0,2,23
251095,Guimerà,15,14,1,2,3,-1,6,0,6,6
259031,"Guingueta d'Àneu, la",15,16,-1,3,1,2,3,0,3,4
251109,Guissona,137,252,-115,31,50,-19,568,58,510,376
251116,Guixers,4,4,0,0,0,0,0,0,0,0
081000,Gurb,116,72,44,4,5,-1,4,2,2,45
430712,Horta de Sant Joan,11,20,-9,16,15,1,50,3,47,39
081017,"Hospitalet de Llobregat, l'",10214,14388,-4174,1929,2365,-436,6447,329,6118,1508
081629,"Hostalets de Pierola, els",181,91,90,12,12,0,19,1,18,108
170834,Hostalric,293,174,119,18,15,3,51,2,49,171
081022,Igualada,1386,1130,256,234,215,19,571,94,477,752
251155,Isona i Conca Dellà,15,30,-15,2,5,-3,2,1,1,-17
170849,Isòvol,27,6,21,3,0,3,6,0,6,30
251137,Ivars d'Urgell,76,88,-12,13,25,-12,70,2,68,44
251121,Ivars de Noguera,11,16,-5,2,2,0,12,0,12,7
251142,Ivorra,1,8,-7,0,1,-1,4,0,4,-4
170852,Jafre,13,19,-6,3,3,0,22,0,22,16
170865,"Jonquera, la",90,205,-115,89,44,45,127,0,127,57
081038,Jorba,41,22,19,2,1,1,4,0,4,24
259101,Josa i Tuixén,6,13,-7,1,0,1,1,0,1,-5
170871,Juià,16,28,-12,0,1,-1,14,0,14,1
251180,Juncosa,17,18,-1,11,14,-3,17,1,16,12
251193,Juneda,71,97,-26,8,16,-8,121,2,119,85
251214,Les,49,30,19,20,18,2,43,0,43,64
251229,Linyola,75,97,-22,30,26,4,79,1,78,60
081043,"Llacuna, la",37,48,-11,4,2,2,13,1,12,3
170887,Lladó,26,12,14,1,0,1,3,12,-9,6
251235,Lladorre,9,7,2,0,1,-1,0,0,0,1
251240,Lladurs,5,13,-8,1,0,1,1,0,1,-6
081056,"Llagosta, la",797,596,201,100,121,-21,220,21,199,379
170890,Llagostera,348,253,95,25,18,7,172,9,163,265
170904,Llambilles,63,14,49,4,0,4,7,0,7,60
170911,Llanars,17,14,3,3,1,2,10,0,10,15
170926,Llançà,170,153,17,35,15,20,104,2,102,139
251253,Llardecans,5,8,-3,0,2,-2,0,0,0,-5
251266,Llavorsí,20,16,4,3,3,0,0,0,0,4
251207,Lleida,2780,3399,-619,1939,1571,368,4016,100,3916,3665
170932,Llers,58,38,20,4,2,2,24,0,24,46
251272,Lles de Cerdanya,0,7,-7,0,1,-1,0,0,0,-8
081075,Lliçà d'Amunt,933,637,296,23,59,-36,65,2,63,323
081081,Lliçà de Vall,378,316,62,14,20,-6,23,2,21,77
251288,Llimiana,11,9,2,1,0,1,0,0,0,3
081069,Llinars del Vallès,562,402,160,39,34,5,102,31,71,236
170947,Llívia,115,83,32,13,4,9,38,1,37,78
430727,"Lloar, el",13,8,5,0,0,0,0,0,0,5
251291,Llobera,3,7,-4,0,1,-1,0,0,0,-5
430733,Llorac,3,9,-6,0,0,0,1,0,1,-5
430748,Llorenç del Penedès,155,77,78,10,9,1,12,1,11,90
170950,Lloret de Mar,1636,851,785,471,477,-6,1875,74,1801,2580
170963,"Llosses, les",14,13,1,2,0,2,1,0,1,4
081094,Lluçà,5,13,-8,0,0,0,0,0,0,-8
171024,Maçanet de Cabrenys,30,14,16,6,4,2,4,0,4,22
171030,Maçanet de la Selva,574,241,333,42,47,-5,79,1,78,406
170979,Madremanya,14,4,10,1,0,1,2,0,2,13
170985,Maià de Montcal,24,11,13,0,1,-1,1,1,0,12
251333,Maials,10,17,-7,0,2,-2,17,0,17,8
251305,Maldà,12,10,2,4,1,3,7,0,7,12
081108,Malgrat de Mar,1088,698,390,120,140,-20,246,18,228,598
081115,Malla,6,8,-2,0,0,0,0,0,0,-2
081120,Manlleu,637,546,91,132,110,22,465,7,458,571
081136,Manresa,2356,1875,481,490,419,71,1211,93,1118,1670
430764,Marçà,21,12,9,2,2,0,11,1,10,19
430751,Margalef,1,5,-4,0,0,0,0,0,0,-4
082423,Marganell,37,11,26,0,2,-2,1,1,0,24
081141,Martorell,1202,1264,-62,236,254,-18,519,13,506,426
081154,Martorelles,228,266,-38,18,33,-15,20,2,18,-35
430770,Mas de Barberans,0,10,-10,0,0,0,0,0,0,-10
171002,Masarac,5,5,0,0,0,0,6,0,6,6
430786,Masdenverge,38,26,12,13,9,4,5,0,5,21
081167,"Masies de Roda, les",35,22,13,1,4,-3,5,0,5,15
081173,"Masies de Voltregà, les",140,116,24,9,4,5,16,0,16,45
430799,Masllorenç,23,31,-8,5,2,3,7,0,7,2
081189,"Masnou, el",880,906,-26,94,124,-30,209,19,190,134
430803,"Masó, la",6,3,3,0,0,0,0,0,0,3
430810,Maspujols,13,10,3,4,1,3,3,0,3,9
081192,Masquefa,615,333,282,33,38,-5,47,16,31,308
430825,"Masroig, el",19,12,7,5,1,4,12,0,12,23
251312,Massalcoreig,14,11,3,25,20,5,21,0,21,29
171019,Massanes,55,30,25,9,3,6,2,0,2,33
251327,Massoteres,19,22,-3,1,1,0,7,0,7,4
081206,Matadepera,428,300,128,13,32,-19,35,7,28,137
081213,Mataró,3180,3208,-28,693,1035,-342,2455,165,2290,1920
081228,Mediona,288,152,136,19,13,6,35,0,35,177
251348,Menàrguens,24,19,5,4,2,2,11,2,9,16
170998,Meranges,3,4,-1,0,0,0,2,0,2,1
171058,Mieres,6,16,-10,0,4,-4,3,0,3,-11
430831,"Milà, el",8,9,-1,0,0,0,1,0,1,0
251351,Miralcamp,33,47,-14,6,1,5,8,0,8,-1
430846,Miravet,19,22,-3,6,1,5,10,1,9,11
081385,Moià,313,156,157,8,19,-11,110,2,108,254
430859,"Molar, el",6,7,-1,0,5,-5,5,0,5,-1
081234,Molins de Rei,1066,829,237,106,135,-29,227,39,188,396
251370,Mollerussa,572,437,135,115,137,-22,529,15,514,627
171061,Mollet de Peralada,5,2,3,0,0,0,2,1,1,4
081249,Mollet del Vallès,1879,2479,-600,353,532,-179,978,119,859,80
171077,Molló,9,13,-4,1,0,1,0,0,0,-3
251364,"Molsosa, la",2,4,-2,0,0,0,2,0,2,0
081287,Monistrol de Calders,22,19,3,1,0,1,0,0,0,4
081271,Monistrol de Montserrat,161,155,6,7,13,-6,68,2,66,66
171096,Montagut i Oix,42,41,1,8,4,4,11,1,10,15
430862,Montblanc,228,181,47,52,32,20,75,2,73,140
430884,Montbrió del Camp,137,60,77,7,7,0,25,0,25,102
081252,Montcada i Reixac,1559,1418,141,166,183,-17,370,52,318,442
081304,Montclar,1,8,-7,0,0,0,0,0,0,-7
251399,Montellà i Martinet,47,20,27,1,5,-4,9,1,8,31
081311,Montesquiu,47,52,-5,3,5,-2,4,0,4,-3
251403,Montferrer i Castellbò,45,36,9,11,3,8,25,9,16,33
430897,Montferri,35,15,20,0,5,-5,6,0,6,21
251386,Montgai,22,21,1,0,9,-9,3,0,3,-5
081265,Montgat,621,425,196,41,61,-20,52,11,41,217
081326,Montmajor,6,8,-2,3,0,3,2,0,2,3
081332,Montmaneu,13,5,8,1,1,0,1,0,1,9
430901,"Montmell, el",215,80,135,14,20,-6,7,0,7,136
081350,Montmeló,327,353,-26,35,67,-32,75,21,54,-4
251425,Montoliu de Lleida,12,18,-6,5,2,3,2,0,2,-1
251410,Montoliu de Segarra,10,6,4,0,0,0,0,0,0,4
251431,Montornès de Segarra,8,3,5,0,0,0,0,0,0,5
081363,Montornès del Vallès,610,715,-105,82,148,-66,216,64,152,-19
430918,Mont-ral,7,2,5,1,1,0,0,0,0,5
171100,Mont-ras,116,95,21,6,6,0,23,3,20,41
430923,Mont-roig del Camp,580,441,139,128,102,26,392,13,379,544
081379,Montseny,16,24,-8,1,0,1,0,0,0,-7
430939,Móra d'Ebre,164,162,2,26,33,-7,57,7,50,45
430944,Móra la Nova,102,117,-15,17,17,0,126,7,119,104
430957,"Morell, el",133,97,36,23,27,-4,43,0,43,75
430960,"Morera de Montsant, la",7,13,-6,1,0,1,1,0,1,-4
081290,Muntanyola,47,23,24,0,1,-1,2,0,2,25
081398,Mura,10,10,0,1,0,1,3,0,3,4
251459,Nalec,0,3,-3,0,0,0,0,0,0,-3
250254,Naut Aran,65,68,-3,32,35,-3,33,0,33,27
081402,Navarcles,170,108,62,21,13,8,48,1,47,117
081419,Navàs,167,112,55,19,20,-1,34,1,33,87
171117,Navata,65,37,28,3,4,-1,36,3,33,60
251462,Navès,9,16,-7,0,0,0,0,0,0,-7
081424,"Nou de Berguedà, la",2,5,-3,0,0,0,1,0,1,-2
430976,"Nou de Gaià, la",13,13,0,3,1,2,10,0,10,12
430982,Nulles,14,24,-10,1,0,1,2,0,2,-7
251484,Odèn,3,5,-2,0,0,0,0,0,0,-2
081430,Òdena,190,114,76,6,14,-8,19,0,19,87
171122,Ogassa,10,8,2,0,0,0,1,0,1,3
081458,Olèrdola,291,117,174,9,5,4,30,1,29,207
081461,Olesa de Bonesvalls,144,56,88,4,16,-12,12,0,12,88
081477,Olesa de Montserrat,1196,714,482,112,160,-48,245,23,222,656
251497,Oliana,68,43,25,24,15,9,51,7,44,78
251500,Oliola,1,15,-14,0,2,-2,0,0,0,-16
251517,Olius,40,31,9,0,4,-4,0,0,0,5
081483,Olivella,253,167,86,23,23,0,68,1,67,153
081496,Olost,38,17,21,1,0,1,2,0,2,24
171143,Olot,884,682,202,232,181,51,648,24,624,877
251522,"Oluges, les",6,9,-3,0,0,0,2,0,2,-1
081445,Olvan,35,33,2,4,1,3,10,1,9,14
251538,"Omellons, els",12,5,7,1,0,1,0,0,0,8
251543,"Omells de na Gaia, els",7,7,0,5,3,2,3,0,3,5
171156,Ordis,9,12,-3,0,0,0,9,0,9,6
251556,Organyà,20,32,-12,0,3,-3,26,6,20,5
081509,Orís,34,10,24,2,0,2,1,0,1,27
081516,Oristà,15,11,4,0,0,0,2,0,2,6
081521,Orpí,9,7,2,0,0,0,8,0,8,10
081537,Òrrius,0,19,-19,0,2,-2,0,0,0,-21
251569,Os de Balaguer,66,14,52,5,5,0,10,0,10,62
171169,Osor,0,17,-17,0,0,0,0,0,0,-17
251575,Ossó de Sió,0,4,-4,0,0,0,0,0,0,-4
081542,Pacs del Penedès,53,37,16,0,3,-3,0,4,-4,9
081555,Palafolls,647,310,337,33,50,-17,80,3,77,397
171175,Palafrugell,610,672,-62,171,125,46,494,8,486,470
171181,Palamós,717,588,129,144,109,35,332,7,325,489
251581,"Palau d'Anglesola, el",53,53,0,13,10,3,24,2,22,25
171194,Palau de Santa Eulàlia,4,1,3,1,0,1,0,0,0,4
171215,Palau-sator,15,14,1,0,0,0,3,0,3,4
171208,Palau-saverdera,75,51,24,8,7,1,52,10,42,67
081568,Palau-solità i Plegamans,753,600,153,42,66,-24,146,7,139,268
431009,"Pallaresos, els",228,144,84,12,15,-3,19,1,18,99
081574,Pallejà,594,431,163,37,41,-4,125,10,115,274
430995,"Palma d'Ebre, la",1,3,-2,0,0,0,6,0,6,4
089058,"Palma de Cervelló, la",183,180,3,13,8,5,51,3,48,56
171236,Palol de Revardit,14,8,6,0,2,-2,0,0,0,4
171241,Pals,91,99,-8,19,8,11,54,3,51,54
081580,"Papiol, el",148,143,5,10,15,-5,34,0,34,34
171254,Pardines,10,2,8,0,0,0,0,1,-1,7
081593,Parets del Vallès,727,764,-37,71,93,-22,199,15,184,125
171267,Parlavà,8,16,-8,1,1,0,5,0,5,-3
431016,Passanant i Belltall,7,15,-8,0,0,0,10,0,10,2
171289,Pau,32,27,5,3,3,0,13,0,13,18
431021,Paüls,3,7,-4,0,0,0,0,0,0,-4
171292,Pedret i Marzà,11,3,8,2,1,1,7,1,6,15
251641,Penelles,18,23,-5,4,1,3,3,0,3,1
171306,"Pera, la",9,6,3,0,1,-1,6,2,4,6
081607,Perafita,17,9,8,0,0,0,1,0,1,9
431037,Perafort,84,31,53,3,4,-1,3,0,3,55
171328,Peralada,100,61,39,8,9,-1,29,1,28,66
251654,Peramola,10,25,-15,0,0,0,10,0,10,-5
431042,"Perelló, el",30,58,-28,4,12,-8,117,3,114,78
081614,Piera,1208,538,670,73,81,-8,64,18,46,708
431055,"Piles, les",12,10,2,0,0,0,0,0,0,2
081635,Pineda de Mar,1717,1236,481,209,288,-79,618,41,577,979
431068,"Pinell de Brai, el",15,11,4,4,1,3,2,0,2,9
251667,Pinell de Solsonès,5,12,-7,0,1,-1,1,0,1,-7
251673,Pinós,6,5,1,0,0,0,5,0,5,6
431074,Pira,27,8,19,0,1,-1,5,0,5,23
431080,"Pla de Santa Maria, el",159,104,55,6,4,2,30,1,29,86
081640,"Pla del Penedès, el",38,34,4,7,1,6,12,0,12,22
171334,"Planes d'Hostoles, les",60,37,23,9,2,7,9,0,9,39
171349,Planoles,18,18,0,0,2,-2,14,0,14,12
259118,"Plans de Sió, els",0,17,-17,0,3,-3,0,0,0,-20
251689,"Poal, el",10,10,0,6,2,4,10,0,10,14
251692,"Pobla de Cérvoles, la",17,6,11,0,0,0,0,0,0,11
081653,"Pobla de Claramunt, la",155,119,36,11,17,-6,51,0,51,81
081666,"Pobla de Lillet, la",40,28,12,6,3,3,8,0,8,23
431093,"Pobla de Mafumet, la",100,51,49,10,6,4,5,0,5,58
431107,"Pobla de Massaluca, la",16,19,-3,2,2,0,10,0,10,7
431114,"Pobla de Montornès, la",289,111,178,22,10,12,34,1,33,223
251713,"Pobla de Segur, la",136,105,31,30,22,8,83,1,82,121
431129,Poboleda,7,12,-5,2,3,-1,16,1,15,9
081672,Polinyà,720,310,410,33,54,-21,76,2,74,463
431135,"Pont d'Armentera, el",29,27,2,13,8,5,15,0,15,22
250306,"Pont de Bar, el",3,10,-7,1,0,1,1,0,1,-5
171352,Pont de Molins,19,19,0,0,0,0,4,0,4,4
251734,"Pont de Suert, el",107,57,50,34,34,0,42,0,42,92
081825,"Pont de Vilomara i Rocafort, el",196,78,118,8,2,6,39,0,39,163
431418,Pontils,3,2,1,0,0,0,1,0,1,2
081688,Pontons,56,47,9,0,2,-2,6,1,5,12
171365,Pontós,18,11,7,0,0,0,3,0,3,10
251728,Ponts,76,78,-2,11,28,-17,6,0,6,-13
171371,Porqueres,258,137,121,4,5,-1,16,5,11,131
431140,Porrera,28,15,13,2,1,1,0,0,0,14
171404,"Port de la Selva, el",38,46,-8,8,10,-2,19,0,19,9
171387,Portbou,22,32,-10,19,18,1,28,3,25,16
251749,"Portella, la",38,60,-22,11,15,-4,101,0,101,75
431153,Pradell de la Teixeta,0,6,-6,0,0,0,4,0,4,-2
431166,Prades,39,24,15,6,5,1,4,0,4,20
431172,Prat de Comte,4,1,3,0,0,0,3,0,3,6
081691,"Prat de Llobregat, el",1303,1983,-680,414,534,-120,678,88,590,-210
431188,Pratdip,36,34,2,8,9,-1,21,3,18,19
081712,Prats de Lluçanès,52,75,-23,4,4,0,19,0,19,-4
081705,"Prats de Rei, els",16,10,6,3,14,-11,1,0,1,-4
251752,Prats i Sansor,14,11,3,0,1,-1,1,0,1,3
251765,Preixana,22,6,16,1,1,0,0,0,0,16
251771,Preixens,20,24,-4,2,5,-3,0,0,0,-7
082303,Premià de Dalt,457,531,-74,29,49,-20,122,35,87,-7
081727,Premià de Mar,1189,1454,-265,152,243,-91,447,90,357,1
171390,"Preses, les",58,46,12,3,8,-5,5,0,5,12
251790,Prullans,8,16,-8,1,1,0,5,1,4,-4
171411,Puigcerdà,331,285,46,135,152,-17,424,35,389,418
081748,Puigdàlber,21,23,-2,3,0,3,1,0,1,2
251804,Puiggròs,30,7,23,0,0,0,0,0,0,23
431191,Puigpelat,73,26,47,3,9,-6,8,0,8,49
081751,Puig-reig,164,127,37,18,13,5,34,4,30,72
251811,Puigverd d'Agramunt,7,4,3,0,1,-1,14,0,14,16
251826,Puigverd de Lleida,61,40,21,9,7,2,6,0,6,29
081764,Pujalt,7,6,1,0,0,0,3,0,3,4
081770,"Quar, la",0,4,-4,1,0,1,0,0,0,-3
171426,Quart,123,129,-6,11,9,2,10,2,8,4
170433,Queralbs,7,3,4,0,0,0,0,0,0,4
431205,Querol,61,30,31,1,5,-4,3,0,3,30
171432,Rabós,15,8,7,0,0,0,3,0,3,10
081786,Rajadell,34,38,-4,1,0,1,1,1,0,-3
431212,Rasquera,15,18,-3,1,4,-3,29,0,29,23
171447,Regencós,11,20,-9,0,1,-1,2,0,2,-8
081799,Rellinars,69,39,30,2,1,1,2,0,2,33
431227,Renau,7,6,1,0,0,0,0,0,0,1
431233,Reus,2588,2892,-304,955,756,199,2437,46,2391,2286
251832,Rialp,46,53,-7,11,11,0,24,0,24,17
431248,"Riba, la",9,24,-15,2,4,-2,14,0,14,-3
431251,Riba-roja d'Ebre,16,34,-18,5,6,-1,38,1,37,18
259059,Ribera d'Ondara,14,25,-11,0,1,-1,7,0,7,-5
251850,Ribera d'Urgellet,65,48,17,21,12,9,39,4,35,61
171450,Ribes de Freser,73,73,0,3,9,-6,37,0,37,31
171463,Riells i Viabrea,324,163,161,13,18,-5,16,1,15,171
431264,"Riera de Gaià, la",103,66,37,6,15,-9,16,0,16,44
251863,Riner,5,4,1,0,1,-1,1,0,1,1
171479,Ripoll,231,306,-75,36,42,-6,81,6,75,-6
081803,Ripollet,1775,1455,320,222,361,-139,526,65,461,642
259139,Riu de Cerdanya,6,11,-5,0,0,0,0,0,0,-5
171485,Riudarenes,173,95,78,3,3,0,22,1,21,99
171498,Riudaura,35,14,21,0,0,0,2,0,2,23
431270,Riudecanyes,89,38,51,6,1,5,16,1,15,71
431286,Riudecols,43,42,1,7,5,2,29,0,29,32
171501,Riudellots de la Selva,87,60,27,5,4,1,18,0,18,46
431299,Riudoms,236,187,49,23,20,3,99,1,98,150
171518,Riumors,0,13,-13,0,0,0,0,0,0,-13
081810,"Roca del Vallès, la",541,410,131,45,39,6,76,2,74,211
431303,Rocafort de Queralt,12,4,8,0,0,0,0,0,0,8
431310,Roda de Berà,436,254,182,47,45,2,90,10,80,264
081831,Roda de Ter,169,157,12,7,19,-12,53,6,47,47
431325,Rodonyà,23,33,-10,9,2,7,9,0,9,6
431331,Roquetes,291,225,66,26,21,5,102,5,97,168
171523,Roses,459,397,62,168,137,31,641,16,625,718
251898,Rosselló,170,66,104,19,19,0,45,3,42,146
431346,"Rourell, el",20,19,1,1,0,1,5,0,5,7
081846,Rubí,2741,2314,427,464,625,-161,940,32,908,1174
081859,Rubió,10,9,1,0,0,0,0,0,0,1
171539,Rupià,10,16,-6,1,1,0,8,1,7,1
089019,Rupit i Pruit,8,11,-3,0,0,0,2,0,2,-1
081878,Sabadell,5460,5644,-184,1228,1341,-113,3308,388,2920,2623
081884,Sagàs,5,6,-1,0,0,0,0,0,0,-1
251902,Salàs de Pallars,20,23,-3,2,5,-3,9,0,9,3
081901,Saldes,17,6,11,1,1,0,0,0,0,11
171544,Sales de Llierca,11,3,8,0,0,0,1,0,1,9
081918,Sallent,197,231,-34,26,35,-9,45,1,44,1
431359,Salomó,21,14,7,1,0,1,11,0,11,19
439057,Salou,1273,1025,248,590,459,131,1381,47,1334,1713
171557,Salt,1789,1723,66,407,272,135,1172,64,1108,1309
251919,Sanaüja,9,23,-14,1,1,0,4,0,4,-10
081944,Sant Adrià de Besòs,1486,1601,-115,195,299,-104,305,10,295,76
081957,Sant Agustí de Lluçanès,11,2,9,0,0,0,0,0,0,9
081960,Sant Andreu de la Barca,1238,1228,10,181,252,-71,282,6,276,215
081976,Sant Andreu de Llavaneres,604,425,179,44,38,6,128,21,107,292
171576,Sant Andreu Salou,4,3,1,0,0,0,0,0,0,1
171833,Sant Aniol de Finestres,14,19,-5,0,1,-1,1,1,0,-6
081982,Sant Antoni de Vilamajor,367,230,137,13,9,4,31,2,29,170
081995,Sant Bartomeu del Grau,31,82,-51,0,9,-9,9,1,8,-52
082009,Sant Boi de Llobregat,2380,3021,-641,470,689,-219,871,56,815,-45
082016,Sant Boi de Lluçanès,38,18,20,0,0,0,4,0,4,24
431362,Sant Carles de la Ràpita,380,218,162,235,167,68,331,19,312,542
082037,Sant Cebrià de Vallalta,319,165,154,8,11,-3,34,0,34,185
082021,Sant Celoni,1048,509,539,95,90,5,222,21,201,745
082042,Sant Climent de Llobregat,206,158,48,11,10,1,11,0,11,60
171582,Sant Climent Sescebes,35,14,21,8,9,-1,7,0,7,27
082055,Sant Cugat del Vallès,2463,2354,109,409,479,-70,1123,120,1003,1042
082068,Sant Cugat Sesgarrigues,50,32,18,2,2,0,6,0,6,24
251961,Sant Esteve de la Sarga,7,2,5,0,0,0,0,0,0,5
082074,Sant Esteve de Palautordera,196,94,102,5,10,-5,52,2,50,147
082080,Sant Esteve Sesrovires,492,234,258,43,49,-6,39,3,36,288
171595,Sant Feliu de Buixalleu,41,30,11,0,0,0,8,0,8,19
082107,Sant Feliu de Codines,324,290,34,48,29,19,165,3,162,215
171609,Sant Feliu de Guíxols,725,582,143,130,138,-8,486,82,404,539
082114,Sant Feliu de Llobregat,1326,1637,-311,227,352,-125,441,30,411,-25
171616,Sant Feliu de Pallerols,24,19,5,5,0,5,10,0,10,20
082129,Sant Feliu Sasserra,7,16,-9,0,2,-2,4,0,4,-7
171621,Sant Ferriol,16,17,-1,1,0,1,8,1,7,7
082093,Sant Fost de Campsentelles,495,367,128,19,40,-21,45,11,34,141
082135,Sant Fruitós de Bages,317,254,63,20,28,-8,28,1,27,82
171637,Sant Gregori,172,63,109,9,9,0,16,0,16,125
251924,Sant Guim de Freixenet,27,58,-31,1,4,-3,21,0,21,-13
251977,Sant Guim de la Plana,9,9,0,4,0,4,11,0,11,15
171642,Sant Hilari Sacalm,77,142,-65,12,18,-6,99,18,81,10
082153,Sant Hipòlit de Voltregà,175,150,25,5,9,-4,42,1,41,62
081939,Sant Iscle de Vallalta,118,61,57,1,1,0,4,1,3,60
439023,Sant Jaume d'Enveja,54,36,18,15,8,7,39,1,38,63
082166,Sant Jaume de Frontanyà,1,0,1,0,0,0,0,0,0,1
171655,Sant Jaume de Llierca,39,33,6,8,8,0,4,0,4,10
431378,Sant Jaume dels Domenys,210,92,118,8,12,-4,16,0,16,130
171674,Sant Joan de les Abadesses,90,92,-2,8,5,3,53,0,53,54
171680,Sant Joan de Mollet,45,11,34,4,0,4,1,2,-1,37
082188,Sant Joan de Vilatorrada,403,328,75,34,42,-8,86,0,86,153
082172,Sant Joan Despí,1449,1516,-67,194,226,-32,255,20,235,136
171851,Sant Joan les Fonts,78,105,-27,1,7,-6,7,0,7,-26
171668,Sant Jordi Desvalls,24,31,-7,0,9,-9,8,0,8,-8
089030,Sant Julià de Cerdanyola,9,12,-3,0,0,0,1,0,1,-2
171693,Sant Julià de Ramis,221,120,101,15,7,8,27,6,21,130
082205,Sant Julià de Vilatorta,150,73,77,10,10,0,13,0,13,90
179032,Sant Julià del Llor i Bonmatí,62,58,4,2,4,-2,9,1,8,10
082212,Sant Just Desvern,591,647,-56,147,83,64,198,13,185,193
082227,Sant Llorenç d'Hortons,147,86,61,9,8,1,10,1,9,71
171714,Sant Llorenç de la Muga,9,8,1,0,0,0,3,0,3,4
251930,Sant Llorenç de Morunys,45,31,14,1,1,0,24,0,24,38
082233,Sant Llorenç Savall,119,86,33,8,14,-6,17,2,15,42
082251,Sant Martí d'Albars,2,5,-3,0,0,0,0,0,0,-3
082248,Sant Martí de Centelles,83,48,35,2,6,-4,18,1,17,48
171729,Sant Martí de Llémena,45,30,15,2,1,1,3,0,3,19
259025,Sant Martí de Riucorb,16,15,1,2,0,2,3,0,3,6
082264,Sant Martí de Tous,64,30,34,0,4,-4,6,0,6,36
082270,Sant Martí Sarroca,161,135,26,9,20,-11,45,4,41,56
082286,Sant Martí Sesgueioles,10,13,-3,1,0,1,2,0,2,0
171735,Sant Martí Vell,6,12,-6,1,0,1,5,0,5,0
082299,Sant Mateu de Bages,26,19,7,0,0,0,2,2,0,7
171740,Sant Miquel de Campmajor,5,9,-4,0,0,0,0,0,0,-4
171753,Sant Miquel de Fluvià,40,40,0,1,3,-2,18,0,18,16
171766,Sant Mori,11,4,7,0,0,0,2,0,2,9
171772,Sant Pau de Segúries,31,26,5,0,1,-1,10,2,8,12
082310,Sant Pere de Ribes,1516,1472,44,196,222,-26,590,30,560,578
082325,Sant Pere de Riudebitlles,111,73,38,7,10,-3,20,2,18,53
082331,Sant Pere de Torelló,65,69,-4,3,8,-5,21,0,21,12
082346,Sant Pere de Vilamajor,337,188,149,9,11,-2,9,1,8,155
171788,Sant Pere Pescador,79,98,-19,12,12,0,130,2,128,109
081897,Sant Pere Sallavinera,6,0,6,0,0,0,0,0,0,6
082359,Sant Pol de Mar,227,247,-20,25,24,1,78,8,70,51
082362,Sant Quintí de Mediona,80,84,-4,10,8,2,56,20,36,34
082378,Sant Quirze de Besora,70,54,16,0,7,-7,14,0,14,23
082384,Sant Quirze del Vallès,1219,641,578,84,82,2,113,24,89,669
082397,Sant Quirze Safaja,58,47,11,3,6,-3,5,0,5,13
251945,Sant Ramon,16,23,-7,1,1,0,5,0,5,-2
082401,Sant Sadurní d'Anoia,517,330,187,48,104,-56,140,3,137,268
082418,Sant Sadurní d'Osormort,1,8,-7,0,1,-1,0,1,-1,-9
080983,Sant Salvador de Guardiola,238,139,99,4,4,0,52,17,35,134
082628,Sant Vicenç de Castellet,366,242,124,46,63,-17,84,4,80,187
082649,Sant Vicenç de Montalt,416,272,144,15,18,-3,39,2,37,178
082652,Sant Vicenç de Torelló,93,69,24,7,11,-4,12,0,12,32
082634,Sant Vicenç dels Horts,1068,1127,-59,115,182,-67,194,41,153,27
431384,Santa Bàrbara,83,111,-28,36,21,15,87,70,17,4
082439,Santa Cecília de Voltregà,10,11,-1,0,0,0,0,0,0,-1
082444,Santa Coloma de Cervelló,534,345,189,33,33,0,41,9,32,221
171805,Santa Coloma de Farners,461,282,179,55,38,17,211,6,205,401
082457,Santa Coloma de Gramenet,4713,6618,-1905,863,1203,-340,2979,200,2779,534
431397,Santa Coloma de Queralt,90,91,-1,18,10,8,39,0,39,46
171812,Santa Cristina d'Aro,335,202,133,19,16,3,90,7,83,219
082460,Santa Eugènia de Berga,76,81,-5,5,2,3,16,0,16,14
082476,Santa Eulàlia de Riuprimer,41,25,16,0,1,-1,2,0,2,17
082482,Santa Eulàlia de Ronçana,507,288,219,13,21,-8,49,1,48,259
082495,Santa Fe del Penedès,11,12,-1,7,3,4,3,1,2,5
171827,Santa Llogaia d'Àlguema,21,6,15,1,1,0,1,0,1,16
082508,Santa Margarida de Montbui,426,388,38,54,73,-19,88,12,76,95
082515,Santa Margarida i els Monjos,349,292,57,46,53,-7,135,13,122,172
082589,Santa Maria d'Oló,31,33,-2,1,2,-1,3,0,3,0
082536,Santa Maria de Besora,22,8,14,0,0,0,0,0,0,14
082567,Santa Maria de Martorelles,62,41,21,4,6,-2,6,0,6,25
082554,Santa Maria de Merlès,5,6,-1,0,0,0,0,0,0,-1
082573,Santa Maria de Miralles,6,3,3,1,0,1,0,0,0,4
082592,Santa Maria de Palautordera,438,360,78,29,32,-3,138,2,136,211
431401,Santa Oliva,265,190,75,5,14,-9,46,1,45,111
171848,Santa Pau,78,63,15,2,1,1,8,0,8,24
082606,Santa Perpètua de Mogoda,1176,1051,125,132,140,-8,272,9,263,380
082613,Santa Susanna,321,197,124,11,13,-2,69,22,47,169
081923,Santpedor,280,158,122,15,10,5,49,3,46,173
431423,Sarral,50,61,-11,16,8,8,13,0,13,10
171864,Sarrià de Ter,229,165,64,14,15,-1,33,0,33,96
252017,Sarroca de Bellera,5,4,1,0,0,0,0,0,0,1
252000,Sarroca de Lleida,3,8,-5,0,4,-4,1,0,1,-8
171870,"Saus, Camallera i Llampaies",37,34,3,5,0,5,18,0,18,26
431439,Savallà del Comtat,6,2,4,0,0,0,0,0,0,4
431444,"Secuita, la",88,18,70,7,1,6,5,1,4,80
171886,"Selva de Mar, la",10,6,4,0,0,0,3,0,3,7
431457,"Selva del Camp, la",223,105,118,22,11,11,59,1,58,187
431460,Senan,2,0,2,0,0,0,0,0,0,2
430445,"Sénia, la",86,141,-55,113,90,23,307,81,226,194
252022,Senterada,12,3,9,1,0,1,2,0,2,12
250352,"Sentiu de Sió, la",26,10,16,3,0,3,2,0,2,21
082671,Sentmenat,539,286,253,31,36,-5,76,2,74,322
171903,Serinyà,61,45,16,10,5,5,21,3,18,39
252043,Seròs,24,45,-21,37,28,9,78,0,78,66
171910,Serra de Daró,5,7,-2,1,1,0,1,0,1,-1
171925,Setcases,4,10,-6,0,0,0,2,0,2,-4
252038,"Seu d'Urgell, la",391,366,25,225,170,55,320,50,270,350
082690,Seva,198,117,81,6,6,0,21,1,20,101
252056,Sidamon,68,28,40,4,12,-8,4,2,2,34
171931,Sils,344,135,209,27,21,6,33,3,30,245
082704,Sitges,1366,1083,283,299,228,71,855,63,792,1146
170524,Siurana,7,17,-10,1,1,0,2,0,2,-8
082711,Sobremunt,11,5,6,0,1,-1,0,0,0,5
252069,"Soleràs, el",4,14,-10,8,7,1,5,0,5,-4
431476,Solivella,0,10,-10,0,2,-2,0,0,0,-12
252075,Solsona,331,200,131,99,50,49,224,8,216,396
082726,Sora,17,9,8,2,0,2,3,0,3,13
252081,Soriguera,17,7,10,0,0,0,4,0,4,14
252094,Sort,126,86,40,29,26,3,49,2,47,90
252108,Soses,50,53,-3,37,32,5,59,0,59,61
082732,Subirats,149,99,50,12,6,6,23,4,19,75
252115,Sudanell,23,21,2,4,3,1,10,0,10,13
252120,Sunyer,5,3,2,0,0,0,0,0,0,2
082747,Súria,150,169,-19,35,22,13,52,2,50,44
171946,Susqueda,9,13,-4,1,0,1,4,0,4,1
082763,Tagamanent,27,11,16,1,3,-2,2,2,0,14
082779,Talamanca,10,4,6,0,0,0,0,0,0,6
252154,Talarn,21,16,5,10,5,5,0,0,0,10
252167,Talavera,1,14,-13,0,0,0,3,0,3,-10
171959,"Tallada d'Empordà, la",20,14,6,1,0,1,1,0,1,8
082785,Taradell,205,180,25,19,15,4,50,4,46,75
431482,Tarragona,2993,2948,45,1352,939,413,3085,67,3018,3476
252173,Tàrrega,712,530,182,183,163,20,404,34,370,572
252189,Tarrés,2,7,-5,0,1,-1,0,0,0,-6
252192,Tarroja de Segarra,6,4,2,0,0,0,1,0,1,3
082750,Tavèrnoles,20,6,14,1,1,0,1,0,1,15
082802,Tavertet,4,3,1,0,0,0,0,0,0,1
082819,Teià,243,213,30,12,24,-12,40,4,36,54
252206,Térmens,26,73,-47,8,11,-3,90,1,89,39
171962,Terrades,0,10,-10,0,0,0,0,0,0,-10
082798,Terrassa,6181,4764,1417,1217,1376,-159,2819,328,2491,3749
082824,Tiana,480,259,221,17,18,-1,23,8,15,235
252213,Tírvia,0,7,-7,0,0,0,0,0,0,-7
252228,Tiurana,11,0,11,0,0,0,0,0,0,11
431495,Tivenys,16,32,-16,3,0,3,13,0,13,0
431508,Tivissa,31,46,-15,0,3,-3,40,2,38,20
082830,Tona,433,247,186,21,15,6,85,7,78,270
252234,Torà,52,31,21,15,13,2,38,0,38,61
082845,Tordera,1111,518,593,84,85,-1,186,12,174,766
082858,Torelló,342,351,-9,56,43,13,182,19,163,167
252249,"Torms, els",8,5,3,1,0,1,3,0,3,7
252252,Tornabous,22,48,-26,1,16,-15,1,0,1,-40
252271,"Torre de Cabdella, la",39,14,25,3,2,1,3,1,2,28
082861,"Torre de Claramunt, la",328,225,103,15,23,-8,19,3,16,111
431515,"Torre de Fontaubella, la",9,9,0,0,0,0,3,0,3,3
431520,"Torre de l'Espanyol, la",13,25,-12,3,6,-3,9,0,9,-6
252265,Torrebesses,3,4,-1,1,0,1,0,0,0,0
431536,Torredembarra,995,569,426,153,132,21,284,7,277,724
252287,Torrefarrera,335,99,236,13,20,-7,28,3,25,254
259078,Torrefeta i Florejacs,26,26,0,5,5,0,6,0,6,6
252304,Torregrossa,39,73,-34,10,17,-7,65,0,65,24
252311,Torrelameu,13,17,-4,4,6,-2,12,0,12,6
082877,Torrelavit,62,36,26,6,5,1,35,0,35,62
082883,Torrelles de Foix,326,136,190,13,14,-1,28,1,27,216
082896,Torrelles de Llobregat,387,159,228,13,22,-9,24,4,20,239
171978,Torrent,7,7,0,4,0,4,2,0,2,6
252326,Torres de Segre,65,86,-21,32,25,7,65,1,64,50
252332,Torre-serona,17,10,7,3,0,3,4,0,4,14
171984,Torroella de Fluvià,31,33,-2,10,3,7,22,0,22,27
171997,Torroella de Montgrí,379,333,46,120,99,21,388,12,376,443
431541,Torroja del Priorat,5,3,2,0,1,-1,0,0,0,1
172001,Tortellà,21,25,-4,3,3,0,2,1,1,-3
431554,Tortosa,1012,816,196,515,320,195,1157,9,1148,1539
172018,Toses,9,9,0,0,0,0,1,0,1,1
172023,Tossa de Mar,208,166,42,82,63,19,165,2,163,224
252347,Tremp,0,133,-133,0,104,-104,0,0,0,-237
172044,Ullà,47,72,-25,8,21,-13,34,6,28,-10
082900,Ullastrell,105,66,39,1,4,-3,4,0,4,40
172057,Ullastret,7,6,1,0,0,0,5,0,5,6
431567,Ulldecona,120,124,-4,153,102,51,232,10,222,269
431573,Ulldemolins,14,12,2,0,0,0,1,0,1,3
172039,Ultramort,8,2,6,0,0,0,0,0,0,6
172060,Urús,7,8,-1,1,0,1,0,0,0,0
082917,Vacarisses,691,214,477,26,18,8,41,9,32,517
170144,"Vajol, la",3,17,-14,3,0,3,5,4,1,-10
172076,"Vall d'en Bas, la",93,56,37,0,6,-6,3,0,3,34
172082,"Vall de Bianya, la",69,50,19,2,6,-4,6,1,5,20
250432,"Vall de Boí, la",41,30,11,18,15,3,22,1,21,35
259010,Vall de Cardós,24,27,-3,4,7,-3,17,0,17,11
082922,Vallbona d'Anoia,81,45,36,8,5,3,25,0,25,64
252385,Vallbona de les Monges,6,9,-3,0,0,0,0,1,-1,-4
082938,Vallcebre,20,14,6,0,0,0,0,0,0,6
431589,Vallclara,4,8,-4,1,0,1,0,0,0,-3
252402,Vallfogona de Balaguer,57,32,25,7,9,-2,25,0,25,48
171707,Vallfogona de Ripollès,9,13,-4,0,0,0,0,0,0,-4
431592,Vallfogona de Riucorb,33,15,18,0,0,0,10,0,10,28
082943,Vallgorguina,241,93,148,5,8,-3,20,2,18,163
082956,Vallirana,920,462,458,42,60,-18,108,2,106,546
172095,Vall-llobrega,43,43,0,0,3,-3,10,0,10,7
431606,Vallmoll,92,53,39,9,11,-2,3,0,3,40
082969,Vallromanes,173,104,69,7,11,-4,13,1,12,77
431613,Valls,833,582,251,162,144,18,307,10,297,566
259062,"Valls d'Aguilar, les",6,10,-4,0,1,-1,1,3,-2,-7
252398,"Valls de Valira, les",34,37,-3,12,5,7,31,11,20,24
431628,Vandellòs i l'Hospitalet de l'Infant,237,161,76,76,55,21,79,9,70,167
259097,"Vansa i Fórnols, la",5,3,2,0,0,0,0,0,0,2
082975,Veciana,5,6,-1,0,0,0,0,0,0,-1
431634,"Vendrell, el",2680,1376,1304,262,250,12,546,14,532,1848
172109,Ventalló,52,45,7,5,0,5,21,0,21,33
252424,Verdú,45,79,-34,2,3,-1,25,1,24,-11
172116,Verges,38,33,5,4,3,1,5,2,3,9
431649,Vespella de Gaià,50,8,42,6,1,5,5,0,5,52
082981,Vic,1350,1383,-33,442,239,203,981,14,967,1137
172121,Vidrà,14,1,13,0,0,0,2,0,2,15
172137,Vidreres,541,252,289,34,42,-8,136,9,127,408
252430,Vielha e Mijaran,153,198,-45,156,149,7,187,14,173,135
431652,Vilabella,12,27,-15,2,3,-1,19,0,19,3
172142,Vilabertran,56,40,16,1,7,-6,4,0,4,14
172155,Vilablareix,97,64,33,3,6,-3,7,1,6,36
082994,Vilada,15,17,-2,0,0,0,0,0,0,-2
172174,Viladamat,23,18,5,2,0,2,9,0,9,16
172168,Viladasens,8,4,4,0,0,0,6,0,6,10
083015,Viladecans,2586,2536,50,371,499,-128,495,6,489,411
083008,Viladecavalls,379,398,-19,35,26,9,23,11,12,2
172180,Vilademuls,26,30,-4,6,2,4,16,0,16,16
172207,Viladrau,48,36,12,5,0,5,12,0,12,29
172214,Vilafant,277,151,126,16,21,-5,40,1,39,160
083054,Vilafranca del Penedès,1606,1349,257,293,271,22,826,43,783,1062
252445,Vilagrassa,23,12,11,2,7,-5,2,0,2,8
172235,Vilajuïga,37,38,-1,3,7,-4,24,0,24,19
431750,Vilalba dels Arcs,9,9,0,2,1,1,7,0,7,8
083067,Vilalba Sasserra,64,57,7,0,6,-6,6,4,2,3
252458,Vilaller,29,32,-3,13,17,-4,70,2,68,61
172240,Vilallonga de Ter,24,20,4,2,2,0,14,0,14,18
431665,Vilallonga del Camp,94,43,51,5,15,-10,22,3,19,60
172253,Vilamacolum,10,23,-13,0,0,0,6,0,6,-7
172266,Vilamalla,35,47,-12,6,3,3,11,0,11,2
172272,Vilamaniscle,3,3,0,0,0,0,8,0,8,8
252477,Vilamòs,19,8,11,1,1,0,6,0,6,17
172288,Vilanant,12,19,-7,0,2,-2,12,0,12,3
431671,Vilanova d'Escornalbou,20,22,-2,1,1,0,9,0,9,7
252483,Vilanova de Bellpuig,13,21,-8,8,6,2,16,0,16,10
252496,Vilanova de l'Aguda,0,2,-2,0,1,-1,0,0,0,-3
252542,Vilanova de la Barca,38,44,-6,10,18,-8,61,2,59,45
252509,Vilanova de Meià,21,22,-1,0,0,0,5,1,4,3
431687,Vilanova de Prades,8,14,-6,2,0,2,2,1,1,-3
083036,Vilanova de Sau,7,11,-4,0,0,0,0,1,-1,-5
252516,Vilanova de Segrià,41,28,13,7,7,0,22,0,22,35
083020,Vilanova del Camí,613,351,262,56,96,-40,86,2,84,306
089024,Vilanova del Vallès,430,140,290,6,12,-6,35,0,35,319
083073,Vilanova i la Geltrú,2492,2056,436,510,520,-10,1175,58,1117,1543
431690,Vilaplana,13,21,-8,1,0,1,18,0,18,11
431704,Vila-rodona,53,44,9,11,6,5,43,0,43,57
172305,Vila-sacra,42,34,8,2,1,1,5,0,5,14
252521,Vila-sana,30,21,9,1,5,-4,10,0,10,15
431711,Vila-seca,862,551,311,283,200,83,383,23,360,754
082140,Vilassar de Dalt,330,303,27,14,40,-26,42,0,42,43
082191,Vilassar de Mar,906,1062,-156,103,120,-17,275,26,249,76
172229,Vilaür,7,4,3,1,0,1,2,0,2,6
431726,Vilaverd,18,23,-5,4,2,2,19,0,19,16
431732,"Vilella Alta, la",1,6,-5,0,2,-2,0,0,0,-7
431747,"Vilella Baixa, la",7,6,1,1,0,1,0,0,0,2
172333,Vilobí d'Onyar,193,106,87,22,3,19,44,0,44,150
083041,Vilobí del Penedès,79,48,31,0,2,-2,9,1,8,37
172327,Vilopriu,5,13,-8,0,0,0,1,0,1,-7
252537,"Vilosell, el",1,27,-26,0,1,-1,6,0,6,-21
431763,Vimbodí i Poblet,35,40,-5,13,0,13,14,0,14,22
252555,Vinaixa,12,33,-21,5,4,1,8,0,8,-12
431779,Vinebre,11,18,-7,0,4,-4,16,0,16,5
431785,Vinyols i els Arcs,118,99,19,10,13,-3,34,1,33,49
083089,Viver i Serrateix,9,8,1,0,0,0,1,0,1,2
430521,Xerta,37,21,16,5,11,-6,18,1,17,27

