Codi,Literal,Migracions internes  amb la resta de Catalunya  immigracions,Migracions internes  amb la resta de Catalunya  emigracions,Migracions internes  amb la resta de Catalunya  saldo migratori,Migracions internes  amb la resta d'Espanya  immigracions,Migracions internes  amb la resta d'Espanya  emigracions,Migracions internes  amb la resta d'Espanya  saldo migratori,Migracions externes  immigracions,Migracions externes  emigracions,Migracions externes  saldo migratori,Saldo migratori total
250019,Abella de la Conca,3,6,-3,1,1,0,1,0,1,-2
080018,Abrera,454,482,-28,74,46,28,94,109,-15,-15
250024,Àger,31,15,16,0,1,-1,10,0,10,25
250030,Agramunt,132,153,-21,33,29,4,56,54,2,-15
080023,Aguilar de Segarra,19,8,11,0,1,-1,0,0,0,10
170010,Agullana,42,40,2,4,5,-1,16,44,-28,-27
080142,Aiguafreda,143,132,11,5,6,-1,13,14,-1,9
430017,Aiguamúrcia,47,48,-1,7,1,6,6,0,6,11
170025,Aiguaviva,33,41,-8,2,0,2,2,6,-4,-10
250387,Aitona,51,65,-14,38,27,11,93,67,26,23
250045,"Alamús, els",35,20,15,1,0,1,9,3,6,22
250058,Alàs i Cerc,9,15,-6,0,0,0,0,0,0,-6
250061,"Albagés, l'",2,6,-4,2,6,-4,1,4,-3,-11
170031,Albanyà,12,20,-8,5,0,5,3,0,3,0
250077,Albatàrrec,95,92,3,32,27,5,95,51,44,52
250083,Albesa,13,40,-27,14,7,7,58,37,21,1
250096,"Albi, l'",16,35,-19,0,0,0,10,2,8,-11
430022,Albinyana,166,138,28,2,7,-5,16,8,8,31
430038,"Albiol, l'",23,43,-20,1,1,0,5,1,4,-16
170046,Albons,50,54,-4,7,4,3,11,6,5,4
430043,Alcanar,225,201,24,93,114,-21,145,182,-37,-34
250100,Alcanó,4,10,-6,0,0,0,0,0,0,-6
250117,Alcarràs,264,277,-13,97,79,18,223,241,-18,-13
250122,Alcoletge,121,187,-66,37,15,22,48,4,44,0
430056,Alcover,118,160,-42,16,19,-3,32,13,19,-26
439044,"Aldea, l'",105,134,-29,22,13,9,72,39,33,13
430069,Aldover,18,19,-1,3,4,-1,7,2,5,3
430075,"Aleixar, l'",16,12,4,2,4,-2,2,1,1,3
080039,Alella,546,386,160,56,36,20,113,65,48,228
430081,Alfara de Carles,10,3,7,9,4,5,0,1,-1,11
250138,Alfarràs,48,87,-39,22,20,2,23,22,1,-36
250143,Alfés,12,19,-7,3,0,3,4,0,4,0
430094,Alforja,106,83,23,9,4,5,10,2,8,36
250156,Algerri,15,25,-10,0,3,-3,1,0,1,-12
250169,Alguaire,73,119,-46,24,19,5,32,21,11,-30
250175,Alins,14,12,2,1,1,0,1,3,-2,0
430108,Alió,33,21,12,1,0,1,1,0,1,14
250194,Almacelles,119,171,-52,72,86,-14,77,19,58,-8
250208,Almatret,4,6,-2,2,5,-3,5,4,1,-4
250215,Almenar,88,112,-24,26,30,-4,56,46,10,-18
430115,Almoster,48,66,-18,4,1,3,6,0,6,-9
250220,Alòs de Balaguer,10,2,8,3,1,2,0,1,-1,9
170062,Alp,93,61,32,37,18,19,25,18,7,58
080044,Alpens,12,7,5,0,1,-1,0,6,-6,-2
250236,Alpicat,156,180,-24,19,26,-7,47,52,-5,-36
250241,Alt Àneu,10,11,-1,4,1,3,1,1,0,2
430120,Altafulla,238,239,-1,20,28,-8,67,45,22,13
170078,Amer,111,95,16,7,13,-6,19,8,11,21
430136,"Ametlla de Mar, l'",158,189,-31,42,49,-7,109,270,-161,-199
080057,"Ametlla del Vallès, l'",449,336,113,25,26,-1,49,35,14,126
439060,"Ampolla, l'",136,168,-32,26,29,-3,76,116,-40,-75
430141,Amposta,574,504,70,141,138,3,226,110,116,189
170084,Anglès,212,237,-25,35,25,10,112,36,76,61
250273,Anglesola,35,41,-6,3,6,-3,15,18,-3,-12
250292,Arbeca,41,64,-23,8,13,-5,21,0,21,-7
430167,"Arboç, l'",233,233,0,28,42,-14,106,57,49,35
430154,Arbolí,5,12,-7,0,1,-1,0,0,0,-8
170097,Arbúcies,186,158,28,35,30,5,124,33,91,124
080060,Arenys de Mar,796,631,165,77,83,-6,176,85,91,250
080076,Arenys de Munt,444,338,106,37,35,2,56,18,38,146
170101,Argelaguer,23,23,0,1,2,-1,4,2,2,1
080082,Argençola,10,14,-4,0,0,0,0,0,0,-4
430173,"Argentera, l'",0,6,-6,0,0,0,0,0,0,-6
080095,Argentona,568,452,116,35,40,-5,90,41,49,160
170118,"Armentera, l'",49,44,5,2,3,-1,12,2,10,14
430189,Arnes,21,9,12,1,8,-7,6,3,3,8
250313,Arres,4,0,4,0,0,0,0,0,0,4
250328,Arsèguel,8,4,4,1,0,1,0,0,0,5
080109,Artés,223,190,33,26,14,12,50,19,31,76
250334,Artesa de Lleida,31,36,-5,10,7,3,19,18,1,-1
250349,Artesa de Segre,79,131,-52,6,11,-5,51,28,23,-34
430192,Ascó,42,45,-3,7,13,-6,6,1,5,-4
250365,Aspa,8,6,2,0,0,0,0,0,0,2
250371,"Avellanes i Santa Linya, les",21,20,1,5,0,5,2,4,-2,4
080116,Avià,77,79,-2,5,5,0,17,9,8,6
080121,Avinyó,108,86,22,21,13,8,12,8,4,34
170123,Avinyonet de Puigventós,126,81,45,5,14,-9,6,4,2,38
080137,Avinyonet del Penedès,93,92,1,8,5,3,16,8,8,12
080155,Badalona,6846,6357,489,1208,1137,71,3922,2358,1564,2124
089045,Badia del Vallès,392,433,-41,76,69,7,69,29,40,6
080168,Bagà,89,86,3,5,4,1,12,6,6,10
250390,Baix Pallars,16,26,-10,2,1,1,4,2,2,-7
250404,Balaguer,479,464,15,118,119,-1,406,198,208,222
080174,Balenyà,191,117,74,17,21,-4,39,6,33,103
080180,Balsareny,69,74,-5,8,14,-6,18,9,9,-2
430206,Banyeres del Penedès,168,160,8,13,14,-1,26,16,10,17
170157,Banyoles,580,470,110,82,91,-9,294,147,147,248
250411,Barbens,21,34,-13,9,10,-1,57,8,49,35
430213,Barberà de la Conca,17,24,-7,3,1,2,6,0,6,1
082520,Barberà del Vallès,1060,1200,-140,156,131,25,189,90,99,-16
080193,Barcelona,28246,37468,-9222,15367,12828,2539,58855,39136,19719,13036
250426,"Baronia de Rialb, la",3,4,-1,0,0,0,1,0,1,0
170160,Bàscara,45,42,3,2,4,-2,10,4,6,7
250447,Bassella,5,6,-1,0,0,0,5,3,2,1
430228,Batea,8,19,-11,10,12,-2,13,3,10,-3
250450,Bausen,0,3,-3,1,1,0,0,0,0,-3
080207,Begues,328,244,84,38,45,-7,75,31,44,121
170139,Begur,137,173,-36,13,19,-6,88,58,30,-12
250463,Belianes,22,9,13,1,1,0,3,3,0,13
251706,Bellaguarda,10,10,0,0,0,0,0,0,0,0
170182,Bellcaire d'Empordà,41,40,1,6,2,4,2,2,0,5
250479,Bellcaire d'Urgell,41,28,13,8,4,4,11,9,2,19
250485,Bell-lloc d'Urgell,65,73,-8,10,7,3,18,31,-13,-18
250498,Bellmunt d'Urgell,10,2,8,0,0,0,0,0,0,8
430234,Bellmunt del Priorat,11,4,7,0,0,0,1,8,-7,0
080214,Bellprat,1,1,0,0,1,-1,0,0,0,-1
250501,Bellpuig,187,158,29,34,19,15,108,128,-20,24
430249,Bellvei,114,132,-18,11,9,2,28,14,14,-2
250518,Bellver de Cerdanya,95,92,3,12,11,1,15,6,9,13
250523,Bellvís,48,58,-10,6,8,-2,27,29,-2,-14
250539,Benavent de Segrià,63,47,16,8,6,2,9,5,4,22
430252,Benifallet,7,18,-11,1,0,1,13,3,10,0
430265,Benissanet,32,40,-8,6,7,-1,20,19,1,-8
080229,Berga,470,448,22,82,80,2,331,166,165,189
170195,Besalú,69,54,15,7,7,0,37,12,25,40
170209,Bescanó,141,150,-9,10,16,-6,21,7,14,-1
170216,Beuda,16,14,2,2,0,2,1,1,0,4
080235,Bigues i Riells del Fai,447,395,52,33,35,-2,23,25,-2,48
250557,Biosca,6,10,-4,0,0,0,0,0,0,-4
170221,"Bisbal d'Empordà, la",334,309,25,54,43,11,171,123,48,84
430271,"Bisbal de Falset, la",7,5,2,0,0,0,0,1,-1,1
430287,"Bisbal del Penedès, la",205,174,31,20,25,-5,16,19,-3,23
172348,Biure,17,8,9,0,0,0,1,2,-1,8
430290,Blancafort,19,20,-1,5,3,2,1,4,-3,-2
170237,Blanes,1251,1181,70,293,292,1,626,500,126,197
170293,Boadella i les Escaules,11,13,-2,0,0,0,4,0,4,2
170242,Bolvir,22,21,1,4,2,2,3,3,0,3
430304,Bonastre,56,39,17,1,1,0,5,2,3,20
250576,"Bòrdes, Es",30,19,11,5,0,5,2,2,0,16
170255,Bordils,84,74,10,7,6,1,17,27,-10,1
250582,"Borges Blanques, les",198,181,17,30,30,0,55,61,-6,11
430311,"Borges del Camp, les",91,82,9,11,4,7,9,3,6,22
170268,Borrassà,22,23,-1,1,2,-1,3,1,2,0
080240,Borredà,20,35,-15,1,2,-1,1,0,1,-15
250595,Bossòst,41,34,7,18,19,-1,9,4,5,11
430326,Bot,9,16,-7,0,1,-1,11,0,11,3
430332,Botarell,38,56,-18,5,5,0,13,5,8,-10
250560,Bovera,3,10,-7,1,0,1,1,0,1,-5
430347,Bràfim,25,23,2,2,2,0,5,4,1,3
170274,Breda,118,128,-10,11,13,-2,21,8,13,1
080253,"Bruc, el",128,94,34,14,7,7,13,11,2,43
080266,"Brull, el",8,9,-1,1,0,1,0,2,-2,-2
170280,Brunyola i Sant Martí Sapresa,14,16,-2,1,0,1,5,3,2,1
430350,Cabacés,5,10,-5,1,1,0,2,1,1,-4
250609,Cabanabona,4,4,0,0,0,0,0,0,0,0
170314,Cabanelles,26,21,5,0,0,0,6,6,0,5
170307,Cabanes,53,23,30,5,3,2,19,14,5,37
080272,"Cabanyes, les",42,26,16,2,1,1,3,5,-2,15
250616,Cabó,4,0,4,0,0,0,0,0,0,4
430363,Cabra del Camp,65,58,7,5,3,2,9,0,9,18
080288,Cabrera d'Anoia,108,86,22,6,12,-6,4,1,3,19
080291,Cabrera de Mar,248,198,50,34,22,12,29,25,4,66
080305,Cabrils,323,353,-30,19,37,-18,142,48,94,46
170329,Cadaqués,69,74,-5,40,33,7,45,81,-36,-34
080312,Calaf,133,124,9,17,12,5,70,32,38,52
430379,Calafell,1684,1441,243,269,208,61,568,216,352,656
080348,Calders,44,71,-27,3,2,1,5,2,3,-23
080327,Caldes d'Estrac,217,181,36,21,27,-6,49,32,17,47
170335,Caldes de Malavella,391,326,65,38,31,7,85,46,39,111
080333,Caldes de Montbui,695,493,202,70,96,-26,139,86,53,229
080351,Calella,918,713,205,137,129,8,450,241,209,422
080370,Calldetenes,115,78,37,9,8,1,10,2,8,46
080386,Callús,105,103,2,11,7,4,20,2,18,24
080364,Calonge de Segarra,3,8,-5,0,0,0,1,0,1,-4
170340,Calonge i Sant Antoni,538,526,12,69,66,3,235,143,92,107
250621,Camarasa,27,34,-7,4,4,0,3,2,1,-6
439039,Camarles,81,84,-3,13,16,-3,44,10,34,28
430385,Cambrils,1398,1202,196,370,326,44,802,404,398,638
170353,Camós,20,14,6,1,0,1,1,5,-4,3
170366,Campdevànol,89,83,6,5,8,-3,11,12,-1,2
170372,Campelles,8,11,-3,0,0,0,1,1,0,-3
080399,Campins,36,37,-1,3,2,1,8,0,8,8
170388,Campllong,21,12,9,0,1,-1,4,1,3,11
170391,Camprodon,123,82,41,12,9,3,32,21,11,55
250637,Canejan,2,3,-1,1,2,-1,1,0,1,-1
170405,Canet d'Adri,29,19,10,2,5,-3,2,1,1,8
080403,Canet de Mar,699,490,209,78,54,24,140,99,41,274
439076,"Canonja, la",236,196,40,19,28,-9,25,43,-18,13
080410,Canovelles,661,663,-2,85,61,24,339,122,217,239
080425,Cànoves i Samalús,186,124,62,16,6,10,16,10,6,78
170412,Cantallops,9,20,-11,0,1,-1,11,0,11,-1
080431,Canyelles,260,214,46,30,27,3,63,8,55,104
430398,Capafonts,8,13,-5,0,0,0,0,0,0,-5
430402,Capçanes,2,8,-6,1,0,1,3,0,3,-2
080446,Capellades,214,227,-13,27,21,6,25,13,12,5
170427,Capmany,18,22,-4,6,7,-1,4,5,-1,-6
080459,Capolat,4,8,-4,0,0,0,1,0,1,-3
080462,Cardedeu,693,653,40,73,51,22,120,82,38,100
080478,Cardona,84,110,-26,7,19,-12,20,3,17,-21
080484,Carme,22,30,-8,2,3,-1,12,0,12,3
430419,Caseres,6,0,6,0,1,-1,0,4,-4,1
170448,Cassà de la Selva,390,379,11,58,37,21,123,24,99,131
080497,Casserres,77,48,29,0,3,-3,2,3,-1,25
080575,Castell de l'Areny,7,3,4,0,0,0,0,0,0,4
259046,Castell de Mur,3,4,-1,0,1,-1,0,0,0,-2
250642,Castellar de la Ribera,1,4,-3,0,0,0,0,1,-1,-4
080522,Castellar de n'Hug,12,11,1,4,0,4,1,2,-1,4
080500,Castellar del Riu,8,9,-1,0,0,0,0,0,0,-1
080517,Castellar del Vallès,844,643,201,91,104,-13,116,75,41,229
080538,Castellbell i el Vilar,172,168,4,9,24,-15,22,8,14,3
080543,Castellbisbal,454,418,36,43,63,-20,83,41,42,58
080556,Castellcir,40,39,1,1,2,-1,9,0,9,9
250674,Castelldans,21,30,-9,9,6,3,8,13,-5,-11
080569,Castelldefels,2357,2482,-125,564,588,-24,1821,1061,760,611
080581,Castellet i la Gornal,121,104,17,3,10,-7,16,12,4,14
170464,Castellfollit de la Roca,50,36,14,2,5,-3,8,13,-5,6
080608,Castellfollit de Riubregós,7,10,-3,0,1,-1,0,0,0,-4
080594,Castellfollit del Boix,17,8,9,1,2,-1,1,2,-1,7
080615,Castellgalí,151,115,36,8,18,-10,5,3,2,28
080620,Castellnou de Bages,80,52,28,3,3,0,0,3,-3,25
250680,Castellnou de Seana,31,24,7,3,1,2,1,5,-4,5
170470,Castelló d'Empúries,409,449,-40,99,104,-5,406,369,37,-8
250693,Castelló de Farfanya,38,30,8,0,0,0,3,2,1,9
080636,Castellolí,19,9,10,0,0,0,0,2,-2,8
170486,Castell-Platja d'Aro,538,534,4,89,73,16,381,412,-31,-11
250707,Castellserà,29,26,3,0,1,-1,1,7,-6,-4
080641,Castellterçol,148,109,39,9,5,4,24,6,18,61
430424,Castellvell del Camp,105,101,4,6,2,4,17,4,13,21
080654,Castellví de la Marca,56,59,-3,2,10,-8,12,6,6,-5
080667,Castellví de Rosanes,159,117,42,6,13,-7,10,2,8,43
430430,"Catllar, el",266,164,102,17,19,-2,27,25,2,102
250714,Cava,0,6,-6,0,0,0,1,0,1,-5
171899,"Cellera de Ter, la",77,93,-16,6,6,0,11,13,-2,-18
170499,Celrà,187,204,-17,31,23,8,77,71,6,-3
080673,Centelles,225,217,8,21,24,-3,38,15,23,28
082687,Cercs,44,54,-10,3,4,-1,13,2,11,0
082665,Cerdanyola del Vallès,1666,1821,-155,304,304,0,995,702,293,138
080689,Cervelló,454,415,39,43,50,-7,63,23,40,72
250729,Cervera,263,223,40,37,49,-12,122,64,58,86
250735,Cervià de les Garrigues,10,12,-2,0,0,0,1,2,-1,-3
170502,Cervià de Ter,56,34,22,1,1,0,13,6,7,29
170519,Cistella,13,21,-8,2,0,2,2,0,2,-4
250740,Ciutadilla,10,7,3,1,0,1,0,0,0,4
250753,Clariana de Cardener,3,3,0,0,0,0,0,0,0,0
250766,"Cogul, el",10,6,4,0,0,0,2,0,2,6
170545,Colera,16,35,-19,2,2,0,4,20,-16,-35
250772,Coll de Nargó,12,21,-9,4,2,2,4,0,4,-3
080692,Collbató,231,199,32,17,6,11,28,7,21,64
430458,Colldejou,4,6,-2,1,1,0,0,0,0,-2
080706,Collsuspina,20,18,2,1,1,0,0,2,-2,0
170558,Colomers,11,12,-1,0,0,0,0,0,0,-1
251636,"Coma i la Pedra, la",21,13,8,0,0,0,0,0,0,8
251615,Conca de Dalt,8,25,-17,0,0,0,4,2,2,-15
430461,Conesa,5,7,-2,0,0,0,0,4,-4,-6
430477,Constantí,229,255,-26,59,52,7,74,41,33,14
080713,Copons,11,25,-14,2,2,0,2,2,0,-14
430483,Corbera d'Ebre,16,28,-12,3,9,-6,10,0,10,-8
080728,Corbera de Llobregat,687,557,130,54,77,-23,122,58,64,171
250788,Corbins,36,37,-1,13,9,4,19,8,11,14
170577,Corçà,50,47,3,4,12,-8,7,6,1,-4
080734,Cornellà de Llobregat,2843,2954,-111,504,439,65,1500,1133,367,321
170561,Cornellà del Terri,117,97,20,17,9,8,21,9,12,40
430496,Cornudella de Montsant,36,26,10,11,4,7,7,1,6,23
430509,Creixell,301,268,33,35,19,16,35,15,20,69
170583,Crespià,13,21,-8,3,3,0,6,2,4,-4
179011,"Cruïlles, Monells i Sant Sadurní de l'Heura",53,66,-13,6,9,-3,12,3,9,-7
080749,Cubelles,976,807,169,123,106,17,196,108,88,274
250791,Cubells,7,23,-16,1,0,1,5,0,5,-10
430516,Cunit,1031,766,265,128,76,52,199,98,101,418
170600,Darnius,22,27,-5,2,3,-1,10,1,9,3
170617,Das,10,10,0,0,1,-1,4,0,4,3
439018,Deltebre,245,260,-15,60,53,7,88,47,41,33
080752,Dosrius,339,292,47,13,34,-21,42,17,25,51
430537,Duesaigües,5,12,-7,0,1,-1,2,0,2,-6
170622,"Escala, l'",288,385,-97,60,55,5,198,62,136,44
080765,Esparreguera,813,759,54,145,135,10,198,112,86,150
170638,Espinelves,16,17,-1,0,0,0,2,0,2,1
250812,"Espluga Calba, l'",4,9,-5,2,1,1,2,0,2,-2
430542,"Espluga de Francolí, l'",90,111,-21,16,15,1,28,7,21,1
080771,Esplugues de Llobregat,1875,1904,-29,247,265,-18,839,238,601,554
170643,Espolla,8,6,2,0,2,-2,2,0,2,2
170656,Esponellà,20,18,2,4,1,3,0,10,-10,-5
250827,Espot,6,10,-4,4,7,-3,2,3,-1,-8
080787,"Espunyola, l'",26,6,20,0,0,0,0,0,0,20
082541,"Esquirol, l'",71,73,-2,6,6,0,13,6,7,5
250886,Estamariu,1,6,-5,0,0,0,0,0,0,-5
080790,"Estany, l'",18,22,-4,0,2,-2,1,0,1,-5
250851,Estaràs,4,5,-1,0,0,0,0,0,0,-1
250864,Esterri d'Àneu,29,27,2,6,14,-8,13,18,-5,-11
250870,Esterri de Cardós,0,2,-2,2,0,2,1,0,1,1
430555,Falset,66,80,-14,11,8,3,34,16,18,7
170059,"Far d'Empordà, el",21,18,3,1,2,-1,2,3,-1,1
250899,Farrera,8,7,1,0,0,0,1,0,1,2
430568,"Fatarella, la",6,8,-2,3,1,2,1,0,1,1
430574,"Febró, la",0,0,0,0,0,0,1,0,1,1
081347,Figaró-Montmany,92,52,40,11,5,6,9,11,-2,44
080804,Fígols,2,2,0,0,0,0,0,0,0,0
259084,Fígols i Alinyà,11,4,7,0,0,0,2,0,2,9
430580,"Figuera, la",8,5,3,0,0,0,1,0,1,4
170669,Figueres,1499,1561,-62,374,335,39,1087,856,231,208
430593,Figuerola del Camp,17,33,-16,1,1,0,0,1,-1,-17
170675,Flaçà,55,43,12,5,0,5,19,4,15,32
430607,Flix,59,115,-56,18,20,-2,35,9,26,-32
250925,"Floresta, la",4,5,-1,2,0,2,0,2,-2,-1
080826,Fogars de la Selva,106,93,13,6,1,5,10,12,-2,16
080811,Fogars de Montclús,29,24,5,0,3,-3,6,1,5,7
170681,Foixà,10,14,-4,1,0,1,0,2,-2,-5
080832,Folgueroles,50,73,-23,1,4,-3,4,2,2,-24
250931,Fondarella,50,45,5,3,7,-4,0,2,-2,-1
080847,Fonollosa,67,48,19,2,1,1,10,0,10,30
170694,Fontanals de Cerdanya,30,19,11,3,3,0,1,3,-2,9
170708,Fontanilles,1,5,-4,2,0,2,4,1,3,1
170715,Fontcoberta,41,49,-8,2,5,-3,7,1,6,-5
080850,Font-rubí,46,38,8,7,2,5,5,5,0,13
250946,Foradada,11,6,5,0,0,0,1,0,1,6
179026,Forallac,78,62,16,4,2,2,7,3,4,22
430614,Forès,2,4,-2,0,0,0,1,0,1,-1
170736,Fornells de la Selva,125,117,8,8,3,5,20,7,13,26
170741,Fortià,46,35,11,1,5,-4,5,3,2,9
080863,"Franqueses del Vallès, les",885,837,48,110,91,19,236,164,72,139
430629,Freginals,10,24,-14,2,0,2,0,1,-1,-13
250962,"Fuliola, la",32,39,-7,5,6,-1,16,8,8,0
250978,Fulleda,1,5,-4,0,0,0,2,0,2,-2
080902,Gaià,14,10,4,0,1,-1,1,2,-1,2
430635,"Galera, la",29,23,6,3,3,0,6,2,4,10
080879,Gallifa,2,13,-11,0,0,0,2,0,2,-9
430640,Gandesa,69,39,30,12,8,4,31,60,-29,5
430653,Garcia,21,28,-7,5,6,-1,11,4,7,-1
430666,"Garidells, els",11,8,3,1,0,1,3,0,3,7
080885,"Garriga, la",611,472,139,60,74,-14,185,76,109,234
170754,Garrigàs,22,22,0,3,1,2,4,0,4,6
170767,Garrigoles,13,11,2,0,0,0,2,0,2,4
170773,Garriguella,36,54,-18,5,7,-2,13,11,2,-18
080898,Gavà,1695,1674,21,261,283,-22,696,409,287,286
250984,Gavet de la Conca,16,15,1,0,0,0,0,0,0,1
080919,Gelida,352,295,57,28,49,-21,61,40,21,57
170789,Ger,28,25,3,2,1,1,3,4,-1,3
259123,Gimenells i el Pla de la Font,26,17,9,11,3,8,10,11,-1,16
430672,Ginestar,16,29,-13,0,2,-2,13,4,9,-6
170792,Girona,3412,3560,-148,754,694,60,2352,1500,852,764
080924,Gironella,170,129,41,17,8,9,45,17,28,78
080930,Gisclareny,0,0,0,0,0,0,0,0,0,0
430688,Godall,12,18,-6,1,3,-2,0,0,0,-8
250997,Golmés,93,81,12,6,9,-3,8,10,-2,7
170806,Gombrèn,13,12,1,1,0,1,0,0,0,2
251001,Gósol,7,11,-4,1,2,-1,0,2,-2,-7
080945,"Granada, la",123,111,12,10,14,-4,12,4,8,16
251018,"Granadella, la",21,22,-1,4,3,1,8,3,5,5
080958,Granera,7,4,3,1,0,1,0,0,0,4
251023,"Granja d'Escarp, la",14,19,-5,9,12,-3,42,36,6,-2
080961,Granollers,2345,2283,62,402,361,41,1060,707,353,456
251039,Granyanella,1,4,-3,0,0,0,0,0,0,-3
251057,Granyena de les Garrigues,2,8,-6,0,0,0,1,1,0,-6
251044,Granyena de Segarra,2,3,-1,0,0,0,1,0,1,0
430691,Gratallops,2,14,-12,2,0,2,3,0,3,-7
080977,Gualba,110,58,52,2,6,-4,8,7,1,49
170813,Gualta,17,23,-6,3,1,2,38,32,6,2
080996,Guardiola de Berguedà,46,55,-9,2,1,1,5,7,-2,-10
430705,"Guiamets, els",13,6,7,1,3,-2,0,7,-7,-2
170828,Guils de Cerdanya,28,23,5,6,2,4,0,2,-2,7
251095,Guimerà,9,6,3,1,0,1,1,1,0,4
259031,"Guingueta d'Àneu, la",8,23,-15,3,5,-2,10,5,5,-12
251109,Guissona,131,241,-110,83,46,37,205,133,72,-1
251116,Guixers,5,10,-5,1,0,1,0,0,0,-4
081000,Gurb,113,77,36,2,2,0,8,5,3,39
430712,Horta de Sant Joan,14,22,-8,4,9,-5,5,4,1,-12
081017,"Hospitalet de Llobregat, l'",10199,10784,-585,2081,1923,158,8680,3493,5187,4760
081629,"Hostalets de Pierola, els",190,179,11,8,11,-3,8,17,-9,-1
170834,Hostalric,184,154,30,11,10,1,42,34,8,39
081022,Igualada,1305,1240,65,316,273,43,567,481,86,194
251155,Isona i Conca Dellà,33,37,-4,6,9,-3,16,6,10,3
170849,Isòvol,15,12,3,1,0,1,3,3,0,4
251137,Ivars d'Urgell,28,43,-15,9,5,4,23,14,9,-2
251121,Ivars de Noguera,11,5,6,2,3,-1,2,0,2,7
251142,Ivorra,2,4,-2,0,0,0,0,0,0,-2
170852,Jafre,15,13,2,2,6,-4,3,1,2,0
170865,"Jonquera, la",98,131,-33,47,21,26,142,70,72,65
081038,Jorba,56,36,20,2,10,-8,13,2,11,23
259101,Josa i Tuixén,9,5,4,1,0,1,0,0,0,5
170871,Juià,44,64,-20,1,1,0,22,2,20,0
251180,Juncosa,11,17,-6,1,1,0,2,0,2,-4
251193,Juneda,95,73,22,7,13,-6,81,16,65,81
251214,Les,56,49,7,17,12,5,15,17,-2,10
251229,Linyola,71,56,15,19,18,1,25,14,11,27
081043,"Llacuna, la",32,37,-5,2,2,0,11,4,7,2
170887,Lladó,52,40,12,3,4,-1,4,4,0,11
251235,Lladorre,2,5,-3,2,2,0,1,0,1,-2
251240,Lladurs,8,11,-3,0,1,-1,0,3,-3,-7
081056,"Llagosta, la",456,477,-21,65,85,-20,234,146,88,47
170890,Llagostera,332,277,55,42,41,1,106,75,31,87
170904,Llambilles,27,47,-20,0,0,0,4,3,1,-19
170911,Llanars,26,31,-5,2,2,0,12,0,12,7
170926,Llançà,161,176,-15,33,42,-9,106,35,71,47
251253,Llardecans,13,17,-4,1,1,0,1,1,0,-4
251266,Llavorsí,12,11,1,1,0,1,2,3,-1,1
251207,Lleida,2546,2605,-59,1339,1299,40,2318,2294,24,5
170932,Llers,73,49,24,6,6,0,16,10,6,30
251272,Lles de Cerdanya,2,5,-3,3,0,3,3,1,2,2
081075,Lliçà d'Amunt,773,599,174,42,53,-11,72,47,25,188
081081,Lliçà de Vall,327,258,69,22,19,3,26,11,15,87
251288,Llimiana,5,6,-1,1,2,-1,3,0,3,1
081069,Llinars del Vallès,493,398,95,48,55,-7,79,50,29,117
170947,Llívia,79,75,4,9,5,4,19,4,15,23
430727,"Lloar, el",10,9,1,0,0,0,2,1,1,2
251291,Llobera,8,13,-5,0,0,0,0,0,0,-5
430733,Llorac,7,3,4,1,0,1,3,0,3,8
430748,Llorenç del Penedès,138,105,33,10,7,3,13,7,6,42
170950,Lloret de Mar,976,1086,-110,344,292,52,1608,1743,-135,-193
170963,"Llosses, les",15,12,3,0,0,0,10,2,8,11
081094,Lluçà,1,2,-1,3,1,2,0,0,0,1
171024,Maçanet de Cabrenys,20,30,-10,6,7,-1,3,7,-4,-15
171030,Maçanet de la Selva,361,303,58,51,41,10,60,20,40,108
170979,Madremanya,29,27,2,1,2,-1,0,0,0,1
170985,Maià de Montcal,20,17,3,0,0,0,1,0,1,4
251333,Maials,21,30,-9,3,3,0,14,6,8,-1
251305,Maldà,4,6,-2,1,0,1,0,0,0,-1
081108,Malgrat de Mar,689,628,61,112,106,6,212,127,85,152
081115,Malla,16,7,9,0,0,0,3,4,-1,8
081120,Manlleu,511,523,-12,167,87,80,353,179,174,242
081136,Manresa,2366,2091,275,439,401,38,1326,939,387,700
430764,Marçà,25,25,0,3,0,3,2,2,0,3
430751,Margalef,1,1,0,1,2,-1,0,0,0,-1
082423,Marganell,23,14,9,2,2,0,0,1,-1,8
081141,Martorell,852,826,26,182,176,6,402,617,-215,-183
081154,Martorelles,252,202,50,24,20,4,35,25,10,64
430770,Mas de Barberans,4,16,-12,1,0,1,10,0,10,-1
171002,Masarac,11,14,-3,0,6,-6,5,5,0,-9
430786,Masdenverge,44,39,5,1,4,-3,6,1,5,7
081167,"Masies de Roda, les",27,32,-5,5,3,2,2,1,1,-2
081173,"Masies de Voltregà, les",103,112,-9,6,9,-3,7,4,3,-9
430799,Masllorenç,24,29,-5,7,3,4,6,1,5,4
081189,"Masnou, el",866,886,-20,126,110,16,271,151,120,116
430803,"Masó, la",4,10,-6,0,0,0,2,0,2,-4
430810,Maspujols,39,29,10,1,1,0,2,0,2,12
081192,Masquefa,437,335,102,38,36,2,37,22,15,119
430825,"Masroig, el",9,21,-12,0,0,0,6,2,4,-8
251312,Massalcoreig,11,13,-2,8,13,-5,31,26,5,-2
171019,Massanes,38,39,-1,2,2,0,4,2,2,1
251327,Massoteres,20,6,14,4,1,3,4,0,4,21
081206,Matadepera,420,319,101,20,12,8,53,30,23,132
081213,Mataró,2888,2873,15,714,733,-19,2075,1265,810,806
171045,Medinyà,..,..,..,..,..,..,..,..,..,..
081228,Mediona,183,120,63,22,7,15,34,7,27,105
251348,Menàrguens,12,20,-8,1,6,-5,8,0,8,-5
170998,Meranges,4,4,0,0,0,0,0,0,0,0
171058,Mieres,14,17,-3,2,3,-1,0,2,-2,-6
430831,"Milà, el",6,5,1,1,0,1,0,0,0,2
251351,Miralcamp,36,26,10,4,4,0,4,21,-17,-7
430846,Miravet,11,30,-19,1,3,-2,9,4,5,-16
081385,Moià,279,167,112,31,25,6,63,44,19,137
430859,"Molar, el",11,12,-1,1,0,1,3,2,1,1
081234,Molins de Rei,669,665,4,109,88,21,188,47,141,166
251370,Mollerussa,472,497,-25,136,113,23,289,103,186,184
171061,Mollet de Peralada,19,17,2,0,0,0,3,0,3,5
081249,Mollet del Vallès,1518,1756,-238,250,282,-32,646,446,200,-70
171077,Molló,15,25,-10,1,2,-1,3,1,2,-9
251364,"Molsosa, la",7,6,1,0,0,0,0,0,0,1
081287,Monistrol de Calders,30,35,-5,7,3,4,2,1,1,0
081271,Monistrol de Montserrat,181,175,6,29,21,8,28,19,9,23
171096,Montagut i Oix,33,49,-16,1,4,-3,4,0,4,-15
430862,Montblanc,189,165,24,38,27,11,50,57,-7,28
430884,Montbrió del Camp,168,173,-5,10,15,-5,19,10,9,-1
081252,Montcada i Reixac,1383,1205,178,150,145,5,536,237,299,482
081304,Montclar,11,1,10,0,0,0,0,0,0,10
251399,Montellà i Martinet,34,39,-5,2,0,2,9,1,8,5
081311,Montesquiu,62,61,1,8,2,6,7,1,6,13
251403,Montferrer i Castellbò,39,50,-11,10,2,8,16,25,-9,-12
430897,Montferri,25,32,-7,5,3,2,3,3,0,-5
251386,Montgai,14,7,7,2,3,-1,3,0,3,9
081265,Montgat,539,502,37,49,65,-16,71,80,-9,12
081326,Montmajor,10,22,-12,0,0,0,12,0,12,0
081332,Montmaneu,7,7,0,2,1,1,3,0,3,4
430901,"Montmell, el",128,93,35,10,5,5,8,2,6,46
081350,Montmeló,266,271,-5,49,35,14,71,41,30,39
251425,Montoliu de Lleida,19,19,0,4,2,2,4,0,4,6
251410,Montoliu de Segarra,14,2,12,2,0,2,3,1,2,16
251431,Montornès de Segarra,4,4,0,0,0,0,0,0,0,0
081363,Montornès del Vallès,484,565,-81,83,57,26,217,174,43,-12
430918,Mont-ral,5,7,-2,1,0,1,8,0,8,7
171100,Mont-ras,50,66,-16,5,10,-5,13,9,4,-17
430923,Mont-roig del Camp,618,568,50,123,106,17,244,69,175,242
081379,Montseny,15,31,-16,0,0,0,0,2,-2,-18
430939,Móra d'Ebre,188,177,11,46,44,2,84,40,44,57
430944,Móra la Nova,95,94,1,22,34,-12,43,5,38,27
430957,"Morell, el",201,183,18,28,31,-3,22,25,-3,12
430960,"Morera de Montsant, la",5,7,-2,0,0,0,5,0,5,3
081290,Muntanyola,40,36,4,2,0,2,2,0,2,8
081398,Mura,13,16,-3,1,1,0,2,0,2,-1
251459,Nalec,0,8,-8,0,0,0,0,0,0,-8
250254,Naut Aran,38,43,-5,31,25,6,10,1,9,10
081402,Navarcles,196,193,3,19,23,-4,43,9,34,33
081419,Navàs,148,156,-8,28,16,12,38,17,21,25
171117,Navata,86,59,27,0,10,-10,10,7,3,20
251462,Navès,17,20,-3,2,3,-1,2,0,2,-2
081424,"Nou de Berguedà, la",6,2,4,0,0,0,1,2,-1,3
430976,"Nou de Gaià, la",22,7,15,3,5,-2,2,4,-2,11
430982,Nulles,37,29,8,1,0,1,2,0,2,11
251484,Odèn,9,1,8,0,3,-3,1,0,1,6
081430,Òdena,189,174,15,22,26,-4,21,22,-1,10
171122,Ogassa,5,8,-3,0,0,0,0,0,0,-3
081458,Olèrdola,183,169,14,13,16,-3,45,13,32,43
081461,Olesa de Bonesvalls,130,79,51,12,14,-2,15,3,12,61
081477,Olesa de Montserrat,747,690,57,133,136,-3,191,50,141,195
251497,Oliana,27,37,-10,11,16,-5,11,16,-5,-20
251500,Oliola,2,13,-11,0,0,0,1,0,1,-10
251517,Olius,52,30,22,2,0,2,2,1,1,25
081483,Olivella,309,215,94,16,32,-16,84,61,23,101
081496,Olost,26,41,-15,6,4,2,9,0,9,-4
171143,Olot,882,785,97,240,172,68,606,240,366,531
251522,"Oluges, les",16,0,16,1,0,1,0,0,0,17
081445,Olvan,34,39,-5,5,1,4,1,0,1,0
251538,"Omellons, els",7,3,4,0,2,-2,0,1,-1,1
251543,"Omells de na Gaia, els",3,2,1,1,0,1,0,1,-1,1
171156,Ordis,16,12,4,3,0,3,2,0,2,9
251556,Organyà,23,25,-2,1,13,-12,11,6,5,-9
081509,Orís,11,16,-5,1,1,0,0,0,0,-5
081516,Oristà,16,26,-10,1,2,-1,6,0,6,-5
081521,Orpí,4,2,2,0,0,0,1,0,1,3
081537,Òrrius,77,38,39,0,2,-2,3,4,-1,36
251569,Os de Balaguer,51,47,4,2,3,-1,3,0,3,6
171169,Osor,23,15,8,2,5,-3,3,0,3,8
251575,Ossó de Sió,2,6,-4,0,1,-1,0,1,-1,-6
081542,Pacs del Penedès,42,37,5,7,6,1,10,8,2,8
081555,Palafolls,437,359,78,55,62,-7,60,35,25,96
171175,Palafrugell,584,546,38,103,121,-18,479,306,173,193
171181,Palamós,666,618,48,118,142,-24,279,110,169,193
251581,"Palau d'Anglesola, el",54,60,-6,3,14,-11,16,24,-8,-25
171194,Palau de Santa Eulàlia,3,2,1,0,0,0,0,1,-1,0
171215,Palau-sator,13,6,7,0,1,-1,6,3,3,9
171208,Palau-saverdera,71,75,-4,7,7,0,20,35,-15,-19
081568,Palau-solità i Plegamans,521,536,-15,52,38,14,97,42,55,54
431009,"Pallaresos, els",250,167,83,26,20,6,26,6,20,109
081574,Pallejà,466,404,62,29,55,-26,81,41,40,76
430995,"Palma d'Ebre, la",6,11,-5,0,0,0,1,0,1,-4
089058,"Palma de Cervelló, la",149,175,-26,20,24,-4,22,7,15,-15
171236,Palol de Revardit,6,19,-13,2,0,2,6,1,5,-6
171241,Pals,79,108,-29,7,13,-6,63,20,43,8
081580,"Papiol, el",153,157,-4,20,16,4,32,23,9,9
171254,Pardines,5,5,0,1,0,1,1,0,1,2
081593,Parets del Vallès,659,689,-30,84,94,-10,112,40,72,32
171267,Parlavà,13,14,-1,5,3,2,0,2,-2,-1
431016,Passanant i Belltall,4,6,-2,1,1,0,2,0,2,0
171289,Pau,19,26,-7,1,6,-5,13,1,12,0
431021,Paüls,7,13,-6,2,1,1,3,2,1,-4
171292,Pedret i Marzà,8,4,4,2,0,2,5,0,5,11
251641,Penelles,13,14,-1,3,0,3,7,2,5,7
171306,"Pera, la",13,20,-7,1,0,1,1,0,1,-5
081607,Perafita,16,10,6,0,1,-1,2,3,-1,4
431037,Perafort,70,67,3,4,0,4,3,3,0,7
171328,Peralada,97,78,19,11,10,1,19,2,17,37
251654,Peramola,17,9,8,5,0,5,7,1,6,19
431042,"Perelló, el",67,52,15,17,18,-1,58,88,-30,-16
081614,Piera,799,677,122,73,81,-8,97,15,82,196
431055,"Piles, les",2,7,-5,0,3,-3,1,0,1,-7
081635,Pineda de Mar,1190,1015,175,208,180,28,456,285,171,374
431068,"Pinell de Brai, el",19,18,1,0,4,-4,7,7,0,-3
251667,Pinell de Solsonès,4,10,-6,1,0,1,0,0,0,-5
251673,Pinós,11,16,-5,0,2,-2,3,1,2,-5
431074,Pira,12,14,-2,0,1,-1,0,0,0,-3
431080,"Pla de Santa Maria, el",114,93,21,22,10,12,14,4,10,43
081640,"Pla del Penedès, el",76,55,21,5,7,-2,1,0,1,20
171334,"Planes d'Hostoles, les",80,44,36,1,3,-2,17,3,14,48
171349,Planoles,17,9,8,2,3,-1,0,0,0,7
259118,"Plans de Sió, els",27,25,2,0,4,-4,9,0,9,7
251689,"Poal, el",10,21,-11,5,2,3,3,3,0,-8
251692,"Pobla de Cérvoles, la",5,6,-1,0,0,0,0,0,0,-1
081653,"Pobla de Claramunt, la",92,93,-1,6,11,-5,13,14,-1,-7
081666,"Pobla de Lillet, la",52,26,26,1,5,-4,6,2,4,26
431093,"Pobla de Mafumet, la",263,243,20,22,39,-17,25,10,15,18
431107,"Pobla de Massaluca, la",3,9,-6,4,0,4,3,3,0,-2
431114,"Pobla de Montornès, la",185,146,39,17,23,-6,18,3,15,48
251713,"Pobla de Segur, la",105,121,-16,19,15,4,56,12,44,32
431129,Poboleda,6,16,-10,0,5,-5,1,4,-3,-18
081672,Polinyà,282,368,-86,48,45,3,65,19,46,-37
431135,"Pont d'Armentera, el",28,24,4,7,1,6,4,1,3,13
250306,"Pont de Bar, el",12,12,0,0,7,-7,7,1,6,-1
171352,Pont de Molins,35,37,-2,0,0,0,7,2,5,3
251734,"Pont de Suert, el",56,60,-4,16,31,-15,14,4,10,-9
081825,"Pont de Vilomara i Rocafort, el",132,126,6,8,16,-8,15,7,8,6
431418,Pontils,7,10,-3,0,0,0,1,0,1,-2
081688,Pontons,33,45,-12,1,1,0,13,0,13,1
171365,Pontós,26,15,11,0,0,0,0,0,0,11
251728,Ponts,86,89,-3,24,32,-8,40,44,-4,-15
171371,Porqueres,152,155,-3,6,18,-12,19,23,-4,-19
431140,Porrera,10,8,2,0,0,0,3,1,2,4
171404,"Port de la Selva, el",28,52,-24,2,4,-2,15,10,5,-21
171387,Portbou,31,40,-9,11,21,-10,26,20,6,-13
251749,"Portella, la",22,29,-7,7,6,1,31,23,8,2
431153,Pradell de la Teixeta,2,6,-4,0,0,0,2,1,1,-3
431166,Prades,17,17,0,2,6,-4,4,5,-1,-5
431172,Prat de Comte,1,2,-1,1,0,1,0,0,0,0
081691,"Prat de Llobregat, el",1417,1474,-57,442,342,100,747,460,287,330
431188,Pratdip,39,32,7,1,5,-4,15,24,-9,-6
081712,Prats de Lluçanès,89,74,15,1,9,-8,17,14,3,10
081705,"Prats de Rei, els",29,19,10,0,5,-5,0,1,-1,4
251752,Prats i Sansor,11,14,-3,1,0,1,1,1,0,-2
251765,Preixana,19,12,7,0,0,0,5,0,5,12
251771,Preixens,13,22,-9,2,1,1,3,2,1,-7
082303,Premià de Dalt,424,413,11,20,45,-25,115,61,54,40
081727,Premià de Mar,946,1057,-111,130,156,-26,349,139,210,73
171390,"Preses, les",83,76,7,0,2,-2,3,10,-7,-2
251790,Prullans,15,21,-6,1,1,0,4,0,4,-2
171411,Puigcerdà,317,254,63,111,98,13,215,465,-250,-174
081748,Puigdàlber,21,13,8,4,5,-1,10,0,10,17
251804,Puiggròs,8,12,-4,0,0,0,1,0,1,-3
431191,Puigpelat,49,53,-4,4,3,1,2,3,-1,-4
081751,Puig-reig,170,121,49,5,17,-12,26,2,24,61
251811,Puigverd d'Agramunt,15,9,6,1,4,-3,7,0,7,10
251826,Puigverd de Lleida,35,16,19,6,6,0,10,6,4,23
081764,Pujalt,6,4,2,0,0,0,0,2,-2,0
081770,"Quar, la",2,6,-4,0,0,0,0,0,0,-4
171426,Quart,202,147,55,5,13,-8,20,9,11,58
170433,Queralbs,11,2,9,0,0,0,0,0,0,9
431205,Querol,51,63,-12,5,3,2,2,0,2,-8
171432,Rabós,14,6,8,0,1,-1,4,0,4,11
081786,Rajadell,32,27,5,1,0,1,0,0,0,6
431212,Rasquera,18,19,-1,1,0,1,3,1,2,2
171447,Regencós,8,7,1,2,1,1,2,6,-4,-2
081799,Rellinars,56,56,0,6,0,6,3,2,1,7
431227,Renau,4,6,-2,0,0,0,1,0,1,-1
431233,Reus,2388,2338,50,621,657,-36,1120,1099,21,35
251832,Rialp,40,35,5,5,2,3,0,1,-1,7
431248,"Riba, la",15,26,-11,1,2,-1,1,6,-5,-17
431251,Riba-roja d'Ebre,22,25,-3,5,9,-4,16,1,15,8
259059,Ribera d'Ondara,14,18,-4,2,3,-1,1,0,1,-4
251850,Ribera d'Urgellet,51,52,-1,2,8,-6,16,14,2,-5
171450,Ribes de Freser,70,74,-4,5,5,0,11,4,7,3
171463,Riells i Viabrea,289,253,36,27,22,5,42,10,32,73
431264,"Riera de Gaià, la",69,81,-12,7,4,3,10,5,5,-4
251863,Riner,4,3,1,0,0,0,1,1,0,1
171479,Ripoll,284,294,-10,57,51,6,134,62,72,68
081803,Ripollet,1273,1117,156,216,203,13,592,321,271,440
259139,Riu de Cerdanya,5,6,-1,2,0,2,0,0,0,1
171485,Riudarenes,124,120,4,11,5,6,38,12,26,36
171498,Riudaura,9,15,-6,1,2,-1,1,1,0,-7
431270,Riudecanyes,73,30,43,2,8,-6,21,9,12,49
431286,Riudecols,70,46,24,2,6,-4,3,1,2,22
171501,Riudellots de la Selva,103,97,6,7,5,2,28,12,16,24
431299,Riudoms,216,177,39,25,22,3,47,6,41,83
171518,Riumors,12,18,-6,0,2,-2,9,0,9,1
081810,"Roca del Vallès, la",463,410,53,42,35,7,64,16,48,108
431303,Rocafort de Queralt,26,14,12,5,0,5,3,6,-3,14
431310,Roda de Berà,432,362,70,47,33,14,66,20,46,130
081831,Roda de Ter,226,188,38,34,19,15,70,28,42,95
431325,Rodonyà,14,22,-8,2,4,-2,6,4,2,-8
431331,Roquetes,247,339,-92,35,58,-23,89,93,-4,-119
171523,Roses,495,513,-18,180,170,10,547,461,86,78
251898,Rosselló,167,139,28,45,40,5,46,38,8,41
431346,"Rourell, el",31,21,10,1,4,-3,9,0,9,16
081846,Rubí,2111,2046,65,477,387,90,997,487,510,665
081859,Rubió,10,11,-1,0,0,0,1,0,1,0
171539,Rupià,8,10,-2,1,0,1,4,0,4,3
089019,Rupit i Pruit,12,10,2,2,1,1,1,1,0,3
081878,Sabadell,5418,4851,567,1337,1089,248,3034,1756,1278,2093
081884,Sagàs,9,3,6,0,0,0,0,0,0,6
251902,Salàs de Pallars,18,14,4,1,7,-6,2,0,2,0
081901,Saldes,10,13,-3,0,1,-1,0,2,-2,-6
171544,Sales de Llierca,1,3,-2,1,0,1,3,0,3,2
081918,Sallent,156,129,27,37,19,18,40,7,33,78
431359,Salomó,23,13,10,4,1,3,11,0,11,24
439057,Salou,1202,1140,62,374,411,-37,1034,689,345,370
171557,Salt,1299,1279,20,203,186,17,933,254,679,716
251919,Sanaüja,8,12,-4,0,0,0,0,0,0,-4
081944,Sant Adrià de Besòs,1739,1892,-153,268,257,11,646,498,148,6
081957,Sant Agustí de Lluçanès,3,2,1,0,0,0,1,0,1,2
081960,Sant Andreu de la Barca,942,993,-51,156,173,-17,221,157,64,-4
081976,Sant Andreu de Llavaneres,608,568,40,52,71,-19,162,51,111,132
171576,Sant Andreu Salou,8,2,6,0,0,0,1,0,1,7
171833,Sant Aniol de Finestres,7,20,-13,1,6,-5,9,1,8,-10
081982,Sant Antoni de Vilamajor,375,304,71,15,21,-6,25,16,9,74
081995,Sant Bartomeu del Grau,36,46,-10,2,5,-3,4,8,-4,-17
082009,Sant Boi de Llobregat,2237,2141,96,466,476,-10,841,409,432,518
082016,Sant Boi de Lluçanès,37,18,19,6,1,5,7,1,6,30
431362,Sant Carles de la Ràpita,473,378,95,147,153,-6,212,400,-188,-99
082037,Sant Cebrià de Vallalta,189,181,8,18,10,8,29,13,16,32
082021,Sant Celoni,702,658,44,84,87,-3,224,71,153,194
082042,Sant Climent de Llobregat,180,147,33,19,16,3,10,3,7,43
171582,Sant Climent Sescebes,39,43,-4,40,39,1,5,2,3,0
082055,Sant Cugat del Vallès,2623,2974,-351,548,511,37,1993,1162,831,517
082068,Sant Cugat Sesgarrigues,36,25,11,1,2,-1,3,1,2,12
251961,Sant Esteve de la Sarga,7,3,4,0,0,0,0,0,0,4
082074,Sant Esteve de Palautordera,153,100,53,11,4,7,29,6,23,83
082080,Sant Esteve Sesrovires,395,299,96,34,29,5,57,25,32,133
171595,Sant Feliu de Buixalleu,42,58,-16,1,2,-1,2,1,1,-16
082107,Sant Feliu de Codines,399,311,88,24,20,4,65,38,27,119
171609,Sant Feliu de Guíxols,720,687,33,163,113,50,484,391,93,176
082114,Sant Feliu de Llobregat,1288,1172,116,200,256,-56,419,209,210,270
171616,Sant Feliu de Pallerols,58,61,-3,2,3,-1,23,11,12,8
082129,Sant Feliu Sasserra,13,19,-6,0,0,0,0,0,0,-6
171621,Sant Ferriol,24,14,10,1,1,0,6,0,6,16
082093,Sant Fost de Campsentelles,463,362,101,41,49,-8,46,21,25,118
082135,Sant Fruitós de Bages,369,302,67,39,26,13,44,36,8,88
171637,Sant Gregori,208,124,84,3,6,-3,19,5,14,95
251924,Sant Guim de Freixenet,50,42,8,10,2,8,6,3,3,19
251977,Sant Guim de la Plana,8,3,5,0,3,-3,4,0,4,6
171642,Sant Hilari Sacalm,113,134,-21,6,15,-9,119,71,48,18
082153,Sant Hipòlit de Voltregà,139,127,12,14,9,5,31,8,23,40
081939,Sant Iscle de Vallalta,90,74,16,6,3,3,11,22,-11,8
439023,Sant Jaume d'Enveja,102,96,6,16,21,-5,28,13,15,16
082166,Sant Jaume de Frontanyà,1,2,-1,0,0,0,1,0,1,0
171655,Sant Jaume de Llierca,44,54,-10,3,1,2,4,3,1,-7
431378,Sant Jaume dels Domenys,151,152,-1,7,25,-18,15,5,10,-9
171674,Sant Joan de les Abadesses,94,100,-6,8,10,-2,11,16,-5,-13
171680,Sant Joan de Mollet,22,22,0,1,1,0,8,0,8,8
082188,Sant Joan de Vilatorrada,325,329,-4,28,32,-4,84,50,34,26
082172,Sant Joan Despí,1111,1114,-3,186,226,-40,341,139,202,159
171851,Sant Joan les Fonts,127,105,22,14,8,6,38,8,30,58
171668,Sant Jordi Desvalls,33,43,-10,5,2,3,4,0,4,-3
089030,Sant Julià de Cerdanyola,10,7,3,0,1,-1,0,1,-1,1
171693,Sant Julià de Ramis,193,187,6,11,13,-2,23,18,5,9
082205,Sant Julià de Vilatorta,106,104,2,3,4,-1,15,11,4,5
179032,Sant Julià del Llor i Bonmatí,75,90,-15,4,5,-1,19,34,-15,-31
082212,Sant Just Desvern,830,608,222,76,116,-40,313,218,95,277
082227,Sant Llorenç d'Hortons,143,106,37,7,5,2,18,7,11,50
171714,Sant Llorenç de la Muga,7,11,-4,2,1,1,2,0,2,-1
251930,Sant Llorenç de Morunys,43,44,-1,6,2,4,4,2,2,5
082233,Sant Llorenç Savall,102,75,27,8,13,-5,5,11,-6,16
082251,Sant Martí d'Albars,11,5,6,0,0,0,0,0,0,6
082248,Sant Martí de Centelles,91,99,-8,2,5,-3,12,1,11,0
171729,Sant Martí de Llémena,54,43,11,0,0,0,8,0,8,19
259025,Sant Martí de Riucorb,18,22,-4,1,0,1,6,4,2,-1
082264,Sant Martí de Tous,31,27,4,3,2,1,6,0,6,11
082270,Sant Martí Sarroca,158,136,22,20,16,4,40,30,10,36
082286,Sant Martí Sesgueioles,7,13,-6,2,0,2,1,0,1,-3
171735,Sant Martí Vell,4,5,-1,1,0,1,9,5,4,4
082299,Sant Mateu de Bages,14,23,-9,0,2,-2,4,0,4,-7
171740,Sant Miquel de Campmajor,8,9,-1,0,1,-1,1,0,1,-1
171753,Sant Miquel de Fluvià,33,43,-10,4,8,-4,10,0,10,-4
171766,Sant Mori,14,12,2,3,0,3,1,0,1,6
171772,Sant Pau de Segúries,50,22,28,4,2,2,1,0,1,31
082310,Sant Pere de Ribes,1419,1206,213,183,190,-7,516,464,52,258
082325,Sant Pere de Riudebitlles,82,103,-21,3,1,2,13,1,12,-7
082331,Sant Pere de Torelló,67,89,-22,12,3,9,20,20,0,-13
082346,Sant Pere de Vilamajor,242,212,30,10,19,-9,33,9,24,45
171788,Sant Pere Pescador,81,86,-5,6,17,-11,72,48,24,8
081897,Sant Pere Sallavinera,7,7,0,0,0,0,0,0,0,0
082359,Sant Pol de Mar,267,215,52,21,38,-17,111,59,52,87
082362,Sant Quintí de Mediona,110,88,22,24,16,8,24,24,0,30
082378,Sant Quirze de Besora,98,82,16,10,5,5,21,4,17,38
082384,Sant Quirze del Vallès,736,775,-39,79,75,4,141,67,74,39
082397,Sant Quirze Safaja,40,37,3,5,0,5,3,0,3,11
251945,Sant Ramon,17,20,-3,0,0,0,10,5,5,2
082401,Sant Sadurní d'Anoia,426,376,50,58,50,8,104,48,56,114
082418,Sant Sadurní d'Osormort,5,1,4,0,0,0,0,0,0,4
080983,Sant Salvador de Guardiola,151,183,-32,21,27,-6,103,22,81,43
082628,Sant Vicenç de Castellet,354,366,-12,49,48,1,119,78,41,30
082649,Sant Vicenç de Montalt,417,365,52,43,21,22,90,34,56,130
082652,Sant Vicenç de Torelló,82,65,17,2,1,1,7,3,4,22
082634,Sant Vicenç dels Horts,772,877,-105,109,158,-49,227,106,121,-33
431384,Santa Bàrbara,121,138,-17,29,25,4,44,41,3,-10
082439,Santa Cecília de Voltregà,5,4,1,0,1,-1,1,0,1,1
082444,Santa Coloma de Cervelló,359,297,62,21,25,-4,33,7,26,84
171805,Santa Coloma de Farners,370,384,-14,65,47,18,193,213,-20,-16
082457,Santa Coloma de Gramenet,3952,4426,-474,712,715,-3,3217,1587,1630,1153
431397,Santa Coloma de Queralt,65,76,-11,4,12,-8,29,24,5,-14
171812,Santa Cristina d'Aro,237,244,-7,12,26,-14,83,56,27,6
082460,Santa Eugènia de Berga,65,105,-40,8,7,1,36,10,26,-13
082476,Santa Eulàlia de Riuprimer,53,48,5,3,5,-2,13,4,9,12
082482,Santa Eulàlia de Ronçana,350,291,59,20,21,-1,30,17,13,71
082495,Santa Fe del Penedès,8,10,-2,0,2,-2,3,0,3,-1
171827,Santa Llogaia d'Àlguema,31,19,12,0,2,-2,2,0,2,12
082508,Santa Margarida de Montbui,435,369,66,54,52,2,95,39,56,124
082515,Santa Margarida i els Monjos,265,308,-43,30,44,-14,93,17,76,19
082589,Santa Maria d'Oló,27,34,-7,5,1,4,3,1,2,-1
082536,Santa Maria de Besora,6,10,-4,0,0,0,0,1,-1,-5
082567,Santa Maria de Martorelles,60,36,24,5,6,-1,4,0,4,27
082554,Santa Maria de Merlès,8,14,-6,0,0,0,0,0,0,-6
082573,Santa Maria de Miralles,10,5,5,1,0,1,0,0,0,6
082592,Santa Maria de Palautordera,395,383,12,23,30,-7,95,69,26,31
431401,Santa Oliva,211,210,1,17,13,4,26,20,6,11
171848,Santa Pau,60,33,27,8,5,3,8,2,6,36
082606,Santa Perpètua de Mogoda,786,863,-77,126,127,-1,285,141,144,66
082613,Santa Susanna,220,213,7,20,23,-3,53,39,14,18
081923,Santpedor,219,218,1,18,15,3,24,6,18,22
431423,Sarral,42,49,-7,7,4,3,11,20,-9,-13
171864,Sarrià de Ter,271,245,26,23,21,2,52,29,23,51
252017,Sarroca de Bellera,5,6,-1,1,0,1,0,0,0,0
252000,Sarroca de Lleida,10,13,-3,0,2,-2,1,0,1,-4
171870,"Saus, Camallera i Llampaies",47,33,14,1,5,-4,9,4,5,15
431439,Savallà del Comtat,3,4,-1,2,0,2,3,0,3,4
431444,"Secuita, la",98,82,16,2,5,-3,11,3,8,21
171886,"Selva de Mar, la",9,7,2,2,1,1,1,0,1,4
431457,"Selva del Camp, la",231,152,79,27,16,11,26,12,14,104
431460,Senan,2,4,-2,0,0,0,0,0,0,-2
430445,"Sénia, la",85,95,-10,80,66,14,55,59,-4,0
252022,Senterada,9,5,4,1,0,1,2,0,2,7
250352,"Sentiu de Sió, la",26,35,-9,2,5,-3,1,2,-1,-13
082671,Sentmenat,398,316,82,38,27,11,48,27,21,114
171903,Serinyà,38,44,-6,1,3,-2,1,1,0,-8
252043,Seròs,28,39,-11,20,24,-4,49,37,12,-3
171910,Serra de Daró,11,10,1,0,0,0,1,0,1,2
171925,Setcases,3,10,-7,0,0,0,0,0,0,-7
252038,"Seu d'Urgell, la",312,297,15,153,132,21,194,134,60,96
082690,Seva,132,119,13,15,11,4,26,13,13,30
252056,Sidamon,23,19,4,0,4,-4,2,0,2,2
171931,Sils,322,290,32,35,36,-1,63,37,26,57
082704,Sitges,1318,1235,83,208,237,-29,980,414,566,620
170524,Siurana,14,12,2,0,0,0,5,0,5,7
082711,Sobremunt,2,6,-4,0,0,0,0,0,0,-4
252069,"Soleràs, el",4,10,-6,4,2,2,3,0,3,-1
431476,Solivella,18,17,1,5,3,2,2,1,1,4
252075,Solsona,249,263,-14,59,47,12,153,83,70,68
082726,Sora,16,2,14,1,3,-2,0,1,-1,11
252081,Soriguera,29,18,11,3,4,-1,0,7,-7,3
252094,Sort,92,71,21,23,13,10,37,25,12,43
252108,Soses,29,44,-15,18,6,12,58,12,46,43
082732,Subirats,149,103,46,8,11,-3,22,22,0,43
252115,Sudanell,22,38,-16,2,5,-3,5,7,-2,-21
252120,Sunyer,7,17,-10,3,0,3,17,5,12,5
082747,Súria,125,138,-13,31,26,5,39,22,17,9
171946,Susqueda,2,3,-1,1,2,-1,3,0,3,1
082763,Tagamanent,26,19,7,1,2,-1,2,1,1,7
082779,Talamanca,24,17,7,0,2,-2,8,0,8,13
252154,Talarn,14,33,-19,257,291,-34,3,0,3,-50
252167,Talavera,2,5,-3,1,1,0,0,1,-1,-4
171959,"Tallada d'Empordà, la",24,21,3,3,1,2,4,2,2,7
082785,Taradell,209,177,32,24,13,11,56,16,40,83
431482,Tarragona,3343,3387,-44,1223,1214,9,2629,1127,1502,1467
252173,Tàrrega,575,462,113,110,101,9,257,167,90,212
252189,Tarrés,5,3,2,0,0,0,0,1,-1,1
252192,Tarroja de Segarra,5,3,2,1,0,1,0,0,0,3
082750,Tavèrnoles,13,10,3,0,0,0,1,3,-2,1
082802,Tavertet,9,13,-4,0,1,-1,0,1,-1,-6
082819,Teià,268,250,18,18,25,-7,42,22,20,31
252206,Térmens,46,39,7,8,10,-2,26,92,-66,-61
171962,Terrades,23,17,6,1,2,-1,5,1,4,9
082798,Terrassa,5353,4963,390,1283,1267,16,3085,1525,1560,1966
082824,Tiana,344,331,13,25,31,-6,58,8,50,57
252213,Tírvia,3,5,-2,3,1,2,0,0,0,0
252228,Tiurana,5,6,-1,0,0,0,0,0,0,-1
431495,Tivenys,14,19,-5,4,2,2,14,2,12,9
431508,Tivissa,26,52,-26,4,6,-2,13,15,-2,-30
082830,Tona,286,291,-5,32,36,-4,70,26,44,35
252234,Torà,74,62,12,13,7,6,10,0,10,28
082845,Tordera,863,675,188,114,113,1,205,57,148,337
082858,Torelló,399,327,72,62,42,20,173,71,102,194
252249,"Torms, els",9,2,7,0,1,-1,1,0,1,7
252252,Tornabous,28,18,10,11,5,6,26,10,16,32
252271,"Torre de Cabdella, la",21,21,0,1,1,0,8,6,2,2
082861,"Torre de Claramunt, la",170,153,17,13,30,-17,19,2,17,17
431515,"Torre de Fontaubella, la",6,4,2,1,0,1,0,0,0,3
431520,"Torre de l'Espanyol, la",12,20,-8,3,4,-1,10,3,7,-2
252265,Torrebesses,6,11,-5,2,1,1,0,0,0,-4
431536,Torredembarra,838,702,136,139,101,38,264,125,139,313
252287,Torrefarrera,244,213,31,26,38,-12,28,54,-26,-7
259078,Torrefeta i Florejacs,33,28,5,4,3,1,1,0,1,7
252304,Torregrossa,50,53,-3,11,20,-9,19,0,19,7
252311,Torrelameu,40,23,17,0,5,-5,20,5,15,27
082877,Torrelavit,85,39,46,2,2,0,6,13,-7,39
082883,Torrelles de Foix,152,143,9,16,15,1,49,8,41,51
082896,Torrelles de Llobregat,247,241,6,23,34,-11,35,25,10,5
171978,Torrent,6,9,-3,1,4,-3,7,0,7,1
252326,Torres de Segre,51,56,-5,52,22,30,223,140,83,108
252332,Torre-serona,34,16,18,6,0,6,2,0,2,26
171984,Torroella de Fluvià,72,37,35,10,6,4,10,29,-19,20
171997,Torroella de Montgrí,353,418,-65,81,68,13,261,175,86,34
431541,Torroja del Priorat,3,4,-1,0,0,0,3,0,3,2
172001,Tortellà,54,31,23,0,5,-5,5,1,4,22
431554,Tortosa,663,698,-35,236,235,1,590,396,194,160
172018,Toses,10,13,-3,0,0,0,3,0,3,0
172023,Tossa de Mar,143,171,-28,47,35,12,160,128,32,16
252347,Tremp,168,179,-11,58,60,-2,89,89,0,-13
172044,Ullà,59,73,-14,7,8,-1,61,36,25,10
082900,Ullastrell,99,85,14,4,5,-1,8,3,5,18
172057,Ullastret,15,19,-4,0,3,-3,3,1,2,-5
431567,Ulldecona,132,150,-18,130,138,-8,112,142,-30,-56
431573,Ulldemolins,18,7,11,0,4,-4,3,2,1,8
172039,Ultramort,8,7,1,1,0,1,1,1,0,2
172060,Urús,13,10,3,0,0,0,2,0,2,5
082917,Vacarisses,475,346,129,33,17,16,32,17,15,160
170144,"Vajol, la",3,5,-2,0,0,0,3,0,3,1
172076,"Vall d'en Bas, la",119,103,16,3,6,-3,6,2,4,17
172082,"Vall de Bianya, la",66,65,1,3,4,-1,16,30,-14,-14
250432,"Vall de Boí, la",37,34,3,12,5,7,8,2,6,16
259010,Vall de Cardós,24,13,11,1,1,0,6,5,1,12
082922,Vallbona d'Anoia,50,57,-7,5,1,4,6,6,0,-3
252385,Vallbona de les Monges,15,9,6,1,0,1,4,0,4,11
082938,Vallcebre,7,5,2,0,2,-2,1,2,-1,-1
431589,Vallclara,2,5,-3,0,0,0,0,0,0,-3
252402,Vallfogona de Balaguer,74,63,11,10,8,2,17,17,0,13
171707,Vallfogona de Ripollès,10,4,6,0,1,-1,0,0,0,5
431592,Vallfogona de Riucorb,1,2,-1,0,0,0,1,2,-1,-2
082943,Vallgorguina,219,166,53,19,7,12,13,14,-1,64
082956,Vallirana,624,566,58,56,79,-23,101,47,54,89
172095,Vall-llobrega,47,60,-13,5,3,2,8,2,6,-5
431606,Vallmoll,85,68,17,4,8,-4,15,7,8,21
082969,Vallromanes,134,122,12,9,22,-13,24,5,19,18
431613,Valls,621,643,-22,117,113,4,288,120,168,150
259062,"Valls d'Aguilar, les",11,7,4,0,0,0,0,3,-3,1
252398,"Valls de Valira, les",45,39,6,9,9,0,25,8,17,23
431628,Vandellòs i l'Hospitalet de l'Infant,213,209,4,63,44,19,93,43,50,73
259097,"Vansa i Fórnols, la",3,8,-5,1,1,0,1,1,0,-5
082975,Veciana,7,3,4,0,0,0,1,1,0,4
431634,"Vendrell, el",1894,1542,352,338,278,60,509,414,95,507
172109,Ventalló,75,43,32,3,1,2,15,8,7,41
252424,Verdú,30,27,3,1,5,-4,7,5,2,1
172116,Verges,56,38,18,5,0,5,14,8,6,29
431649,Vespella de Gaià,21,20,1,2,4,-2,3,7,-4,-5
082981,Vic,1549,1345,204,502,281,221,1358,610,748,1173
172121,Vidrà,5,8,-3,1,2,-1,0,0,0,-4
172137,Vidreres,408,378,30,35,41,-6,138,41,97,121
252430,Vielha e Mijaran,151,217,-66,148,137,11,109,86,23,-32
431652,Vilabella,16,17,-1,2,1,1,3,0,3,3
172142,Vilabertran,62,38,24,5,4,1,2,0,2,27
172155,Vilablareix,149,87,62,6,2,4,12,1,11,77
082994,Vilada,21,11,10,0,0,0,0,1,-1,9
172174,Viladamat,21,22,-1,0,0,0,7,4,3,2
172168,Viladasens,5,18,-13,1,2,-1,4,0,4,-10
083015,Viladecans,1791,1947,-156,447,376,71,551,361,190,105
083008,Viladecavalls,371,287,84,17,17,0,29,24,5,89
172180,Vilademuls,37,21,16,8,3,5,16,4,12,33
172207,Viladrau,31,32,-1,1,4,-3,3,5,-2,-6
172214,Vilafant,246,256,-10,15,19,-4,19,18,1,-13
083054,Vilafranca del Penedès,1333,1080,253,214,175,39,489,190,299,591
252445,Vilagrassa,26,32,-6,0,3,-3,5,1,4,-5
172235,Vilajuïga,44,76,-32,10,4,6,15,10,5,-21
431750,Vilalba dels Arcs,14,12,2,1,0,1,0,0,0,3
083067,Vilalba Sasserra,64,65,-1,8,5,3,7,0,7,9
252458,Vilaller,16,19,-3,5,8,-3,5,1,4,-2
172240,Vilallonga de Ter,17,13,4,0,2,-2,5,2,3,5
431665,Vilallonga del Camp,120,105,15,10,19,-9,9,19,-10,-4
172253,Vilamacolum,26,45,-19,2,1,1,7,2,5,-13
172266,Vilamalla,75,60,15,3,1,2,1,5,-4,13
172272,Vilamaniscle,21,14,7,0,0,0,2,0,2,9
252477,Vilamòs,14,10,4,7,5,2,2,0,2,8
172288,Vilanant,21,24,-3,1,0,1,3,1,2,0
431671,Vilanova d'Escornalbou,47,19,28,1,1,0,6,6,0,28
252483,Vilanova de Bellpuig,60,55,5,6,0,6,16,6,10,21
252496,Vilanova de l'Aguda,4,5,-1,0,0,0,2,1,1,0
252542,Vilanova de la Barca,40,46,-6,3,3,0,34,47,-13,-19
252509,Vilanova de Meià,14,16,-2,0,1,-1,5,4,1,-2
431687,Vilanova de Prades,6,11,-5,1,0,1,0,0,0,-4
083036,Vilanova de Sau,15,14,1,0,2,-2,0,1,-1,-2
252516,Vilanova de Segrià,50,39,11,3,18,-15,9,1,8,4
083020,Vilanova del Camí,392,447,-55,85,57,28,60,33,27,0
089024,Vilanova del Vallès,238,203,35,27,30,-3,22,28,-6,26
083073,Vilanova i la Geltrú,2039,1913,126,415,420,-5,798,498,300,421
431690,Vilaplana,24,30,-6,2,2,0,9,4,5,-1
431704,Vila-rodona,49,59,-10,5,6,-1,18,5,13,2
172305,Vila-sacra,38,39,-1,1,1,0,10,4,6,5
252521,Vila-sana,28,33,-5,1,5,-4,3,5,-2,-11
431711,Vila-seca,798,849,-51,216,255,-39,281,82,199,109
082140,Vilassar de Dalt,397,389,8,19,21,-2,66,19,47,53
082191,Vilassar de Mar,835,766,69,84,90,-6,197,75,122,185
172229,Vilaür,7,5,2,0,0,0,5,0,5,7
431726,Vilaverd,29,18,11,4,0,4,8,0,8,23
431732,"Vilella Alta, la",5,5,0,0,0,0,3,0,3,3
431747,"Vilella Baixa, la",14,8,6,0,1,-1,0,0,0,5
172333,Vilobí d'Onyar,153,115,38,6,20,-14,38,32,6,30
083041,Vilobí del Penedès,52,40,12,5,3,2,13,6,7,21
172327,Vilopriu,13,10,3,1,4,-3,0,1,-1,-1
252537,"Vilosell, el",8,11,-3,0,1,-1,1,0,1,-3
431763,Vimbodí i Poblet,29,26,3,2,3,-1,8,1,7,9
252555,Vinaixa,9,8,1,0,1,-1,2,1,1,1
431779,Vinebre,10,14,-4,0,1,-1,7,0,7,2
431785,Vinyols i els Arcs,143,107,36,18,20,-2,23,8,15,49
083089,Viver i Serrateix,3,9,-6,1,1,0,0,0,0,-6
430521,Xerta,34,50,-16,6,4,2,17,9,8,-6

