Codi,Literal,Migracions internes  amb la resta de Catalunya  immigracions,Migracions internes  amb la resta de Catalunya  emigracions,Migracions internes  amb la resta de Catalunya  saldo migratori,Migracions internes  amb la resta d'Espanya  immigracions,Migracions internes  amb la resta d'Espanya  emigracions,Migracions internes  amb la resta d'Espanya  saldo migratori,Migracions externes  immigracions,Migracions externes  emigracions,Migracions externes  saldo migratori,Saldo migratori total
250019,Abella de la Conca,7,4,3,0,1,-1,3,0,3,5
080018,Abrera,465,434,31,68,64,4,74,43,31,66
250024,Àger,16,19,-3,0,0,0,9,12,-3,-6
250030,Agramunt,108,127,-19,17,14,3,62,44,18,2
080023,Aguilar de Segarra,15,3,12,0,0,0,0,0,0,12
170010,Agullana,26,28,-2,6,3,3,9,19,-10,-9
080142,Aiguafreda,148,93,55,16,4,12,10,17,-7,60
430017,Aiguamúrcia,31,36,-5,6,9,-3,5,0,5,-3
170025,Aiguaviva,43,25,18,0,0,0,0,1,-1,17
250387,Aitona,64,44,20,40,23,17,78,47,31,68
250045,"Alamús, els",32,43,-11,2,5,-3,7,1,6,-8
250058,Alàs i Cerc,15,12,3,0,0,0,3,2,1,4
250061,"Albagés, l'",18,21,-3,1,2,-1,0,1,-1,-5
170031,Albanyà,9,15,-6,0,0,0,1,0,1,-5
250077,Albatàrrec,101,97,4,34,32,2,47,75,-28,-22
250083,Albesa,12,32,-20,5,4,1,28,16,12,-7
250096,"Albi, l'",11,24,-13,0,2,-2,2,4,-2,-17
430022,Albinyana,172,136,36,6,7,-1,6,8,-2,33
430038,"Albiol, l'",34,11,23,1,2,-1,0,2,-2,20
170046,Albons,44,45,-1,5,5,0,9,1,8,7
430043,Alcanar,203,161,42,84,112,-28,135,113,22,36
250100,Alcanó,6,5,1,0,0,0,0,3,-3,-2
250117,Alcarràs,306,309,-3,117,104,13,271,196,75,85
250122,Alcoletge,187,139,48,24,32,-8,45,3,42,82
430056,Alcover,175,150,25,16,11,5,38,20,18,48
439044,"Aldea, l'",113,123,-10,19,17,2,81,108,-27,-35
430069,Aldover,19,35,-16,5,2,3,4,0,4,-9
430075,"Aleixar, l'",18,36,-18,4,3,1,4,3,1,-16
080039,Alella,467,431,36,48,50,-2,123,95,28,62
430081,Alfara de Carles,12,12,0,2,3,-1,2,0,2,1
250138,Alfarràs,51,66,-15,21,20,1,23,49,-26,-40
250143,Alfés,5,17,-12,1,1,0,1,2,-1,-13
430094,Alforja,60,96,-36,10,12,-2,10,3,7,-31
250156,Algerri,22,18,4,2,0,2,0,3,-3,3
250169,Alguaire,73,88,-15,23,14,9,33,23,10,4
250175,Alins,3,3,0,0,3,-3,7,1,6,3
430108,Alió,21,27,-6,7,0,7,1,1,0,1
250194,Almacelles,171,136,35,95,89,6,68,33,35,76
250208,Almatret,6,13,-7,1,2,-1,4,0,4,-4
250215,Almenar,81,92,-11,43,32,11,54,59,-5,-5
430115,Almoster,22,63,-41,2,2,0,4,4,0,-41
250220,Alòs de Balaguer,7,3,4,0,0,0,0,0,0,4
170062,Alp,62,95,-33,13,8,5,15,20,-5,-33
080044,Alpens,2,15,-13,0,1,-1,0,0,0,-14
250236,Alpicat,251,229,22,37,31,6,34,34,0,28
250241,Alt Àneu,16,17,-1,2,3,-1,7,1,6,4
430120,Altafulla,264,223,41,32,27,5,46,42,4,50
170078,Amer,71,68,3,12,18,-6,8,11,-3,-6
430136,"Ametlla de Mar, l'",139,235,-96,37,49,-12,109,384,-275,-383
080057,"Ametlla del Vallès, l'",336,333,3,33,20,13,63,49,14,30
439060,"Ampolla, l'",129,132,-3,23,26,-3,68,115,-47,-53
430141,Amposta,525,510,15,185,179,6,204,113,91,112
170084,Anglès,172,206,-34,33,26,7,87,53,34,7
250273,Anglesola,48,59,-11,1,6,-5,19,10,9,-7
250292,Arbeca,53,47,6,20,12,8,28,0,28,42
430167,"Arboç, l'",198,227,-29,33,26,7,68,72,-4,-26
430154,Arbolí,3,7,-4,0,0,0,2,0,2,-2
170097,Arbúcies,142,154,-12,26,24,2,135,66,69,59
080060,Arenys de Mar,777,589,188,79,71,8,145,87,58,254
080076,Arenys de Munt,390,300,90,23,28,-5,39,51,-12,73
170101,Argelaguer,26,17,9,2,2,0,1,4,-3,6
080082,Argençola,11,12,-1,0,0,0,1,1,0,-1
430173,"Argentera, l'",4,5,-1,0,0,0,0,0,0,-1
080095,Argentona,450,366,84,28,54,-26,60,38,22,80
170118,"Armentera, l'",35,31,4,3,2,1,18,6,12,17
430189,Arnes,8,9,-1,1,9,-8,2,2,0,-9
250313,Arres,0,2,-2,0,0,0,0,3,-3,-5
250328,Arsèguel,2,7,-5,2,0,2,1,0,1,-2
080109,Artés,202,203,-1,22,33,-11,40,52,-12,-24
250334,Artesa de Lleida,27,27,0,4,0,4,18,2,16,20
250349,Artesa de Segre,96,94,2,12,9,3,35,26,9,14
430192,Ascó,48,48,0,6,2,4,4,6,-2,2
250365,Aspa,4,7,-3,0,0,0,0,0,0,-3
250371,"Avellanes i Santa Linya, les",15,21,-6,1,0,1,7,4,3,-2
080116,Avià,91,90,1,8,7,1,5,11,-6,-4
080121,Avinyó,72,39,33,9,5,4,16,8,8,45
170123,Avinyonet de Puigventós,64,79,-15,3,5,-2,9,3,6,-11
080137,Avinyonet del Penedès,99,99,0,3,6,-3,24,32,-8,-11
080155,Badalona,6166,6436,-270,1166,1256,-90,3316,2523,793,433
089045,Badia del Vallès,399,454,-55,63,81,-18,67,40,27,-46
080168,Bagà,63,59,4,3,3,0,5,4,1,5
250390,Baix Pallars,17,15,2,0,0,0,2,9,-7,-5
250404,Balaguer,502,417,85,121,132,-11,311,275,36,110
080174,Balenyà,147,181,-34,16,15,1,43,16,27,-6
080180,Balsareny,60,93,-33,4,5,-1,21,8,13,-21
430206,Banyeres del Penedès,192,183,9,19,14,5,25,12,13,27
170157,Banyoles,576,485,91,89,84,5,232,158,74,170
250411,Barbens,31,39,-8,4,4,0,48,26,22,14
430213,Barberà de la Conca,11,15,-4,4,1,3,1,6,-5,-6
082520,Barberà del Vallès,1075,1158,-83,160,151,9,165,103,62,-12
080193,Barcelona,27703,34756,-7053,14210,12203,2007,49496,23388,26108,21062
250426,"Baronia de Rialb, la",4,7,-3,0,0,0,0,2,-2,-5
170160,Bàscara,47,52,-5,9,4,5,5,4,1,1
250447,Bassella,7,12,-5,3,0,3,1,3,-2,-4
430228,Batea,17,32,-15,3,5,-2,28,2,26,9
250450,Bausen,6,0,6,0,2,-2,2,1,1,5
080207,Begues,310,244,66,18,29,-11,50,31,19,74
170139,Begur,140,129,11,20,18,2,54,52,2,15
250463,Belianes,8,19,-11,1,1,0,8,7,1,-10
251706,Bellaguarda,8,7,1,0,0,0,0,0,0,1
170182,Bellcaire d'Empordà,55,23,32,3,1,2,2,7,-5,29
250479,Bellcaire d'Urgell,27,39,-12,11,2,9,6,1,5,2
250485,Bell-lloc d'Urgell,64,76,-12,12,13,-1,13,23,-10,-23
250498,Bellmunt d'Urgell,3,3,0,0,0,0,1,0,1,1
430234,Bellmunt del Priorat,3,9,-6,1,1,0,2,0,2,-4
080214,Bellprat,2,3,-1,0,0,0,0,0,0,-1
250501,Bellpuig,156,191,-35,30,27,3,66,17,49,17
430249,Bellvei,118,119,-1,21,20,1,16,19,-3,-3
250518,Bellver de Cerdanya,98,89,9,9,9,0,8,14,-6,3
250523,Bellvís,60,49,11,5,3,2,43,36,7,20
250539,Benavent de Segrià,41,65,-24,12,8,4,5,16,-11,-31
430252,Benifallet,23,18,5,1,1,0,15,0,15,20
430265,Benissanet,14,41,-27,4,5,-1,17,23,-6,-34
080229,Berga,452,390,62,63,64,-1,148,164,-16,45
170195,Besalú,92,89,3,17,8,9,25,17,8,20
170209,Bescanó,180,146,34,13,11,2,22,12,10,46
170216,Beuda,10,24,-14,0,0,0,3,0,3,-11
080235,Bigues i Riells del Fai,454,418,36,35,26,9,41,25,16,61
250557,Biosca,8,8,0,1,1,0,3,2,1,1
170221,"Bisbal d'Empordà, la",387,326,61,44,35,9,146,168,-22,48
430271,"Bisbal de Falset, la",10,5,5,1,1,0,3,0,3,8
430287,"Bisbal del Penedès, la",206,231,-25,21,20,1,30,9,21,-3
172348,Biure,8,10,-2,2,2,0,3,0,3,1
430290,Blancafort,6,16,-10,2,4,-2,2,0,2,-10
170237,Blanes,1154,1284,-130,286,242,44,675,600,75,-11
170293,Boadella i les Escaules,23,17,6,0,3,-3,0,2,-2,1
170242,Bolvir,33,29,4,3,1,2,3,4,-1,5
430304,Bonastre,51,33,18,14,9,5,3,4,-1,22
250576,"Bòrdes, Es",18,16,2,5,7,-2,1,0,1,1
170255,Bordils,80,70,10,5,4,1,24,6,18,29
250582,"Borges Blanques, les",185,176,9,44,53,-9,60,49,11,11
430311,"Borges del Camp, les",89,64,25,8,11,-3,2,13,-11,11
170268,Borrassà,38,26,12,0,3,-3,2,2,0,9
080240,Borredà,29,27,2,1,1,0,0,0,0,2
250595,Bossòst,42,40,2,20,20,0,12,3,9,11
430326,Bot,14,10,4,5,3,2,2,3,-1,5
430332,Botarell,29,59,-30,10,8,2,6,20,-14,-42
250560,Bovera,6,6,0,1,0,1,1,1,0,1
430347,Bràfim,24,17,7,3,5,-2,2,10,-8,-3
170274,Breda,117,104,13,9,15,-6,35,17,18,25
080253,"Bruc, el",106,108,-2,10,12,-2,8,20,-12,-16
080266,"Brull, el",4,8,-4,0,0,0,3,1,2,-2
170280,Brunyola i Sant Martí Sapresa,22,25,-3,0,0,0,0,1,-1,-4
430350,Cabacés,4,17,-13,1,1,0,0,0,0,-13
250609,Cabanabona,6,2,4,2,0,2,0,0,0,6
170314,Cabanelles,17,15,2,3,0,3,6,0,6,11
170307,Cabanes,43,53,-10,3,6,-3,11,2,9,-4
080272,"Cabanyes, les",45,49,-4,1,3,-2,6,4,2,-4
250616,Cabó,3,2,1,0,0,0,1,0,1,2
430363,Cabra del Camp,72,64,8,5,7,-2,13,1,12,18
080288,Cabrera d'Anoia,104,93,11,5,6,-1,6,0,6,16
080291,Cabrera de Mar,202,192,10,13,12,1,49,15,34,45
080305,Cabrils,335,313,22,27,31,-4,71,59,12,30
170329,Cadaqués,61,68,-7,22,29,-7,62,15,47,33
080312,Calaf,125,93,32,26,7,19,56,38,18,69
430379,Calafell,1701,1318,383,221,210,11,498,229,269,663
080348,Calders,46,40,6,4,1,3,3,9,-6,3
080327,Caldes d'Estrac,248,160,88,20,22,-2,50,35,15,101
170335,Caldes de Malavella,406,290,116,24,25,-1,66,40,26,141
080333,Caldes de Montbui,629,522,107,51,73,-22,136,140,-4,81
080351,Calella,872,702,170,152,118,34,397,260,137,341
080370,Calldetenes,97,64,33,6,8,-2,14,9,5,36
080386,Callús,102,86,16,9,5,4,7,17,-10,10
080364,Calonge de Segarra,9,4,5,0,0,0,0,0,0,5
170340,Calonge i Sant Antoni,537,452,85,60,49,11,205,166,39,135
250621,Camarasa,22,28,-6,3,3,0,4,1,3,-3
439039,Camarles,67,99,-32,3,12,-9,24,12,12,-29
430385,Cambrils,1366,1274,92,355,333,22,543,1263,-720,-606
170353,Camós,21,11,10,0,0,0,3,0,3,13
170366,Campdevànol,57,89,-32,9,5,4,8,11,-3,-31
170372,Campelles,10,8,2,0,1,-1,1,2,-1,0
080399,Campins,51,28,23,1,1,0,3,3,0,23
170388,Campllong,26,22,4,0,0,0,2,0,2,6
170391,Camprodon,100,119,-19,22,14,8,40,14,26,15
250637,Canejan,0,5,-5,1,1,0,1,1,0,-5
170405,Canet d'Adri,38,32,6,2,3,-1,1,2,-1,4
080403,Canet de Mar,647,437,210,53,68,-15,102,77,25,220
439076,"Canonja, la",218,242,-24,38,24,14,14,27,-13,-23
080410,Canovelles,684,623,61,97,83,14,292,197,95,170
080425,Cànoves i Samalús,178,169,9,16,8,8,11,6,5,22
170412,Cantallops,18,5,13,0,0,0,3,3,0,13
080431,Canyelles,204,228,-24,37,31,6,28,27,1,-17
430398,Capafonts,10,15,-5,0,0,0,0,0,0,-5
430402,Capçanes,13,3,10,1,1,0,6,1,5,15
080446,Capellades,185,210,-25,28,13,15,22,14,8,-2
170427,Capmany,48,29,19,8,3,5,11,6,5,29
080459,Capolat,10,5,5,3,0,3,0,0,0,8
080462,Cardedeu,732,678,54,48,82,-34,92,52,40,60
080478,Cardona,67,96,-29,10,9,1,19,23,-4,-32
080484,Carme,50,44,6,2,5,-3,2,2,0,3
430419,Caseres,0,13,-13,0,2,-2,0,1,-1,-16
170448,Cassà de la Selva,373,309,64,62,35,27,133,14,119,210
080497,Casserres,76,49,27,2,2,0,5,1,4,31
080575,Castell de l'Areny,0,0,0,0,0,0,0,0,0,0
259046,Castell de Mur,3,7,-4,0,0,0,0,0,0,-4
250642,Castellar de la Ribera,2,3,-1,0,0,0,0,0,0,-1
080522,Castellar de n'Hug,4,3,1,0,3,-3,3,0,3,1
080500,Castellar del Riu,6,14,-8,0,0,0,0,0,0,-8
080517,Castellar del Vallès,790,703,87,99,79,20,103,80,23,130
080538,Castellbell i el Vilar,194,160,34,27,15,12,28,10,18,64
080543,Castellbisbal,384,374,10,65,67,-2,53,47,6,14
080556,Castellcir,33,36,-3,5,1,4,5,1,4,5
250674,Castelldans,18,29,-11,6,2,4,14,18,-4,-11
080569,Castelldefels,2383,2169,214,604,586,18,1587,854,733,965
080581,Castellet i la Gornal,157,119,38,11,3,8,17,13,4,50
170464,Castellfollit de la Roca,23,24,-1,1,1,0,9,7,2,1
080608,Castellfollit de Riubregós,6,7,-1,0,1,-1,0,1,-1,-3
080594,Castellfollit del Boix,8,13,-5,1,2,-1,1,0,1,-5
080615,Castellgalí,156,130,26,9,10,-1,3,4,-1,24
080620,Castellnou de Bages,53,49,4,3,5,-2,5,1,4,6
250680,Castellnou de Seana,12,56,-44,4,2,2,8,6,2,-40
170470,Castelló d'Empúries,388,418,-30,88,86,2,448,398,50,22
250693,Castelló de Farfanya,19,25,-6,2,6,-4,1,5,-4,-14
080636,Castellolí,34,14,20,0,1,-1,2,0,2,21
170486,Castell-Platja d'Aro,514,514,0,72,88,-16,297,259,38,22
250707,Castellserà,28,34,-6,2,2,0,5,11,-6,-12
080641,Castellterçol,142,98,44,5,6,-1,20,10,10,53
430424,Castellvell del Camp,132,98,34,3,5,-2,6,11,-5,27
080654,Castellví de la Marca,45,39,6,15,0,15,6,4,2,23
080667,Castellví de Rosanes,121,87,34,4,6,-2,14,7,7,39
430430,"Catllar, el",218,190,28,9,8,1,18,11,7,36
250714,Cava,2,7,-5,0,0,0,0,0,0,-5
171899,"Cellera de Ter, la",59,83,-24,3,5,-2,13,21,-8,-34
170499,Celrà,168,186,-18,30,21,9,91,44,47,38
080673,Centelles,278,249,29,27,25,2,34,33,1,32
082687,Cercs,43,54,-11,6,2,4,2,3,-1,-8
082665,Cerdanyola del Vallès,1589,1794,-205,289,268,21,972,631,341,157
080689,Cervelló,461,456,5,46,44,2,67,23,44,51
250729,Cervera,239,241,-2,54,49,5,118,67,51,54
250735,Cervià de les Garrigues,11,22,-11,0,7,-7,6,0,6,-12
170502,Cervià de Ter,38,32,6,2,0,2,11,6,5,13
170519,Cistella,30,22,8,0,1,-1,4,0,4,11
250740,Ciutadilla,8,7,1,0,0,0,0,0,0,1
250753,Clariana de Cardener,9,6,3,0,0,0,0,0,0,3
250766,"Cogul, el",5,13,-8,0,1,-1,1,2,-1,-10
170545,Colera,18,35,-17,0,2,-2,4,22,-18,-37
250772,Coll de Nargó,15,26,-11,2,5,-3,4,3,1,-13
080692,Collbató,186,178,8,8,11,-3,17,7,10,15
430458,Colldejou,6,3,3,1,0,1,0,0,0,4
080706,Collsuspina,6,16,-10,0,3,-3,1,0,1,-12
170558,Colomers,11,19,-8,0,2,-2,1,2,-1,-11
251636,"Coma i la Pedra, la",16,19,-3,0,0,0,4,1,3,0
251615,Conca de Dalt,11,12,-1,5,0,5,2,1,1,5
430461,Conesa,2,5,-3,0,0,0,1,0,1,-2
430477,Constantí,322,274,48,41,61,-20,62,33,29,57
080713,Copons,16,7,9,6,1,5,0,1,-1,13
430483,Corbera d'Ebre,24,29,-5,9,3,6,13,2,11,12
080728,Corbera de Llobregat,667,483,184,37,51,-14,129,40,89,259
250788,Corbins,38,40,-2,10,6,4,16,7,9,11
170577,Corçà,70,75,-5,10,2,8,3,7,-4,-1
080734,Cornellà de Llobregat,3051,2858,193,493,457,36,1450,930,520,749
170561,Cornellà del Terri,105,101,4,5,12,-7,21,9,12,9
430496,Cornudella de Montsant,36,40,-4,10,5,5,13,7,6,7
430509,Creixell,271,263,8,34,31,3,28,35,-7,4
170583,Crespià,4,10,-6,2,1,1,4,8,-4,-9
179011,"Cruïlles, Monells i Sant Sadurní de l'Heura",54,62,-8,10,6,4,16,6,10,6
080749,Cubelles,846,785,61,143,104,39,136,322,-186,-86
250791,Cubells,16,14,2,1,1,0,3,5,-2,0
430516,Cunit,907,729,178,114,84,30,187,64,123,331
170600,Darnius,29,22,7,10,6,4,4,3,1,12
170617,Das,8,6,2,1,1,0,3,1,2,4
439018,Deltebre,245,258,-13,59,58,1,61,28,33,21
080752,Dosrius,270,249,21,32,30,2,21,12,9,32
430537,Duesaigües,18,22,-4,0,1,-1,5,0,5,0
170622,"Escala, l'",260,335,-75,50,70,-20,167,102,65,-30
080765,Esparreguera,778,691,87,137,137,0,166,125,41,128
170638,Espinelves,27,26,1,0,1,-1,0,0,0,0
250812,"Espluga Calba, l'",8,26,-18,0,0,0,4,2,2,-16
430542,"Espluga de Francolí, l'",91,93,-2,25,11,14,20,39,-19,-7
080771,Esplugues de Llobregat,1978,1935,43,259,237,22,752,437,315,380
170643,Espolla,20,12,8,0,0,0,0,0,0,8
170656,Esponellà,10,29,-19,0,3,-3,1,1,0,-22
250827,Espot,8,1,7,2,0,2,1,0,1,10
080787,"Espunyola, l'",10,9,1,0,2,-2,0,0,0,-1
082541,"Esquirol, l'",64,63,1,5,2,3,7,10,-3,1
250886,Estamariu,7,0,7,0,0,0,0,1,-1,6
080790,"Estany, l'",13,10,3,0,0,0,2,1,1,4
250851,Estaràs,4,9,-5,1,1,0,0,0,0,-5
250864,Esterri d'Àneu,27,36,-9,4,8,-4,10,12,-2,-15
250870,Esterri de Cardós,0,2,-2,0,0,0,1,0,1,-1
430555,Falset,49,65,-16,14,13,1,32,8,24,9
170059,"Far d'Empordà, el",40,25,15,0,2,-2,3,0,3,16
250899,Farrera,3,2,1,0,0,0,0,6,-6,-5
430568,"Fatarella, la",9,18,-9,3,3,0,3,0,3,-6
430574,"Febró, la",2,1,1,0,0,0,1,0,1,2
081347,Figaró-Montmany,73,80,-7,3,5,-2,10,12,-2,-11
080804,Fígols,3,1,2,0,0,0,0,0,0,2
259084,Fígols i Alinyà,12,11,1,0,0,0,0,0,0,1
430580,"Figuera, la",3,4,-1,0,0,0,1,0,1,0
170669,Figueres,1497,1593,-96,451,389,62,947,566,381,347
430593,Figuerola del Camp,5,18,-13,3,0,3,0,1,-1,-11
170675,Flaçà,53,31,22,0,1,-1,16,5,11,32
430607,Flix,40,107,-67,16,19,-3,36,19,17,-53
250925,"Floresta, la",5,2,3,0,0,0,0,0,0,3
080826,Fogars de la Selva,112,105,7,7,7,0,5,5,0,7
080811,Fogars de Montclús,26,33,-7,3,0,3,0,0,0,-4
170681,Foixà,12,10,2,0,1,-1,1,0,1,2
080832,Folgueroles,59,64,-5,2,3,-1,2,1,1,-5
250931,Fondarella,35,43,-8,1,0,1,3,4,-1,-8
080847,Fonollosa,63,62,1,3,2,1,0,2,-2,0
170694,Fontanals de Cerdanya,33,22,11,1,4,-3,2,4,-2,6
170708,Fontanilles,3,6,-3,0,0,0,0,1,-1,-4
170715,Fontcoberta,47,51,-4,5,2,3,7,2,5,4
080850,Font-rubí,45,45,0,5,3,2,6,0,6,8
250946,Foradada,7,6,1,1,2,-1,0,2,-2,-2
179026,Forallac,78,114,-36,7,5,2,13,8,5,-29
430614,Forès,3,5,-2,0,0,0,0,0,0,-2
170736,Fornells de la Selva,124,72,52,7,8,-1,10,10,0,51
170741,Fortià,53,42,11,1,2,-1,3,0,3,13
080863,"Franqueses del Vallès, les",888,812,76,106,89,17,204,181,23,116
430629,Freginals,15,10,5,5,5,0,10,0,10,15
250962,"Fuliola, la",25,49,-24,7,3,4,8,9,-1,-21
250978,Fulleda,2,5,-3,1,0,1,0,0,0,-2
080902,Gaià,8,7,1,0,0,0,0,0,0,1
430635,"Galera, la",15,24,-9,1,5,-4,7,3,4,-9
080879,Gallifa,6,11,-5,1,0,1,0,0,0,-4
430640,Gandesa,52,51,1,28,24,4,37,25,12,17
430653,Garcia,16,28,-12,1,14,-13,6,19,-13,-38
430666,"Garidells, els",10,7,3,0,1,-1,0,0,0,2
080885,"Garriga, la",534,454,80,65,60,5,116,112,4,89
170754,Garrigàs,26,18,8,0,1,-1,6,3,3,10
170767,Garrigoles,16,6,10,0,0,0,0,0,0,10
170773,Garriguella,48,63,-15,1,2,-1,18,2,16,0
080898,Gavà,1615,1582,33,301,285,16,654,419,235,284
250984,Gavet de la Conca,13,24,-11,1,3,-2,1,0,1,-12
080919,Gelida,314,275,39,33,28,5,43,24,19,63
170789,Ger,26,35,-9,0,1,-1,0,0,0,-10
259123,Gimenells i el Pla de la Font,20,18,2,1,4,-3,4,5,-1,-2
430672,Ginestar,22,24,-2,4,4,0,19,12,7,5
170792,Girona,3431,3497,-66,716,641,75,1928,1382,546,555
080924,Gironella,128,135,-7,9,11,-2,39,13,26,17
080930,Gisclareny,1,2,-1,0,0,0,0,0,0,-1
430688,Godall,14,19,-5,1,4,-3,2,4,-2,-10
250997,Golmés,66,60,6,12,4,8,18,11,7,21
170806,Gombrèn,10,5,5,0,0,0,1,0,1,6
251001,Gósol,9,13,-4,3,1,2,0,0,0,-2
080945,"Granada, la",114,85,29,7,5,2,16,19,-3,28
251018,"Granadella, la",26,28,-2,15,8,7,14,2,12,17
080958,Granera,2,3,-1,0,0,0,0,0,0,-1
251023,"Granja d'Escarp, la",13,14,-1,10,10,0,50,36,14,13
080961,Granollers,2307,2304,3,409,334,75,962,611,351,429
251039,Granyanella,1,2,-1,0,1,-1,1,0,1,-1
251057,Granyena de les Garrigues,5,6,-1,0,0,0,1,0,1,0
251044,Granyena de Segarra,1,3,-2,0,1,-1,0,0,0,-3
430691,Gratallops,9,6,3,0,0,0,0,1,-1,2
080977,Gualba,72,72,0,8,7,1,9,3,6,7
170813,Gualta,26,22,4,6,0,6,39,35,4,14
080996,Guardiola de Berguedà,35,28,7,1,3,-2,10,11,-1,4
430705,"Guiamets, els",6,1,5,1,0,1,1,0,1,7
170828,Guils de Cerdanya,41,46,-5,3,4,-1,6,1,5,-1
251095,Guimerà,16,12,4,0,0,0,1,1,0,4
259031,"Guingueta d'Àneu, la",22,13,9,2,0,2,2,6,-4,7
251109,Guissona,156,227,-71,75,30,45,229,127,102,76
251116,Guixers,4,10,-6,0,0,0,2,0,2,-4
081000,Gurb,121,74,47,6,9,-3,7,5,2,46
430712,Horta de Sant Joan,15,31,-16,10,9,1,13,2,11,-4
081017,"Hospitalet de Llobregat, l'",10544,10265,279,2060,1765,295,6918,4170,2748,3322
081629,"Hostalets de Pierola, els",172,187,-15,14,16,-2,23,3,20,3
170834,Hostalric,207,200,7,23,22,1,71,15,56,64
081022,Igualada,1466,1212,254,259,211,48,458,235,223,525
251155,Isona i Conca Dellà,32,38,-6,3,2,1,5,13,-8,-13
170849,Isòvol,12,18,-6,1,0,1,0,0,0,-5
251137,Ivars d'Urgell,36,40,-4,5,8,-3,25,17,8,1
251121,Ivars de Noguera,5,16,-11,0,1,-1,1,1,0,-12
251142,Ivorra,4,9,-5,0,0,0,1,0,1,-4
170852,Jafre,20,13,7,1,2,-1,3,3,0,6
170865,"Jonquera, la",96,158,-62,45,41,4,122,124,-2,-60
081038,Jorba,52,66,-14,1,1,0,4,0,4,-10
259101,Josa i Tuixén,5,10,-5,1,0,1,1,0,1,-3
170871,Juià,28,43,-15,1,1,0,22,0,22,7
251180,Juncosa,6,19,-13,3,0,3,0,4,-4,-14
251193,Juneda,89,95,-6,16,13,3,67,14,53,50
251214,Les,36,24,12,7,17,-10,7,30,-23,-21
251229,Linyola,73,82,-9,10,12,-2,14,21,-7,-18
081043,"Llacuna, la",25,25,0,3,4,-1,8,3,5,4
170887,Lladó,49,38,11,7,1,6,6,0,6,23
251235,Lladorre,1,9,-8,1,0,1,1,0,1,-6
251240,Lladurs,5,8,-3,0,0,0,0,0,0,-3
081056,"Llagosta, la",472,504,-32,75,83,-8,208,91,117,77
170890,Llagostera,334,319,15,36,29,7,73,168,-95,-73
170904,Llambilles,16,27,-11,0,0,0,1,0,1,-10
170911,Llanars,16,22,-6,1,1,0,5,0,5,-1
170926,Llançà,138,160,-22,33,37,-4,78,76,2,-24
251253,Llardecans,6,7,-1,1,2,-1,2,0,2,0
251266,Llavorsí,22,13,9,5,0,5,0,3,-3,11
251207,Lleida,2561,2585,-24,1427,1464,-37,1982,2336,-354,-415
170932,Llers,46,47,-1,7,7,0,10,3,7,6
251272,Lles de Cerdanya,12,10,2,0,0,0,3,1,2,4
081075,Lliçà d'Amunt,775,662,113,49,54,-5,57,21,36,144
081081,Lliçà de Vall,269,271,-2,21,12,9,16,25,-9,-2
251288,Llimiana,2,9,-7,0,0,0,1,0,1,-6
081069,Llinars del Vallès,492,444,48,50,54,-4,83,48,35,79
170947,Llívia,59,77,-18,13,9,4,8,41,-33,-47
430727,"Lloar, el",3,1,2,0,3,-3,1,1,0,-1
251291,Llobera,3,5,-2,0,0,0,0,0,0,-2
430733,Llorac,3,3,0,0,0,0,2,5,-3,-3
430748,Llorenç del Penedès,78,99,-21,11,10,1,10,3,7,-13
170950,Lloret de Mar,998,1003,-5,317,339,-22,1337,1602,-265,-292
170963,"Llosses, les",8,12,-4,1,1,0,1,0,1,-3
081094,Lluçà,5,8,-3,0,2,-2,0,0,0,-5
171024,Maçanet de Cabrenys,20,52,-32,10,6,4,6,1,5,-23
171030,Maçanet de la Selva,348,346,2,50,44,6,61,28,33,41
170979,Madremanya,15,14,1,1,0,1,1,3,-2,0
170985,Maià de Montcal,20,33,-13,2,1,1,2,12,-10,-22
251333,Maials,9,23,-14,6,7,-1,15,2,13,-2
251305,Maldà,8,7,1,1,1,0,1,0,1,2
081108,Malgrat de Mar,751,666,85,103,111,-8,216,149,67,144
081115,Malla,6,10,-4,0,1,-1,3,0,3,-2
081120,Manlleu,444,529,-85,116,112,4,276,251,25,-56
081136,Manresa,2177,2027,150,457,374,83,951,902,49,282
430764,Marçà,34,22,12,9,0,9,2,0,2,23
430751,Margalef,4,5,-1,0,1,-1,5,1,4,2
082423,Marganell,5,23,-18,1,0,1,2,0,2,-15
081141,Martorell,765,825,-60,170,159,11,324,321,3,-46
081154,Martorelles,220,200,20,11,22,-11,28,14,14,23
430770,Mas de Barberans,4,18,-14,7,1,6,3,12,-9,-17
171002,Masarac,13,18,-5,0,1,-1,5,0,5,-1
430786,Masdenverge,46,57,-11,3,16,-13,6,10,-4,-28
081167,"Masies de Roda, les",19,18,1,5,5,0,0,2,-2,-1
081173,"Masies de Voltregà, les",93,110,-17,4,7,-3,5,8,-3,-23
430799,Masllorenç,30,24,6,1,1,0,3,5,-2,4
081189,"Masnou, el",930,824,106,134,103,31,242,80,162,299
430803,"Masó, la",4,9,-5,1,2,-1,2,0,2,-4
430810,Maspujols,39,29,10,4,0,4,1,1,0,14
081192,Masquefa,391,318,73,41,41,0,43,30,13,86
430825,"Masroig, el",19,14,5,2,3,-1,9,0,9,13
251312,Massalcoreig,5,4,1,8,13,-5,38,21,17,13
171019,Massanes,31,53,-22,1,8,-7,9,7,2,-27
251327,Massoteres,14,13,1,3,0,3,3,0,3,7
081206,Matadepera,481,316,165,26,35,-9,59,21,38,194
081213,Mataró,2897,2767,130,744,741,3,1630,1440,190,323
171045,Medinyà,..,..,..,..,..,..,..,..,..,..
081228,Mediona,141,140,1,10,11,-1,7,12,-5,-5
251348,Menàrguens,13,33,-20,5,7,-2,5,4,1,-21
170998,Meranges,3,2,1,0,0,0,0,0,0,1
171058,Mieres,15,15,0,4,0,4,0,5,-5,-1
430831,"Milà, el",9,4,5,0,0,0,0,0,0,5
251351,Miralcamp,35,47,-12,7,0,7,13,10,3,-2
430846,Miravet,24,23,1,0,2,-2,12,8,4,3
081385,Moià,251,178,73,45,30,15,72,39,33,121
430859,"Molar, el",8,2,6,2,2,0,0,0,0,6
081234,Molins de Rei,723,689,34,76,100,-24,181,53,128,138
251370,Mollerussa,446,466,-20,134,100,34,235,86,149,163
171061,Mollet de Peralada,16,6,10,0,0,0,0,0,0,10
081249,Mollet del Vallès,1495,1634,-139,300,288,12,672,612,60,-67
171077,Molló,12,9,3,0,1,-1,3,0,3,5
251364,"Molsosa, la",2,1,1,0,0,0,0,0,0,1
081287,Monistrol de Calders,26,45,-19,5,2,3,0,0,0,-16
081271,Monistrol de Montserrat,181,136,45,23,21,2,32,21,11,58
171096,Montagut i Oix,35,38,-3,0,0,0,9,2,7,4
430862,Montblanc,182,164,18,27,37,-10,43,8,35,43
430884,Montbrió del Camp,168,144,24,13,14,-1,11,28,-17,6
081252,Montcada i Reixac,1271,1226,45,169,166,3,437,228,209,257
081304,Montclar,5,3,2,0,0,0,0,0,0,2
251399,Montellà i Martinet,24,23,1,4,0,4,6,3,3,8
081311,Montesquiu,62,33,29,3,5,-2,5,13,-8,19
251403,Montferrer i Castellbò,75,40,35,5,6,-1,13,17,-4,30
430897,Montferri,23,35,-12,2,1,1,1,0,1,-10
251386,Montgai,8,19,-11,2,0,2,2,0,2,-7
081265,Montgat,520,522,-2,51,52,-1,81,34,47,44
081326,Montmajor,14,34,-20,7,5,2,4,0,4,-14
081332,Montmaneu,14,9,5,0,0,0,0,1,-1,4
430901,"Montmell, el",98,71,27,9,10,-1,9,8,1,27
081350,Montmeló,241,289,-48,42,58,-16,79,39,40,-24
251425,Montoliu de Lleida,8,25,-17,2,2,0,0,1,-1,-18
251410,Montoliu de Segarra,6,8,-2,0,5,-5,0,0,0,-7
251431,Montornès de Segarra,4,6,-2,0,0,0,0,0,0,-2
081363,Montornès del Vallès,478,445,33,78,91,-13,156,175,-19,1
430918,Mont-ral,8,15,-7,0,0,0,1,0,1,-6
171100,Mont-ras,105,75,30,1,1,0,14,15,-1,29
430923,Mont-roig del Camp,515,512,3,113,120,-7,273,119,154,150
081379,Montseny,25,10,15,1,1,0,1,1,0,15
430939,Móra d'Ebre,202,198,4,44,38,6,97,58,39,49
430944,Móra la Nova,83,112,-29,26,22,4,29,31,-2,-27
430957,"Morell, el",212,165,47,33,34,-1,38,24,14,60
430960,"Morera de Montsant, la",5,8,-3,0,0,0,15,0,15,12
081290,Muntanyola,23,23,0,1,0,1,7,0,7,8
081398,Mura,10,4,6,0,1,-1,5,0,5,10
251459,Nalec,0,2,-2,0,0,0,2,0,2,0
250254,Naut Aran,51,46,5,27,31,-4,17,5,12,13
081402,Navarcles,161,190,-29,13,15,-2,24,36,-12,-43
081419,Navàs,138,145,-7,5,19,-14,36,14,22,1
171117,Navata,76,65,11,2,12,-10,12,13,-1,0
251462,Navès,15,13,2,0,0,0,0,0,0,2
081424,"Nou de Berguedà, la",13,5,8,0,0,0,0,0,0,8
430976,"Nou de Gaià, la",38,25,13,2,1,1,5,4,1,15
430982,Nulles,36,27,9,2,2,0,0,0,0,9
251484,Odèn,6,6,0,0,0,0,1,0,1,1
081430,Òdena,156,160,-4,13,32,-19,22,16,6,-17
171122,Ogassa,2,0,2,5,0,5,0,0,0,7
081458,Olèrdola,156,152,4,13,4,9,40,18,22,35
081461,Olesa de Bonesvalls,85,72,13,7,11,-4,10,0,10,19
081477,Olesa de Montserrat,702,735,-33,111,131,-20,143,159,-16,-69
251497,Oliana,46,62,-16,12,12,0,34,16,18,2
251500,Oliola,1,9,-8,3,0,3,0,0,0,-5
251517,Olius,31,34,-3,3,1,2,1,1,0,-1
081483,Olivella,296,248,48,15,28,-13,63,41,22,57
081496,Olost,30,32,-2,3,2,1,20,1,19,18
171143,Olot,818,801,17,222,153,69,496,249,247,333
251522,"Oluges, les",8,6,2,0,0,0,2,0,2,4
081445,Olvan,33,30,3,3,2,1,2,1,1,5
251538,"Omellons, els",0,4,-4,0,1,-1,0,0,0,-5
251543,"Omells de na Gaia, els",3,4,-1,0,0,0,0,0,0,-1
171156,Ordis,9,10,-1,0,7,-7,0,1,-1,-9
251556,Organyà,26,19,7,6,4,2,5,32,-27,-18
081509,Orís,18,20,-2,1,1,0,2,1,1,-1
081516,Oristà,18,19,-1,0,2,-2,6,0,6,3
081521,Orpí,5,13,-8,0,1,-1,1,1,0,-9
081537,Òrrius,21,24,-3,0,2,-2,1,0,1,-4
251569,Os de Balaguer,39,39,0,5,2,3,3,2,1,4
171169,Osor,8,17,-9,3,1,2,3,1,2,-5
251575,Ossó de Sió,5,6,-1,0,0,0,1,0,1,0
081542,Pacs del Penedès,52,49,3,2,4,-2,9,4,5,6
081555,Palafolls,477,463,14,37,39,-2,39,20,19,31
171175,Palafrugell,584,584,0,118,133,-15,360,481,-121,-136
171181,Palamós,611,624,-13,111,113,-2,220,151,69,54
251581,"Palau d'Anglesola, el",76,57,19,6,5,1,19,4,15,35
171194,Palau de Santa Eulàlia,5,0,5,0,0,0,0,0,0,5
171215,Palau-sator,10,22,-12,0,0,0,4,2,2,-10
171208,Palau-saverdera,63,56,7,7,9,-2,23,37,-14,-9
081568,Palau-solità i Plegamans,592,475,117,47,57,-10,94,54,40,147
431009,"Pallaresos, els",223,161,62,6,20,-14,10,9,1,49
081574,Pallejà,421,382,39,51,35,16,62,47,15,70
430995,"Palma d'Ebre, la",8,11,-3,1,0,1,1,3,-2,-4
089058,"Palma de Cervelló, la",143,144,-1,11,16,-5,23,18,5,-1
171236,Palol de Revardit,19,18,1,0,0,0,3,0,3,4
171241,Pals,101,116,-15,11,11,0,44,36,8,-7
081580,"Papiol, el",185,173,12,20,16,4,24,27,-3,13
171254,Pardines,8,6,2,0,0,0,2,0,2,4
081593,Parets del Vallès,691,623,68,74,86,-12,99,36,63,119
171267,Parlavà,14,14,0,0,0,0,3,0,3,3
431016,Passanant i Belltall,1,10,-9,0,0,0,1,0,1,-8
171289,Pau,17,15,2,0,1,-1,13,8,5,6
431021,Paüls,4,13,-9,1,0,1,4,0,4,-4
171292,Pedret i Marzà,10,5,5,0,0,0,1,0,1,6
251641,Penelles,18,32,-14,0,1,-1,8,0,8,-7
171306,"Pera, la",28,9,19,0,1,-1,1,0,1,19
081607,Perafita,15,10,5,0,0,0,0,2,-2,3
431037,Perafort,46,69,-23,6,8,-2,4,4,0,-25
171328,Peralada,96,81,15,16,9,7,18,9,9,31
251654,Peramola,13,13,0,0,4,-4,2,0,2,-2
431042,"Perelló, el",61,51,10,10,20,-10,65,19,46,46
081614,Piera,744,588,156,67,66,1,93,65,28,185
431055,"Piles, les",10,4,6,1,0,1,0,1,-1,6
081635,Pineda de Mar,1124,1016,108,187,153,34,401,336,65,207
431068,"Pinell de Brai, el",12,11,1,2,2,0,16,13,3,4
251667,Pinell de Solsonès,3,5,-2,0,0,0,1,0,1,-1
251673,Pinós,19,3,16,1,1,0,3,0,3,19
431074,Pira,8,11,-3,4,1,3,1,0,1,1
431080,"Pla de Santa Maria, el",95,127,-32,12,6,6,10,17,-7,-33
081640,"Pla del Penedès, el",41,57,-16,9,11,-2,6,0,6,-12
171334,"Planes d'Hostoles, les",51,75,-24,4,3,1,7,3,4,-19
171349,Planoles,12,5,7,1,0,1,1,4,-3,5
259118,"Plans de Sió, els",18,20,-2,0,0,0,1,1,0,-2
251689,"Poal, el",13,27,-14,0,1,-1,4,4,0,-15
251692,"Pobla de Cérvoles, la",4,15,-11,0,1,-1,0,0,0,-12
081653,"Pobla de Claramunt, la",96,69,27,4,8,-4,16,4,12,35
081666,"Pobla de Lillet, la",16,21,-5,5,9,-4,5,0,5,-4
431093,"Pobla de Mafumet, la",227,203,24,55,26,29,18,10,8,61
431107,"Pobla de Massaluca, la",9,11,-2,0,1,-1,10,4,6,3
431114,"Pobla de Montornès, la",191,189,2,16,27,-11,12,3,9,0
251713,"Pobla de Segur, la",91,83,8,27,34,-7,54,44,10,11
431129,Poboleda,7,11,-4,0,2,-2,3,5,-2,-8
081672,Polinyà,296,276,20,41,29,12,33,24,9,41
431135,"Pont d'Armentera, el",16,25,-9,2,1,1,2,2,0,-8
250306,"Pont de Bar, el",10,11,-1,1,1,0,8,0,8,7
171352,Pont de Molins,31,21,10,2,1,1,4,3,1,12
251734,"Pont de Suert, el",49,75,-26,26,26,0,25,9,16,-10
081825,"Pont de Vilomara i Rocafort, el",185,117,68,19,15,4,12,4,8,80
431418,Pontils,4,7,-3,0,0,0,0,1,-1,-4
081688,Pontons,41,47,-6,3,6,-3,12,1,11,2
171365,Pontós,17,11,6,0,2,-2,5,1,4,8
251728,Ponts,79,75,4,29,22,7,46,41,5,16
171371,Porqueres,188,133,55,6,8,-2,20,13,7,60
431140,Porrera,10,14,-4,0,0,0,2,5,-3,-7
171404,"Port de la Selva, el",41,42,-1,4,3,1,12,5,7,7
171387,Portbou,16,31,-15,9,17,-8,10,22,-12,-35
251749,"Portella, la",24,38,-14,13,6,7,17,30,-13,-20
431153,Pradell de la Teixeta,4,12,-8,1,0,1,1,3,-2,-9
431166,Prades,36,16,20,3,4,-1,2,15,-13,6
431172,Prat de Comte,6,4,2,1,0,1,3,2,1,4
081691,"Prat de Llobregat, el",1390,1399,-9,462,349,113,695,449,246,350
431188,Pratdip,26,32,-6,7,6,1,18,4,14,9
081712,Prats de Lluçanès,51,61,-10,6,6,0,17,12,5,-5
081705,"Prats de Rei, els",21,18,3,3,1,2,1,0,1,6
251752,Prats i Sansor,15,12,3,0,4,-4,0,1,-1,-2
251765,Preixana,13,13,0,1,1,0,0,0,0,0
251771,Preixens,22,19,3,0,0,0,3,0,3,6
082303,Premià de Dalt,443,474,-31,48,56,-8,85,206,-121,-160
081727,Premià de Mar,1075,864,211,102,169,-67,350,232,118,262
171390,"Preses, les",59,79,-20,1,3,-2,2,1,1,-21
251790,Prullans,20,6,14,4,2,2,2,0,2,18
171411,Puigcerdà,354,312,42,83,92,-9,131,46,85,118
081748,Puigdàlber,17,26,-9,2,1,1,0,0,0,-8
251804,Puiggròs,5,10,-5,1,0,1,0,0,0,-4
431191,Puigpelat,63,45,18,6,7,-1,5,3,2,19
081751,Puig-reig,131,128,3,23,9,14,13,17,-4,13
251811,Puigverd d'Agramunt,7,16,-9,0,0,0,1,1,0,-9
251826,Puigverd de Lleida,22,42,-20,5,10,-5,15,6,9,-16
081764,Pujalt,5,2,3,0,0,0,0,0,0,3
081770,"Quar, la",10,3,7,0,0,0,0,0,0,7
171426,Quart,175,131,44,7,7,0,17,8,9,53
170433,Queralbs,12,3,9,0,1,-1,0,0,0,8
431205,Querol,33,37,-4,1,0,1,3,0,3,0
171432,Rabós,8,5,3,0,1,-1,2,1,1,3
081786,Rajadell,29,23,6,2,2,0,0,4,-4,2
431212,Rasquera,12,19,-7,2,0,2,9,4,5,0
171447,Regencós,14,11,3,1,1,0,0,3,-3,0
081799,Rellinars,46,37,9,5,6,-1,1,2,-1,7
431227,Renau,10,2,8,0,2,-2,0,0,0,6
431233,Reus,2428,2288,140,668,657,11,965,1105,-140,11
251832,Rialp,35,22,13,1,4,-3,5,13,-8,2
431248,"Riba, la",23,30,-7,3,0,3,4,4,0,-4
431251,Riba-roja d'Ebre,19,25,-6,4,4,0,14,2,12,6
259059,Ribera d'Ondara,20,33,-13,1,0,1,4,1,3,-9
251850,Ribera d'Urgellet,42,47,-5,16,11,5,13,24,-11,-11
171450,Ribes de Freser,75,69,6,3,5,-2,13,1,12,16
171463,Riells i Viabrea,229,230,-1,19,23,-4,16,17,-1,-6
431264,"Riera de Gaià, la",67,66,1,2,4,-2,11,6,5,4
251863,Riner,23,25,-2,0,0,0,2,0,2,0
171479,Ripoll,235,246,-11,54,48,6,109,26,83,78
081803,Ripollet,1179,1220,-41,215,202,13,523,367,156,128
259139,Riu de Cerdanya,2,7,-5,2,0,2,0,0,0,-3
171485,Riudarenes,117,125,-8,20,8,12,23,9,14,18
171498,Riudaura,30,21,9,0,0,0,3,0,3,12
431270,Riudecanyes,37,55,-18,6,8,-2,19,7,12,-8
431286,Riudecols,53,52,1,11,4,7,3,10,-7,1
171501,Riudellots de la Selva,71,76,-5,7,5,2,36,17,19,16
431299,Riudoms,234,237,-3,20,28,-8,49,10,39,28
171518,Riumors,25,16,9,1,0,1,1,0,1,11
081810,"Roca del Vallès, la",367,443,-76,42,54,-12,40,31,9,-79
431303,Rocafort de Queralt,11,14,-3,0,0,0,0,0,0,-3
431310,Roda de Berà,339,361,-22,50,45,5,61,33,28,11
081831,Roda de Ter,213,207,6,31,26,5,46,41,5,16
431325,Rodonyà,30,21,9,1,0,1,0,2,-2,8
431331,Roquetes,275,328,-53,45,63,-18,64,69,-5,-76
171523,Roses,457,523,-66,174,190,-16,441,531,-90,-172
251898,Rosselló,149,145,4,69,44,25,30,7,23,52
431346,"Rourell, el",10,31,-21,0,5,-5,4,1,3,-23
081846,Rubí,1922,2072,-150,424,431,-7,748,287,461,304
081859,Rubió,14,17,-3,0,0,0,0,0,0,-3
171539,Rupià,20,12,8,3,0,3,3,0,3,14
089019,Rupit i Pruit,13,9,4,0,0,0,3,0,3,7
081878,Sabadell,5363,4781,582,1275,973,302,2476,1625,851,1735
081884,Sagàs,9,6,3,0,0,0,1,0,1,4
251902,Salàs de Pallars,12,10,2,3,4,-1,3,0,3,4
081901,Saldes,19,18,1,0,0,0,0,0,0,1
171544,Sales de Llierca,9,3,6,0,0,0,1,0,1,7
081918,Sallent,167,148,19,25,22,3,27,8,19,41
431359,Salomó,27,25,2,0,1,-1,5,0,5,6
439057,Salou,1210,1197,13,400,375,25,765,886,-121,-83
171557,Salt,1373,1216,157,214,222,-8,814,397,417,566
251919,Sanaüja,3,19,-16,0,3,-3,0,0,0,-19
081944,Sant Adrià de Besòs,1674,1828,-154,264,301,-37,670,421,249,58
081957,Sant Agustí de Lluçanès,1,7,-6,0,0,0,0,0,0,-6
081960,Sant Andreu de la Barca,915,937,-22,178,161,17,215,240,-25,-30
081976,Sant Andreu de Llavaneres,579,521,58,58,54,4,131,87,44,106
171576,Sant Andreu Salou,1,5,-4,0,0,0,0,0,0,-4
171833,Sant Aniol de Finestres,11,24,-13,5,1,4,8,5,3,-6
081982,Sant Antoni de Vilamajor,415,288,127,16,18,-2,45,21,24,149
081995,Sant Bartomeu del Grau,33,34,-1,4,7,-3,11,3,8,4
082009,Sant Boi de Llobregat,2052,2168,-116,431,451,-20,750,534,216,80
082016,Sant Boi de Lluçanès,18,19,-1,1,0,1,5,2,3,3
431362,Sant Carles de la Ràpita,459,339,120,140,155,-15,207,61,146,251
082037,Sant Cebrià de Vallalta,166,168,-2,8,11,-3,20,27,-7,-12
082021,Sant Celoni,685,698,-13,89,75,14,233,165,68,69
082042,Sant Climent de Llobregat,145,134,11,9,12,-3,12,11,1,9
171582,Sant Climent Sescebes,26,36,-10,50,43,7,4,9,-5,-8
082055,Sant Cugat del Vallès,2716,2600,116,496,549,-53,1761,1211,550,613
082068,Sant Cugat Sesgarrigues,25,19,6,3,2,1,8,2,6,13
251961,Sant Esteve de la Sarga,4,8,-4,1,0,1,4,5,-1,-4
082074,Sant Esteve de Palautordera,177,128,49,7,14,-7,16,6,10,52
082080,Sant Esteve Sesrovires,359,325,34,45,32,13,52,42,10,57
171595,Sant Feliu de Buixalleu,53,28,25,1,0,1,3,2,1,27
082107,Sant Feliu de Codines,367,294,73,27,40,-13,61,42,19,79
171609,Sant Feliu de Guíxols,618,685,-67,113,136,-23,491,373,118,28
082114,Sant Feliu de Llobregat,1293,1195,98,233,224,9,314,334,-20,87
171616,Sant Feliu de Pallerols,51,39,12,13,3,10,14,7,7,29
082129,Sant Feliu Sasserra,16,19,-3,0,3,-3,0,1,-1,-7
171621,Sant Ferriol,18,21,-3,3,2,1,3,1,2,0
082093,Sant Fost de Campsentelles,470,353,117,25,31,-6,27,35,-8,103
082135,Sant Fruitós de Bages,353,233,120,19,21,-2,42,48,-6,112
171637,Sant Gregori,201,147,54,6,7,-1,16,8,8,61
251924,Sant Guim de Freixenet,25,46,-21,1,2,-1,11,11,0,-22
251977,Sant Guim de la Plana,6,4,2,0,0,0,4,0,4,6
171642,Sant Hilari Sacalm,109,126,-17,14,10,4,74,59,15,2
082153,Sant Hipòlit de Voltregà,124,140,-16,10,7,3,22,15,7,-6
081939,Sant Iscle de Vallalta,75,77,-2,4,4,0,5,9,-4,-6
439023,Sant Jaume d'Enveja,106,122,-16,8,13,-5,28,9,19,-2
082166,Sant Jaume de Frontanyà,2,0,2,0,0,0,0,0,0,2
171655,Sant Jaume de Llierca,26,49,-23,2,1,1,4,0,4,-18
431378,Sant Jaume dels Domenys,169,149,20,9,15,-6,13,5,8,22
171674,Sant Joan de les Abadesses,75,93,-18,5,13,-8,11,4,7,-19
171680,Sant Joan de Mollet,22,16,6,0,3,-3,2,1,1,4
082188,Sant Joan de Vilatorrada,323,335,-12,38,21,17,78,30,48,53
082172,Sant Joan Despí,1274,1112,162,166,190,-24,301,169,132,270
171851,Sant Joan les Fonts,137,106,31,7,7,0,24,13,11,42
171668,Sant Jordi Desvalls,49,33,16,1,1,0,11,3,8,24
089030,Sant Julià de Cerdanyola,6,12,-6,0,0,0,0,0,0,-6
171693,Sant Julià de Ramis,173,203,-30,9,6,3,28,19,9,-18
082205,Sant Julià de Vilatorta,113,93,20,2,6,-4,14,13,1,17
179032,Sant Julià del Llor i Bonmatí,88,65,23,11,4,7,18,10,8,38
082212,Sant Just Desvern,722,620,102,134,83,51,282,665,-383,-230
082227,Sant Llorenç d'Hortons,142,163,-21,9,6,3,18,10,8,-10
171714,Sant Llorenç de la Muga,19,19,0,5,1,4,8,0,8,12
251930,Sant Llorenç de Morunys,39,34,5,2,3,-1,8,6,2,6
082233,Sant Llorenç Savall,105,102,3,7,5,2,11,13,-2,3
082251,Sant Martí d'Albars,6,1,5,0,0,0,0,0,0,5
082248,Sant Martí de Centelles,104,83,21,3,4,-1,5,23,-18,2
171729,Sant Martí de Llémena,33,40,-7,1,2,-1,2,1,1,-7
259025,Sant Martí de Riucorb,17,30,-13,6,4,2,0,0,0,-11
082264,Sant Martí de Tous,48,30,18,6,12,-6,4,3,1,13
082270,Sant Martí Sarroca,182,106,76,15,2,13,21,12,9,98
082286,Sant Martí Sesgueioles,6,17,-11,1,6,-5,1,0,1,-15
171735,Sant Martí Vell,7,17,-10,0,3,-3,7,0,7,-6
082299,Sant Mateu de Bages,18,16,2,2,0,2,0,1,-1,3
171740,Sant Miquel de Campmajor,14,12,2,0,0,0,0,1,-1,1
171753,Sant Miquel de Fluvià,36,48,-12,12,4,8,12,2,10,6
171766,Sant Mori,8,5,3,0,0,0,2,3,-1,2
171772,Sant Pau de Segúries,35,22,13,2,5,-3,1,2,-1,9
082310,Sant Pere de Ribes,1301,1226,75,209,181,28,470,216,254,357
082325,Sant Pere de Riudebitlles,93,94,-1,8,3,5,7,29,-22,-18
082331,Sant Pere de Torelló,79,74,5,5,2,3,24,2,22,30
082346,Sant Pere de Vilamajor,261,224,37,17,7,10,33,15,18,65
171788,Sant Pere Pescador,73,118,-45,11,11,0,55,94,-39,-84
081897,Sant Pere Sallavinera,0,3,-3,0,0,0,1,0,1,-2
082359,Sant Pol de Mar,271,207,64,30,30,0,104,23,81,145
082362,Sant Quintí de Mediona,82,63,19,5,11,-6,29,6,23,36
082378,Sant Quirze de Besora,57,78,-21,3,9,-6,19,14,5,-22
082384,Sant Quirze del Vallès,816,693,123,78,92,-14,137,97,40,149
082397,Sant Quirze Safaja,32,39,-7,6,2,4,0,3,-3,-6
251945,Sant Ramon,9,17,-8,0,1,-1,10,0,10,1
082401,Sant Sadurní d'Anoia,390,360,30,49,45,4,87,64,23,57
082418,Sant Sadurní d'Osormort,2,3,-1,0,0,0,0,0,0,-1
080983,Sant Salvador de Guardiola,134,183,-49,16,7,9,39,18,21,-19
082628,Sant Vicenç de Castellet,374,350,24,47,66,-19,80,43,37,42
082649,Sant Vicenç de Montalt,391,347,44,34,47,-13,109,26,83,114
082652,Sant Vicenç de Torelló,52,55,-3,6,4,2,7,4,3,2
082634,Sant Vicenç dels Horts,795,839,-44,147,124,23,179,90,89,68
431384,Santa Bàrbara,114,123,-9,42,24,18,38,25,13,22
082439,Santa Cecília de Voltregà,9,5,4,0,0,0,0,0,0,4
082444,Santa Coloma de Cervelló,268,261,7,40,47,-7,33,14,19,19
171805,Santa Coloma de Farners,417,321,96,46,51,-5,182,255,-73,18
082457,Santa Coloma de Gramenet,3951,4380,-429,720,794,-74,2766,2091,675,172
431397,Santa Coloma de Queralt,49,65,-16,8,8,0,15,19,-4,-20
171812,Santa Cristina d'Aro,245,208,37,22,18,4,91,51,40,81
082460,Santa Eugènia de Berga,114,110,4,10,4,6,40,44,-4,6
082476,Santa Eulàlia de Riuprimer,60,46,14,5,6,-1,6,2,4,17
082482,Santa Eulàlia de Ronçana,386,308,78,24,24,0,13,19,-6,72
082495,Santa Fe del Penedès,15,13,2,0,0,0,2,0,2,4
171827,Santa Llogaia d'Àlguema,23,16,7,3,0,3,1,1,0,10
082508,Santa Margarida de Montbui,389,326,63,39,38,1,68,29,39,103
082515,Santa Margarida i els Monjos,307,247,60,48,52,-4,98,51,47,103
082589,Santa Maria d'Oló,17,35,-18,4,2,2,4,2,2,-14
082536,Santa Maria de Besora,13,9,4,0,0,0,0,0,0,4
082567,Santa Maria de Martorelles,39,39,0,2,1,1,0,4,-4,-3
082554,Santa Maria de Merlès,20,8,12,0,0,0,0,0,0,12
082573,Santa Maria de Miralles,4,10,-6,0,0,0,0,0,0,-6
082592,Santa Maria de Palautordera,461,365,96,23,35,-12,81,63,18,102
431401,Santa Oliva,220,168,52,14,23,-9,24,17,7,50
171848,Santa Pau,59,32,27,5,2,3,0,7,-7,23
082606,Santa Perpètua de Mogoda,793,917,-124,143,118,25,272,176,96,-3
082613,Santa Susanna,225,206,19,18,18,0,43,31,12,31
081923,Santpedor,204,233,-29,9,26,-17,30,15,15,-31
431423,Sarral,31,45,-14,2,13,-11,7,2,5,-20
171864,Sarrià de Ter,214,233,-19,14,12,2,28,17,11,-6
252017,Sarroca de Bellera,6,3,3,0,1,-1,1,1,0,2
252000,Sarroca de Lleida,8,4,4,0,3,-3,0,1,-1,0
171870,"Saus, Camallera i Llampaies",25,32,-7,1,4,-3,8,1,7,-3
431439,Savallà del Comtat,2,5,-3,0,0,0,0,0,0,-3
431444,"Secuita, la",85,94,-9,4,5,-1,4,4,0,-10
171886,"Selva de Mar, la",11,7,4,2,1,1,0,0,0,5
431457,"Selva del Camp, la",146,167,-21,20,32,-12,28,23,5,-28
431460,Senan,2,2,0,0,0,0,0,0,0,0
430445,"Sénia, la",69,69,0,63,68,-5,72,77,-5,-10
252022,Senterada,5,4,1,3,1,2,1,0,1,4
250352,"Sentiu de Sió, la",11,22,-11,1,1,0,4,4,0,-11
082671,Sentmenat,373,340,33,27,29,-2,38,11,27,58
171903,Serinyà,39,53,-14,1,0,1,3,0,3,-10
252043,Seròs,15,28,-13,23,20,3,38,24,14,4
171910,Serra de Daró,15,14,1,0,0,0,0,0,0,1
171925,Setcases,6,2,4,0,0,0,1,0,1,5
252038,"Seu d'Urgell, la",306,353,-47,151,127,24,156,254,-98,-121
082690,Seva,138,144,-6,11,6,5,22,11,11,10
252056,Sidamon,36,32,4,2,2,0,1,2,-1,3
171931,Sils,304,309,-5,33,37,-4,52,34,18,9
082704,Sitges,1161,1165,-4,260,248,12,879,610,269,277
170524,Siurana,14,6,8,1,1,0,4,6,-2,6
082711,Sobremunt,5,4,1,0,0,0,1,0,1,2
252069,"Soleràs, el",11,11,0,3,2,1,2,0,2,3
431476,Solivella,18,15,3,1,0,1,0,4,-4,0
252075,Solsona,263,285,-22,63,27,36,112,90,22,36
082726,Sora,15,8,7,1,0,1,0,5,-5,3
252081,Soriguera,23,22,1,1,3,-2,5,2,3,2
252094,Sort,95,102,-7,16,11,5,26,18,8,6
252108,Soses,24,40,-16,11,5,6,31,9,22,12
082732,Subirats,124,96,28,3,7,-4,15,10,5,29
252115,Sudanell,29,12,17,3,3,0,8,8,0,17
252120,Sunyer,4,4,0,6,3,3,10,2,8,11
082747,Súria,121,114,7,36,13,23,60,30,30,60
171946,Susqueda,5,4,1,1,0,1,1,0,1,3
082763,Tagamanent,22,22,0,10,1,9,2,1,1,10
082779,Talamanca,25,18,7,0,0,0,0,0,0,7
252154,Talarn,29,21,8,304,304,0,4,0,4,12
252167,Talavera,10,9,1,1,2,-1,0,0,0,0
171959,"Tallada d'Empordà, la",15,20,-5,1,0,1,1,3,-2,-6
082785,Taradell,225,215,10,16,9,7,42,24,18,35
431482,Tarragona,3128,3324,-196,1144,1186,-42,1922,1363,559,321
252173,Tàrrega,554,386,168,107,90,17,202,234,-32,153
252189,Tarrés,5,4,1,0,1,-1,0,0,0,0
252192,Tarroja de Segarra,6,5,1,0,0,0,0,0,0,1
082750,Tavèrnoles,10,8,2,0,1,-1,0,2,-2,-1
082802,Tavertet,5,3,2,0,0,0,0,2,-2,0
082819,Teià,324,268,56,22,20,2,72,19,53,111
252206,Térmens,41,53,-12,6,14,-8,24,80,-56,-76
171962,Terrades,28,6,22,2,1,1,2,1,1,24
082798,Terrassa,5201,4813,388,1401,1147,254,2620,1854,766,1408
082824,Tiana,365,294,71,23,44,-21,47,17,30,80
252213,Tírvia,6,4,2,2,0,2,0,2,-2,2
252228,Tiurana,6,5,1,2,0,2,0,0,0,3
431495,Tivenys,9,20,-11,2,2,0,10,2,8,-3
431508,Tivissa,25,38,-13,4,11,-7,24,23,1,-19
082830,Tona,318,220,98,34,10,24,88,46,42,164
252234,Torà,45,52,-7,12,2,10,17,6,11,14
082845,Tordera,775,703,72,85,72,13,171,98,73,158
082858,Torelló,426,364,62,66,39,27,172,120,52,141
252249,"Torms, els",2,2,0,1,0,1,1,0,1,2
252252,Tornabous,24,26,-2,4,7,-3,21,30,-9,-14
252271,"Torre de Cabdella, la",32,24,8,1,0,1,6,0,6,15
082861,"Torre de Claramunt, la",176,187,-11,18,8,10,12,8,4,3
431515,"Torre de Fontaubella, la",8,11,-3,4,0,4,0,0,0,1
431520,"Torre de l'Espanyol, la",24,22,2,2,2,0,10,1,9,11
252265,Torrebesses,11,10,1,1,0,1,0,1,-1,1
431536,Torredembarra,790,660,130,149,136,13,242,122,120,263
252287,Torrefarrera,228,181,47,27,25,2,42,45,-3,46
259078,Torrefeta i Florejacs,22,14,8,3,2,1,1,0,1,10
252304,Torregrossa,51,60,-9,4,6,-2,33,8,25,14
252311,Torrelameu,20,13,7,11,3,8,13,1,12,27
082877,Torrelavit,46,70,-24,5,5,0,8,4,4,-20
082883,Torrelles de Foix,144,139,5,18,5,13,36,12,24,42
082896,Torrelles de Llobregat,253,252,1,20,24,-4,30,34,-4,-7
171978,Torrent,6,8,-2,1,0,1,0,0,0,-1
252326,Torres de Segre,34,76,-42,34,22,12,162,152,10,-20
252332,Torre-serona,14,23,-9,3,2,1,1,0,1,-7
171984,Torroella de Fluvià,33,60,-27,5,2,3,12,0,12,-12
171997,Torroella de Montgrí,328,406,-78,66,73,-7,254,156,98,13
431541,Torroja del Priorat,2,4,-2,0,0,0,0,1,-1,-3
172001,Tortellà,25,29,-4,8,0,8,8,3,5,9
431554,Tortosa,701,749,-48,239,268,-29,445,527,-82,-159
172018,Toses,5,3,2,0,0,0,1,0,1,3
172023,Tossa de Mar,148,132,16,54,38,16,112,379,-267,-235
252347,Tremp,148,220,-72,68,88,-20,95,33,62,-30
172044,Ullà,111,73,38,9,5,4,40,23,17,59
082900,Ullastrell,111,94,17,9,2,7,2,5,-3,21
172057,Ullastret,17,12,5,0,0,0,3,0,3,8
431567,Ulldecona,111,128,-17,135,123,12,87,104,-17,-22
431573,Ulldemolins,10,9,1,1,3,-2,1,1,0,-1
172039,Ultramort,13,8,5,2,0,2,0,0,0,7
172060,Urús,7,14,-7,1,0,1,2,3,-1,-7
082917,Vacarisses,385,257,128,20,27,-7,31,21,10,131
170144,"Vajol, la",10,8,2,1,0,1,0,0,0,3
172076,"Vall d'en Bas, la",116,89,27,4,5,-1,14,11,3,29
172082,"Vall de Bianya, la",52,40,12,0,6,-6,5,2,3,9
250432,"Vall de Boí, la",34,49,-15,22,15,7,10,9,1,-7
259010,Vall de Cardós,12,12,0,2,1,1,4,0,4,5
082922,Vallbona d'Anoia,56,60,-4,5,2,3,13,13,0,-1
252385,Vallbona de les Monges,2,15,-13,0,2,-2,0,1,-1,-16
082938,Vallcebre,8,7,1,1,0,1,2,1,1,3
431589,Vallclara,4,8,-4,0,0,0,1,2,-1,-5
252402,Vallfogona de Balaguer,59,75,-16,7,6,1,14,2,12,-3
171707,Vallfogona de Ripollès,12,7,5,0,0,0,0,0,0,5
431592,Vallfogona de Riucorb,3,3,0,0,1,-1,0,3,-3,-4
082943,Vallgorguina,178,170,8,16,13,3,18,11,7,18
082956,Vallirana,619,563,56,82,66,16,122,80,42,114
172095,Vall-llobrega,53,58,-5,2,1,1,12,1,11,7
431606,Vallmoll,118,71,47,5,1,4,7,7,0,51
082969,Vallromanes,106,128,-22,9,18,-9,33,12,21,-10
431613,Valls,580,755,-175,133,117,16,209,112,97,-62
259062,"Valls d'Aguilar, les",5,14,-9,0,0,0,2,4,-2,-11
252398,"Valls de Valira, les",58,60,-2,11,3,8,28,11,17,23
431628,Vandellòs i l'Hospitalet de l'Infant,263,161,102,57,55,2,81,39,42,146
259097,"Vansa i Fórnols, la",5,5,0,0,0,0,0,18,-18,-18
082975,Veciana,1,8,-7,1,3,-2,1,0,1,-8
431634,"Vendrell, el",1689,1627,62,272,331,-59,408,279,129,132
172109,Ventalló,31,31,0,1,2,-1,4,0,4,3
252424,Verdú,36,20,16,1,3,-2,11,14,-3,11
172116,Verges,60,46,14,1,1,0,9,2,7,21
431649,Vespella de Gaià,27,23,4,3,1,2,0,0,0,6
082981,Vic,1477,1371,106,403,249,154,1182,635,547,807
172121,Vidrà,5,4,1,0,0,0,0,0,0,1
172137,Vidreres,347,326,21,68,57,11,81,66,15,47
252430,Vielha e Mijaran,200,202,-2,168,122,46,90,94,-4,40
431652,Vilabella,20,22,-2,1,0,1,4,4,0,-1
172142,Vilabertran,49,48,1,2,0,2,3,11,-8,-5
172155,Vilablareix,110,73,37,6,9,-3,6,8,-2,32
082994,Vilada,19,24,-5,0,0,0,1,0,1,-4
172174,Viladamat,19,18,1,1,0,1,7,4,3,5
172168,Viladasens,13,21,-8,0,0,0,1,0,1,-7
083015,Viladecans,1863,1907,-44,406,391,15,501,345,156,127
083008,Viladecavalls,342,316,26,28,20,8,31,17,14,48
172180,Vilademuls,33,51,-18,5,2,3,6,3,3,-12
172207,Viladrau,42,33,9,7,9,-2,7,3,4,11
172214,Vilafant,238,236,2,13,12,1,26,63,-37,-34
083054,Vilafranca del Penedès,1238,1170,68,198,190,8,391,410,-19,57
252445,Vilagrassa,42,32,10,5,1,4,6,3,3,17
172235,Vilajuïga,53,65,-12,7,9,-2,6,1,5,-9
431750,Vilalba dels Arcs,9,13,-4,4,2,2,2,0,2,0
083067,Vilalba Sasserra,75,63,12,3,1,2,4,2,2,16
252458,Vilaller,9,10,-1,3,3,0,9,3,6,5
172240,Vilallonga de Ter,13,12,1,2,0,2,9,9,0,3
431665,Vilallonga del Camp,117,85,32,17,11,6,21,1,20,58
172253,Vilamacolum,24,20,4,9,2,7,2,8,-6,5
172266,Vilamalla,59,39,20,4,0,4,3,2,1,25
172272,Vilamaniscle,21,22,-1,1,1,0,4,4,0,-1
252477,Vilamòs,12,14,-2,18,13,5,1,1,0,3
172288,Vilanant,25,27,-2,1,2,-1,3,4,-1,-4
431671,Vilanova d'Escornalbou,17,24,-7,1,3,-2,0,11,-11,-20
252483,Vilanova de Bellpuig,47,40,7,2,7,-5,13,8,5,7
252496,Vilanova de l'Aguda,5,8,-3,0,0,0,0,0,0,-3
252542,Vilanova de la Barca,22,25,-3,12,4,8,21,4,17,22
252509,Vilanova de Meià,4,11,-7,1,1,0,3,3,0,-7
431687,Vilanova de Prades,12,11,1,0,0,0,2,0,2,3
083036,Vilanova de Sau,21,18,3,1,1,0,1,0,1,4
252516,Vilanova de Segrià,49,43,6,8,13,-5,9,4,5,6
083020,Vilanova del Camí,407,492,-85,78,46,32,62,72,-10,-63
089024,Vilanova del Vallès,290,239,51,15,27,-12,23,5,18,57
083073,Vilanova i la Geltrú,2021,1848,173,382,437,-55,597,505,92,210
431690,Vilaplana,17,23,-6,1,0,1,1,6,-5,-10
431704,Vila-rodona,59,63,-4,3,2,1,16,5,11,8
172305,Vila-sacra,37,51,-14,9,4,5,8,0,8,-1
252521,Vila-sana,24,24,0,5,1,4,1,11,-10,-6
431711,Vila-seca,753,820,-67,212,228,-16,233,172,61,-22
082140,Vilassar de Dalt,353,268,85,23,36,-13,48,40,8,80
082191,Vilassar de Mar,742,707,35,74,115,-41,130,123,7,1
172229,Vilaür,10,21,-11,0,0,0,2,0,2,-9
431726,Vilaverd,10,12,-2,3,1,2,1,4,-3,-3
431732,"Vilella Alta, la",4,7,-3,1,0,1,0,0,0,-2
431747,"Vilella Baixa, la",6,5,1,2,0,2,4,0,4,7
172333,Vilobí d'Onyar,118,143,-25,10,17,-7,44,22,22,-10
083041,Vilobí del Penedès,42,47,-5,0,2,-2,2,7,-5,-12
172327,Vilopriu,5,12,-7,2,0,2,6,1,5,0
252537,"Vilosell, el",9,14,-5,2,1,1,0,0,0,-4
431763,Vimbodí i Poblet,14,32,-18,0,2,-2,5,5,0,-20
252555,Vinaixa,8,23,-15,2,3,-1,6,3,3,-13
431779,Vinebre,14,17,-3,4,2,2,2,0,2,1
431785,Vinyols i els Arcs,103,97,6,9,5,4,11,4,7,17
083089,Viver i Serrateix,11,2,9,0,0,0,1,0,1,10
430521,Xerta,31,32,-1,4,4,0,13,7,6,5

