Codi,Literal,Migracions internes  amb la resta de Catalunya  immigracions,Migracions internes  amb la resta de Catalunya  emigracions,Migracions internes  amb la resta de Catalunya  saldo migratori,Migracions internes  amb la resta d'Espanya  immigracions,Migracions internes  amb la resta d'Espanya  emigracions,Migracions internes  amb la resta d'Espanya  saldo migratori,Migracions externes  immigracions,Migracions externes  emigracions,Migracions externes  saldo migratori,Saldo migratori total
250019,Abella de la Conca,9,9,0,0,1,-1,0,0,0,-1
080018,Abrera,583,412,171,49,57,-8,131,11,120,283
250024,Àger,13,10,3,3,1,2,0,0,0,5
250030,Agramunt,102,170,-68,32,27,5,109,3,106,43
080023,Aguilar de Segarra,11,4,7,0,0,0,0,0,0,7
170010,Agullana,42,25,17,3,0,3,8,0,8,28
080142,Aiguafreda,113,103,10,3,6,-3,22,1,21,28
430017,Aiguamúrcia,39,33,6,6,1,5,5,2,3,14
170025,Aiguaviva,35,16,19,3,1,2,1,0,1,22
250387,Aitona,23,51,-28,29,53,-24,0,0,0,-52
250045,"Alamús, els",19,20,-1,5,2,3,4,0,4,6
250058,Alàs i Cerc,5,12,-7,1,0,1,1,2,-1,-7
250061,"Albagés, l'",11,14,-3,0,1,-1,2,0,2,-2
170031,Albanyà,17,3,14,0,0,0,0,0,0,14
250077,Albatàrrec,89,41,48,9,11,-2,8,1,7,53
250083,Albesa,37,37,0,6,2,4,15,2,13,17
250096,"Albi, l'",35,20,15,2,1,1,6,1,5,21
430022,Albinyana,205,117,88,8,8,0,4,1,3,91
430038,"Albiol, l'",52,17,35,0,0,0,0,2,-2,33
170046,Albons,22,17,5,0,0,0,14,0,14,19
430043,Alcanar,188,139,49,97,136,-39,228,3,225,235
250100,Alcanó,9,4,5,0,0,0,0,0,0,5
250117,Alcarràs,95,99,-4,15,28,-13,14,1,13,-4
250122,Alcoletge,99,77,22,18,8,10,9,0,9,41
430056,Alcover,139,106,33,33,14,19,83,2,81,133
439044,"Aldea, l'",69,74,-5,23,12,11,11,1,10,16
430069,Aldover,34,11,23,2,0,2,1,0,1,26
430075,"Aleixar, l'",33,13,20,1,5,-4,4,0,4,20
080039,Alella,362,382,-20,31,34,-3,140,7,133,110
430081,Alfara de Carles,26,7,19,0,0,0,0,0,0,19
250138,Alfarràs,21,50,-29,10,24,-14,11,1,10,-33
250143,Alfés,5,9,-4,0,0,0,0,0,0,-4
430094,Alforja,72,24,48,4,1,3,3,0,3,54
250156,Algerri,8,12,-4,0,0,0,5,0,5,1
250169,Alguaire,55,61,-6,18,17,1,44,0,44,39
250175,Alins,9,6,3,0,2,-2,0,0,0,1
430108,Alió,2,13,-11,0,0,0,6,0,6,-5
250194,Almacelles,73,97,-24,65,49,16,35,3,32,24
250208,Almatret,6,8,-2,1,1,0,1,0,1,-1
250215,Almenar,46,58,-12,29,29,0,0,3,-3,-15
430115,Almoster,129,55,74,5,0,5,0,0,0,79
250220,Alòs de Balaguer,4,18,-14,1,0,1,3,0,3,-10
170062,Alp,87,70,17,13,6,7,1,1,0,24
080044,Alpens,12,5,7,0,0,0,2,0,2,9
250236,Alpicat,239,112,127,28,28,0,68,1,67,194
250241,Alt Àneu,14,23,-9,5,9,-4,0,0,0,-13
430120,Altafulla,265,169,96,27,29,-2,67,8,59,153
170078,Amer,39,37,2,2,1,1,6,0,6,9
430136,"Ametlla de Mar, l'",180,141,39,56,61,-5,89,6,83,117
080057,"Ametlla del Vallès, l'",492,274,218,32,26,6,153,3,150,374
439060,"Ampolla, l'",89,60,29,26,7,19,1,4,-3,45
430141,Amposta,330,334,-4,122,136,-14,283,23,260,242
170084,Anglès,141,155,-14,18,14,4,0,5,-5,-15
250273,Anglesola,32,50,-18,6,5,1,16,0,16,-1
250292,Arbeca,10,88,-78,0,29,-29,30,2,28,-79
430167,"Arboç, l'",187,141,46,18,21,-3,82,2,80,123
430154,Arbolí,4,6,-2,1,2,-1,3,0,3,0
170097,Arbúcies,190,175,15,19,21,-2,236,6,230,243
080060,Arenys de Mar,578,561,17,111,65,46,206,5,201,264
080076,Arenys de Munt,405,275,130,25,34,-9,59,5,54,175
170101,Argelaguer,19,20,-1,5,0,5,2,0,2,6
080082,Argençola,13,11,2,0,0,0,0,0,0,2
430173,"Argentera, l'",12,4,8,0,1,-1,0,0,0,7
080095,Argentona,518,436,82,30,52,-22,10,6,4,64
170118,"Armentera, l'",21,31,-10,0,1,-1,0,0,0,-11
430189,Arnes,13,9,4,7,2,5,3,0,3,12
250313,Arres,7,1,6,0,0,0,0,0,0,6
250328,Arsèguel,4,9,-5,0,0,0,3,0,3,-2
080109,Artés,195,97,98,26,16,10,0,0,0,108
250334,Artesa de Lleida,27,39,-12,14,8,6,0,0,0,-6
250349,Artesa de Segre,104,100,4,15,15,0,149,2,147,151
430192,Ascó,30,32,-2,1,4,-3,4,1,3,-2
250365,Aspa,2,2,0,0,0,0,0,0,0,0
250371,"Avellanes i Santa Linya, les",8,10,-2,0,2,-2,0,0,0,-4
080116,Avià,71,37,34,4,3,1,22,2,20,55
080121,Avinyó,59,61,-2,2,12,-10,15,1,14,2
170123,Avinyonet de Puigventós,93,28,65,4,2,2,4,0,4,71
080137,Avinyonet del Penedès,80,63,17,0,1,-1,13,0,13,29
080155,Badalona,5571,7581,-2010,1099,1314,-215,136,91,45,-2180
089045,Badia del Vallès,410,831,-421,91,144,-53,23,13,10,-464
080168,Bagà,45,62,-17,2,0,2,8,1,7,-8
250390,Baix Pallars,24,18,6,1,0,1,6,0,6,13
250404,Balaguer,324,284,40,125,91,34,5,22,-17,57
080174,Balenyà,125,134,-9,7,11,-4,28,1,27,14
080180,Balsareny,71,66,5,18,10,8,12,2,10,23
430206,Banyeres del Penedès,123,126,-3,6,9,-3,31,0,31,25
170157,Banyoles,477,501,-24,78,75,3,350,8,342,321
250411,Barbens,28,35,-7,3,4,-1,7,0,7,-1
430213,Barberà de la Conca,30,16,14,1,5,-4,7,0,7,17
082520,Barberà del Vallès,1136,1190,-54,135,149,-14,17,13,4,-64
080193,Barcelona,21797,46174,-24377,10890,11841,-951,756,1731,-975,-26303
250426,"Baronia de Rialb, la",18,10,8,2,0,2,0,0,0,10
170160,Bàscara,38,39,-1,2,2,0,10,0,10,9
250447,Bassella,3,19,-16,0,0,0,3,0,3,-13
430228,Batea,23,30,-7,9,5,4,41,0,41,38
250450,Bausen,0,1,-1,0,0,0,0,1,-1,-2
080207,Begues,347,134,213,18,22,-4,0,3,-3,206
170139,Begur,187,163,24,25,20,5,104,7,97,126
250463,Belianes,15,16,-1,2,1,1,12,0,12,12
251706,Bellaguarda,3,9,-6,0,1,-1,0,0,0,-7
170182,Bellcaire d'Empordà,40,30,10,5,0,5,15,0,15,30
250479,Bellcaire d'Urgell,3,30,-27,1,6,-5,0,0,0,-32
250485,Bell-lloc d'Urgell,24,51,-27,1,2,-1,1,0,1,-27
250498,Bellmunt d'Urgell,1,6,-5,0,0,0,3,0,3,-2
430234,Bellmunt del Priorat,12,8,4,2,1,1,1,0,1,6
080214,Bellprat,0,1,-1,0,0,0,0,0,0,-1
250501,Bellpuig,93,102,-9,18,16,2,45,4,41,34
430249,Bellvei,124,69,55,9,7,2,2,1,1,58
250518,Bellver de Cerdanya,108,65,43,3,9,-6,15,1,14,51
250523,Bellvís,19,56,-37,12,15,-3,44,0,44,4
250539,Benavent de Segrià,46,20,26,7,4,3,11,0,11,40
430252,Benifallet,5,12,-7,0,2,-2,4,0,4,-5
430265,Benissanet,26,20,6,11,7,4,33,0,33,43
080229,Berga,423,393,30,50,68,-18,383,6,377,389
170195,Besalú,70,64,6,6,1,5,46,5,41,52
170209,Bescanó,208,129,79,11,2,9,20,0,20,108
170216,Beuda,25,19,6,0,1,-1,0,0,0,5
080235,Bigues i Riells del Fai,640,319,321,19,17,2,31,1,30,353
250557,Biosca,6,7,-1,0,0,0,0,0,0,-1
170221,"Bisbal d'Empordà, la",324,247,77,57,34,23,56,7,49,149
430271,"Bisbal de Falset, la",2,2,0,0,0,0,0,0,0,0
430287,"Bisbal del Penedès, la",233,105,128,13,14,-1,16,0,16,143
172348,Biure,13,6,7,0,1,-1,3,1,2,8
430290,Blancafort,17,27,-10,6,0,6,13,0,13,9
170237,Blanes,1492,1057,435,305,255,50,43,44,-1,484
170293,Boadella i les Escaules,17,2,15,1,0,1,0,0,0,16
170242,Bolvir,10,10,0,1,0,1,0,1,-1,0
430304,Bonastre,48,21,27,4,2,2,21,0,21,50
250576,"Bòrdes, Es",14,14,0,2,2,0,0,4,-4,-4
170255,Bordils,68,55,13,7,6,1,0,0,0,14
250582,"Borges Blanques, les",149,124,25,14,20,-6,84,8,76,95
430311,"Borges del Camp, les",66,75,-9,7,5,2,0,2,-2,-9
170268,Borrassà,29,25,4,4,1,3,2,0,2,9
080240,Borredà,24,26,-2,0,0,0,8,0,8,6
250595,Bossòst,60,40,20,25,34,-9,0,0,0,11
430326,Bot,7,12,-5,1,6,-5,3,0,3,-7
430332,Botarell,72,20,52,2,4,-2,26,0,26,76
250560,Bovera,2,3,-1,0,1,-1,1,0,1,-1
430347,Bràfim,15,12,3,1,0,1,16,0,16,20
170274,Breda,123,87,36,13,14,-1,21,0,21,56
080253,"Bruc, el",130,68,62,7,5,2,17,1,16,80
080266,"Brull, el",12,9,3,1,1,0,0,1,-1,2
170280,Brunyola i Sant Martí Sapresa,11,15,-4,0,0,0,2,0,2,-2
430350,Cabacés,12,5,7,0,0,0,0,0,0,7
250609,Cabanabona,1,5,-4,0,0,0,0,0,0,-4
170314,Cabanelles,16,5,11,0,1,-1,7,0,7,17
170307,Cabanes,66,45,21,1,3,-2,11,1,10,29
080272,"Cabanyes, les",39,19,20,0,1,-1,4,0,4,23
250616,Cabó,0,1,-1,0,0,0,0,0,0,-1
430363,Cabra del Camp,79,43,36,10,1,9,9,0,9,54
080288,Cabrera d'Anoia,105,45,60,2,1,1,0,0,0,61
080291,Cabrera de Mar,181,211,-30,10,12,-2,56,12,44,12
080305,Cabrils,502,246,256,37,14,23,75,21,54,333
170329,Cadaqués,56,66,-10,29,19,10,113,4,109,109
080312,Calaf,58,107,-49,24,7,17,73,2,71,39
430379,Calafell,1715,809,906,166,123,43,464,20,444,1393
080348,Calders,43,41,2,1,4,-3,8,1,7,6
080327,Caldes d'Estrac,256,146,110,14,9,5,77,4,73,188
170335,Caldes de Malavella,394,166,228,14,5,9,1,0,1,238
080333,Caldes de Montbui,612,441,171,63,45,18,195,12,183,372
080351,Calella,914,729,185,154,117,37,675,27,648,870
080370,Calldetenes,65,75,-10,3,6,-3,38,1,37,24
080386,Callús,75,32,43,7,8,-1,14,2,12,54
080364,Calonge de Segarra,1,2,-1,0,0,0,0,0,0,-1
170340,Calonge i Sant Antoni,526,349,177,64,59,5,285,5,280,462
250621,Camarasa,27,15,12,2,4,-2,0,1,-1,9
439039,Camarles,54,84,-30,14,6,8,2,2,0,-22
430385,Cambrils,1237,753,484,358,264,94,619,59,560,1138
170353,Camós,35,21,14,2,1,1,4,0,4,19
170366,Campdevànol,110,94,16,1,6,-5,7,4,3,14
170372,Campelles,8,4,4,0,0,0,0,0,0,4
080399,Campins,19,8,11,0,0,0,0,0,0,11
170388,Campllong,21,15,6,3,0,3,7,0,7,16
170391,Camprodon,149,97,52,20,15,5,0,1,-1,56
250637,Canejan,1,2,-1,0,0,0,0,0,0,-1
170405,Canet d'Adri,14,18,-4,1,1,0,1,0,1,-3
080403,Canet de Mar,669,333,336,65,44,21,165,8,157,514
080410,Canovelles,646,724,-78,103,98,5,352,3,349,276
080425,Cànoves i Samalús,202,126,76,4,16,-12,16,2,14,78
170412,Cantallops,16,6,10,1,5,-4,2,0,2,8
080431,Canyelles,340,141,199,11,21,-10,42,2,40,229
430398,Capafonts,4,5,-1,0,0,0,0,0,0,-1
430402,Capçanes,4,7,-3,0,0,0,0,4,-4,-7
080446,Capellades,158,177,-19,16,12,4,77,2,75,60
170427,Capmany,27,42,-15,1,0,1,2,1,1,-13
080459,Capolat,5,0,5,0,0,0,0,0,0,5
080462,Cardedeu,957,474,483,56,69,-13,143,17,126,596
080478,Cardona,70,139,-69,5,13,-8,13,3,10,-67
080484,Carme,25,19,6,1,4,-3,25,0,25,28
430419,Caseres,4,3,1,6,1,5,1,0,1,7
170448,Cassà de la Selva,264,233,31,20,27,-7,1,2,-1,23
080497,Casserres,53,38,15,1,2,-1,5,0,5,19
080575,Castell de l'Areny,11,3,8,0,0,0,0,0,0,8
259046,Castell de Mur,13,3,10,0,0,0,0,0,0,10
250642,Castellar de la Ribera,5,3,2,0,0,0,0,0,0,2
080522,Castellar de n'Hug,24,12,12,0,1,-1,1,0,1,12
080500,Castellar del Riu,11,2,9,1,0,1,2,0,2,12
080517,Castellar del Vallès,734,544,190,68,84,-16,159,21,138,312
080538,Castellbell i el Vilar,159,156,3,19,15,4,42,2,40,47
080543,Castellbisbal,776,388,388,35,61,-26,89,12,77,439
080556,Castellcir,55,22,33,4,1,3,3,0,3,39
250674,Castelldans,22,16,6,7,7,0,0,0,0,6
080569,Castelldefels,2731,2370,361,639,539,100,125,139,-14,447
080581,Castellet i la Gornal,134,93,41,4,3,1,16,2,14,56
170464,Castellfollit de la Roca,33,40,-7,6,5,1,10,0,10,4
080608,Castellfollit de Riubregós,7,8,-1,0,0,0,0,1,-1,-2
080594,Castellfollit del Boix,14,10,4,0,0,0,1,0,1,5
080615,Castellgalí,122,48,74,4,3,1,3,0,3,78
080620,Castellnou de Bages,79,27,52,1,2,-1,2,0,2,53
250680,Castellnou de Seana,20,27,-7,1,10,-9,1,0,1,-15
170470,Castelló d'Empúries,497,287,210,75,52,23,427,36,391,624
250693,Castelló de Farfanya,17,23,-6,0,1,-1,0,0,0,-7
080636,Castellolí,13,4,9,1,0,1,0,0,0,10
170486,Castell-Platja d'Aro,489,475,14,82,60,22,315,26,289,325
250707,Castellserà,42,29,13,1,5,-4,14,0,14,23
080641,Castellterçol,105,88,17,3,0,3,45,1,44,64
430424,Castellvell del Camp,167,44,123,0,2,-2,1,1,0,121
080654,Castellví de la Marca,64,49,15,4,1,3,21,0,21,39
080667,Castellví de Rosanes,123,53,70,4,4,0,5,0,5,75
430430,"Catllar, el",242,102,140,18,18,0,43,0,43,183
250714,Cava,1,3,-2,0,0,0,0,0,0,-2
171899,"Cellera de Ter, la",46,55,-9,2,6,-4,27,1,26,13
170499,Celrà,224,88,136,10,5,5,73,6,67,208
080673,Centelles,314,144,170,19,14,5,33,3,30,205
082687,Cercs,24,53,-29,2,2,0,4,0,4,-25
082665,Cerdanyola del Vallès,1741,2057,-316,328,346,-18,882,57,825,491
080689,Cervelló,510,279,231,18,40,-22,110,5,105,314
250729,Cervera,284,317,-33,66,101,-35,360,6,354,286
250735,Cervià de les Garrigues,33,38,-5,1,3,-2,2,0,2,-5
170502,Cervià de Ter,29,14,15,2,2,0,10,0,10,25
170519,Cistella,18,11,7,1,0,1,0,0,0,8
250740,Ciutadilla,17,3,14,1,0,1,7,0,7,22
250753,Clariana de Cardener,6,1,5,1,0,1,4,0,4,10
250766,"Cogul, el",5,10,-5,0,1,-1,0,0,0,-6
170545,Colera,79,42,37,1,2,-1,1,1,0,36
250772,Coll de Nargó,12,19,-7,1,4,-3,6,1,5,-5
080692,Collbató,344,137,207,8,19,-11,0,3,-3,193
430458,Colldejou,1,4,-3,0,0,0,0,0,0,-3
080706,Collsuspina,15,12,3,2,5,-3,2,0,2,2
170558,Colomers,2,7,-5,0,1,-1,1,0,1,-5
251636,"Coma i la Pedra, la",19,9,10,1,0,1,0,1,-1,10
251615,Conca de Dalt,18,9,9,1,0,1,0,0,0,10
430461,Conesa,9,11,-2,0,0,0,0,0,0,-2
430477,Constantí,129,176,-47,38,23,15,0,2,-2,-34
080713,Copons,6,9,-3,0,0,0,1,0,1,-2
430483,Corbera d'Ebre,11,11,0,0,8,-8,9,1,8,0
080728,Corbera de Llobregat,846,446,400,41,65,-24,4,6,-2,374
250788,Corbins,45,25,20,17,11,6,6,0,6,32
170577,Corçà,49,43,6,3,5,-2,15,0,15,19
080734,Cornellà de Llobregat,2413,3764,-1351,379,542,-163,15,40,-25,-1539
170561,Cornellà del Terri,86,73,13,2,3,-1,2,1,1,13
430496,Cornudella de Montsant,22,36,-14,5,1,4,0,0,0,-10
430509,Creixell,264,151,113,21,9,12,42,3,39,164
170583,Crespià,22,5,17,0,0,0,7,0,7,24
179011,"Cruïlles, Monells i Sant Sadurní de l'Heura",40,51,-11,6,6,0,10,0,10,-1
080749,Cubelles,1239,434,805,77,56,21,20,2,18,844
250791,Cubells,19,12,7,0,0,0,4,0,4,11
430516,Cunit,879,538,341,75,50,25,18,11,7,373
170600,Darnius,20,37,-17,4,2,2,19,0,19,4
170617,Das,9,7,2,1,0,1,0,0,0,3
439018,Deltebre,135,112,23,45,37,8,152,0,152,183
080752,Dosrius,421,201,220,14,15,-1,11,1,10,229
430537,Duesaigües,1,7,-6,0,0,0,0,0,0,-6
170622,"Escala, l'",330,261,69,68,47,21,295,11,284,374
080765,Esparreguera,1009,700,309,138,118,20,185,16,169,498
170638,Espinelves,19,10,9,0,0,0,2,0,2,11
250812,"Espluga Calba, l'",13,13,0,0,1,-1,2,0,2,1
430542,"Espluga de Francolí, l'",86,82,4,46,29,17,28,0,28,49
080771,Esplugues de Llobregat,1734,2319,-585,212,333,-121,881,65,816,110
170643,Espolla,10,12,-2,1,0,1,0,0,0,-1
170656,Esponellà,44,11,33,0,1,-1,5,2,3,35
250827,Espot,19,5,14,8,3,5,1,0,1,20
080787,"Espunyola, l'",2,8,-6,0,0,0,0,0,0,-6
082541,"Esquirol, l'",92,42,50,5,3,2,19,0,19,71
250886,Estamariu,4,6,-2,0,0,0,0,0,0,-2
080790,"Estany, l'",13,6,7,0,0,0,1,0,1,8
250851,Estaràs,5,2,3,1,0,1,0,0,0,4
250864,Esterri d'Àneu,51,19,32,1,11,-10,17,3,14,36
250870,Esterri de Cardós,1,2,-1,0,0,0,0,0,0,-1
430555,Falset,53,65,-12,4,14,-10,0,3,-3,-25
170059,"Far d'Empordà, el",26,20,6,1,0,1,0,0,0,7
250899,Farrera,15,5,10,0,0,0,0,0,0,10
430568,"Fatarella, la",13,16,-3,1,0,1,1,0,1,-1
430574,"Febró, la",0,2,-2,0,0,0,0,0,0,-2
081347,Figaró-Montmany,74,51,23,4,3,1,28,0,28,52
080804,Fígols,5,5,0,0,0,0,0,0,0,0
259084,Fígols i Alinyà,9,4,5,0,0,0,6,0,6,11
430580,"Figuera, la",15,5,10,0,0,0,5,0,5,15
170669,Figueres,1312,1368,-56,294,245,49,993,38,955,948
430593,Figuerola del Camp,8,11,-3,1,1,0,0,0,0,-3
170675,Flaçà,47,31,16,1,1,0,1,2,-1,15
430607,Flix,58,78,-20,24,19,5,3,0,3,-12
250925,"Floresta, la",10,10,0,0,2,-2,0,0,0,-2
080826,Fogars de la Selva,154,67,87,0,1,-1,6,0,6,92
080811,Fogars de Montclús,30,13,17,1,2,-1,0,0,0,16
170681,Foixà,7,10,-3,0,0,0,3,0,3,0
080832,Folgueroles,86,60,26,4,0,4,9,0,9,39
250931,Fondarella,43,11,32,1,0,1,2,0,2,35
080847,Fonollosa,75,22,53,1,2,-1,3,1,2,54
170694,Fontanals de Cerdanya,15,20,-5,0,1,-1,2,1,1,-5
170708,Fontanilles,17,3,14,3,2,1,6,0,6,21
170715,Fontcoberta,29,49,-20,4,0,4,2,0,2,-14
080850,Font-rubí,59,76,-17,5,3,2,19,1,18,3
250946,Foradada,21,15,6,2,3,-1,0,0,0,5
179026,Forallac,52,77,-25,16,10,6,18,1,17,-2
430614,Forès,1,3,-2,0,0,0,0,0,0,-2
170736,Fornells de la Selva,120,37,83,0,0,0,0,2,-2,81
170741,Fortià,25,20,5,1,0,1,9,2,7,13
080863,"Franqueses del Vallès, les",916,625,291,82,78,4,182,4,178,473
430629,Freginals,5,10,-5,0,2,-2,18,1,17,10
250962,"Fuliola, la",20,31,-11,0,2,-2,4,0,4,-9
250978,Fulleda,2,0,2,0,0,0,0,0,0,2
080902,Gaià,11,9,2,5,0,5,0,0,0,7
430635,"Galera, la",11,15,-4,4,2,2,0,1,-1,-3
080879,Gallifa,17,14,3,0,2,-2,2,0,2,3
430640,Gandesa,52,38,14,16,9,7,112,2,110,131
430653,Garcia,17,19,-2,1,0,1,3,0,3,2
430666,"Garidells, els",11,4,7,0,0,0,0,0,0,7
080885,"Garriga, la",504,461,43,60,41,19,6,5,1,63
170754,Garrigàs,12,9,3,1,0,1,0,0,0,4
170767,Garrigoles,3,8,-5,0,5,-5,0,0,0,-10
170773,Garriguella,16,43,-27,8,7,1,13,1,12,-14
080898,Gavà,1943,1648,295,291,309,-18,704,40,664,941
250984,Gavet de la Conca,7,13,-6,0,0,0,0,0,0,-6
080919,Gelida,304,160,144,24,12,12,49,3,46,202
170789,Ger,15,28,-13,0,2,-2,0,0,0,-15
259123,Gimenells i el Pla de la Font,7,23,-16,7,4,3,0,0,0,-13
430672,Ginestar,53,9,44,0,1,-1,15,1,14,57
170792,Girona,3259,2956,303,844,523,321,1900,48,1852,2476
080924,Gironella,99,99,0,24,6,18,85,2,83,101
080930,Gisclareny,2,1,1,0,0,0,0,0,0,1
430688,Godall,11,21,-10,4,2,2,0,0,0,-8
250997,Golmés,53,45,8,4,7,-3,20,1,19,24
170806,Gombrèn,14,7,7,0,0,0,6,0,6,13
251001,Gósol,6,11,-5,1,1,0,2,0,2,-3
080945,"Granada, la",79,41,38,4,4,0,9,1,8,46
251018,"Granadella, la",11,10,1,0,9,-9,3,0,3,-5
080958,Granera,9,3,6,2,0,2,0,0,0,8
251023,"Granja d'Escarp, la",5,29,-24,4,11,-7,1,0,1,-30
080961,Granollers,2257,2557,-300,407,364,43,1305,27,1278,1021
251039,Granyanella,9,2,7,0,2,-2,0,0,0,5
251057,Granyena de les Garrigues,8,4,4,0,2,-2,2,0,2,4
251044,Granyena de Segarra,7,5,2,0,0,0,0,0,0,2
430691,Gratallops,6,6,0,0,0,0,0,0,0,0
080977,Gualba,88,50,38,2,3,-1,23,0,23,60
170813,Gualta,21,26,-5,2,0,2,0,0,0,-3
080996,Guardiola de Berguedà,39,50,-11,1,2,-1,3,0,3,-9
430705,"Guiamets, els",8,5,3,1,0,1,0,0,0,4
170828,Guils de Cerdanya,27,16,11,1,3,-2,5,0,5,14
251095,Guimerà,3,16,-13,1,0,1,1,0,1,-11
259031,"Guingueta d'Àneu, la",34,19,15,2,1,1,7,0,7,23
251109,Guissona,175,138,37,39,40,-1,350,4,346,382
251116,Guixers,23,8,15,0,0,0,0,0,0,15
081000,Gurb,118,80,38,4,3,1,3,1,2,41
430712,Horta de Sant Joan,12,30,-18,4,5,-1,0,1,-1,-20
081017,"Hospitalet de Llobregat, l'",7941,11668,-3727,1613,1785,-172,8147,210,7937,4038
081629,"Hostalets de Pierola, els",157,62,95,15,11,4,38,1,37,136
170834,Hostalric,180,118,62,23,4,19,22,0,22,103
081022,Igualada,1042,932,110,182,181,1,362,22,340,451
251155,Isona i Conca Dellà,29,33,-4,8,2,6,29,2,27,29
170849,Isòvol,7,2,5,1,1,0,0,0,0,5
251137,Ivars d'Urgell,43,51,-8,15,17,-2,0,0,0,-10
251121,Ivars de Noguera,13,5,8,0,2,-2,0,0,0,6
251142,Ivorra,6,10,-4,0,0,0,0,0,0,-4
170852,Jafre,30,10,20,2,0,2,0,0,0,22
170865,"Jonquera, la",63,151,-88,58,49,9,155,3,152,73
081038,Jorba,19,27,-8,0,1,-1,4,0,4,-5
259101,Josa i Tuixén,37,2,35,0,0,0,0,0,0,35
170871,Juià,17,17,0,0,0,0,5,0,5,5
251180,Juncosa,8,14,-6,2,8,-6,6,0,6,-6
251193,Juneda,48,75,-27,7,4,3,106,1,105,81
251214,Les,23,25,-2,14,2,12,1,1,0,10
251229,Linyola,56,71,-15,25,21,4,3,1,2,-9
081043,"Llacuna, la",41,19,22,0,2,-2,12,0,12,32
170887,Lladó,27,13,14,1,3,-2,10,0,10,22
251235,Lladorre,1,6,-5,0,2,-2,0,0,0,-7
251240,Lladurs,7,7,0,0,0,0,0,0,0,0
081056,"Llagosta, la",496,539,-43,97,51,46,297,9,288,291
170890,Llagostera,269,157,112,19,19,0,127,3,124,236
170904,Llambilles,55,32,23,0,7,-7,5,0,5,21
170911,Llanars,22,34,-12,0,0,0,2,0,2,-10
170926,Llançà,155,118,37,17,15,2,41,2,39,78
251253,Llardecans,7,8,-1,6,3,3,1,0,1,3
251266,Llavorsí,31,19,12,1,0,1,0,0,0,13
251207,Lleida,1859,2239,-380,1060,822,238,1989,73,1916,1774
170932,Llers,66,54,12,4,2,2,14,1,13,27
251272,Lles de Cerdanya,0,11,-11,0,0,0,0,0,0,-11
081075,Lliçà d'Amunt,999,523,476,49,34,15,56,2,54,545
081081,Lliçà de Vall,346,256,90,13,17,-4,22,1,21,107
251288,Llimiana,26,4,22,0,0,0,3,0,3,25
081069,Llinars del Vallès,425,339,86,49,27,22,149,3,146,254
170947,Llívia,65,58,7,9,8,1,39,3,36,44
430727,"Lloar, el",3,5,-2,0,0,0,0,0,0,-2
251291,Llobera,1,5,-4,2,0,2,8,0,8,6
430733,Llorac,9,4,5,0,0,0,0,0,0,5
430748,Llorenç del Penedès,145,58,87,13,2,11,9,0,9,107
170950,Lloret de Mar,914,771,143,373,322,51,1489,26,1463,1657
170963,"Llosses, les",16,15,1,1,0,1,0,0,0,2
081094,Lluçà,2,11,-9,0,0,0,0,0,0,-9
171024,Maçanet de Cabrenys,45,28,17,8,3,5,14,1,13,35
171030,Maçanet de la Selva,407,168,239,31,26,5,45,4,41,285
170979,Madremanya,6,11,-5,0,28,-28,0,0,0,-33
170985,Maià de Montcal,27,19,8,1,0,1,8,1,7,16
251333,Maials,13,9,4,4,1,3,0,0,0,7
251305,Maldà,13,15,-2,0,1,-1,0,0,0,-3
081108,Malgrat de Mar,890,535,355,89,84,5,264,11,253,613
081115,Malla,6,6,0,0,0,0,0,1,-1,-1
081120,Manlleu,392,551,-159,115,85,30,378,18,360,231
081136,Manresa,1833,1705,128,375,355,20,1219,33,1186,1334
430764,Marçà,18,37,-19,5,3,2,1,0,1,-16
430751,Margalef,1,5,-4,0,0,0,0,0,0,-4
082423,Marganell,27,16,11,1,0,1,4,0,4,16
081141,Martorell,1118,946,172,237,189,48,4,11,-7,213
081154,Martorelles,219,273,-54,12,26,-14,2,1,1,-67
430770,Mas de Barberans,11,14,-3,1,1,0,5,0,5,2
171002,Masarac,12,6,6,1,0,1,6,0,6,13
430786,Masdenverge,12,28,-16,7,7,0,34,0,34,18
081167,"Masies de Roda, les",28,42,-14,1,1,0,0,2,-2,-16
081173,"Masies de Voltregà, les",99,80,19,2,8,-6,11,1,10,23
430799,Masllorenç,23,12,11,1,0,1,1,0,1,13
081189,"Masnou, el",770,933,-163,114,130,-16,0,23,-23,-202
430803,"Masó, la",13,6,7,1,0,1,2,0,2,10
430810,Maspujols,29,20,9,0,4,-4,0,2,-2,3
081192,Masquefa,657,263,394,34,25,9,51,1,50,453
430825,"Masroig, el",16,11,5,2,1,1,5,0,5,11
251312,Massalcoreig,14,3,11,4,7,-3,2,0,2,10
171019,Massanes,53,55,-2,4,0,4,0,0,0,2
251327,Massoteres,21,20,1,11,2,9,12,1,11,21
081206,Matadepera,378,343,35,14,21,-7,45,3,42,70
081213,Mataró,2629,2476,153,601,751,-150,2087,109,1978,1981
081228,Mediona,176,89,87,14,7,7,0,2,-2,92
251348,Menàrguens,22,26,-4,2,1,1,10,1,9,6
170998,Meranges,3,0,3,0,0,0,0,1,-1,2
171058,Mieres,36,17,19,1,2,-1,1,0,1,19
430831,"Milà, el",7,2,5,0,4,-4,0,2,-2,-1
251351,Miralcamp,38,30,8,7,2,5,13,2,11,24
430846,Miravet,17,24,-7,1,5,-4,4,0,4,-7
081385,Moià,288,123,165,8,6,2,142,2,140,307
430859,"Molar, el",11,8,3,0,1,-1,2,0,2,4
081234,Molins de Rei,1176,606,570,79,101,-22,214,7,207,755
251370,Mollerussa,431,384,47,90,58,32,234,6,228,307
171061,Mollet de Peralada,8,9,-1,0,2,-2,0,0,0,-3
081249,Mollet del Vallès,1857,2076,-219,382,348,34,15,18,-3,-188
171077,Molló,6,5,1,0,0,0,0,0,0,1
251364,"Molsosa, la",0,3,-3,0,0,0,0,0,0,-3
081287,Monistrol de Calders,23,21,2,0,1,-1,2,0,2,3
081271,Monistrol de Montserrat,87,107,-20,7,8,-1,2,0,2,-19
171096,Montagut i Oix,39,31,8,5,3,2,7,0,7,17
430862,Montblanc,156,144,12,65,25,40,88,3,85,137
430884,Montbrió del Camp,48,60,-12,11,6,5,18,2,16,9
081252,Montcada i Reixac,1208,1129,79,165,170,-5,492,6,486,560
081304,Montclar,4,1,3,0,0,0,0,0,0,3
251399,Montellà i Martinet,17,20,-3,3,3,0,2,3,-1,-4
081311,Montesquiu,30,38,-8,4,1,3,10,0,10,5
251403,Montferrer i Castellbò,38,13,25,4,3,1,3,6,-3,23
430897,Montferri,0,8,-8,0,0,0,0,1,-1,-9
251386,Montgai,22,9,13,3,0,3,3,0,3,19
081265,Montgat,422,440,-18,37,37,0,65,5,60,42
081326,Montmajor,20,27,-7,1,0,1,2,0,2,-4
081332,Montmaneu,16,4,12,0,1,-1,0,0,0,11
430901,"Montmell, el",93,49,44,5,4,1,3,1,2,47
081350,Montmeló,305,382,-77,35,50,-15,0,1,-1,-93
251425,Montoliu de Lleida,21,7,14,2,2,0,0,0,0,14
251410,Montoliu de Segarra,21,2,19,0,0,0,0,0,0,19
251431,Montornès de Segarra,3,2,1,0,1,-1,0,0,0,0
081363,Montornès del Vallès,569,559,10,106,97,9,0,8,-8,11
430918,Mont-ral,24,15,9,1,1,0,0,0,0,9
171100,Mont-ras,105,49,56,2,9,-7,15,1,14,63
430923,Mont-roig del Camp,424,322,102,118,68,50,2,14,-12,140
081379,Montseny,34,12,22,0,0,0,0,0,0,22
430939,Móra d'Ebre,89,96,-7,19,32,-13,53,2,51,31
430944,Móra la Nova,79,109,-30,22,16,6,0,1,-1,-25
430957,"Morell, el",124,96,28,21,13,8,23,3,20,56
430960,"Morera de Montsant, la",21,8,13,0,0,0,6,0,6,19
081290,Muntanyola,29,17,12,0,0,0,1,1,0,12
081398,Mura,19,8,11,0,0,0,0,0,0,11
251459,Nalec,0,2,-2,0,0,0,0,0,0,-2
250254,Naut Aran,74,44,30,46,24,22,0,0,0,52
081402,Navarcles,124,125,-1,11,8,3,45,2,43,45
081419,Navàs,150,146,4,14,11,3,30,1,29,36
171117,Navata,59,34,25,5,3,2,13,1,12,39
251462,Navès,6,3,3,0,0,0,0,0,0,3
081424,"Nou de Berguedà, la",3,7,-4,0,0,0,2,0,2,-2
430976,"Nou de Gaià, la",13,20,-7,3,1,2,3,0,3,-2
430982,Nulles,14,13,1,1,2,-1,0,0,0,0
251484,Odèn,5,3,2,0,1,-1,0,0,0,1
081430,Òdena,104,110,-6,7,9,-2,10,0,10,2
171122,Ogassa,13,14,-1,3,0,3,0,0,0,2
081458,Olèrdola,192,113,79,4,8,-4,24,1,23,98
081461,Olesa de Bonesvalls,168,82,86,0,22,-22,16,0,16,80
081477,Olesa de Montserrat,961,531,430,112,95,17,181,6,175,622
251497,Oliana,33,49,-16,9,10,-1,24,2,22,5
251500,Oliola,58,3,55,0,0,0,0,0,0,55
251517,Olius,22,13,9,0,0,0,4,0,4,13
081483,Olivella,234,113,121,15,6,9,42,1,41,171
081496,Olost,41,24,17,0,0,0,7,0,7,24
171143,Olot,761,613,148,185,122,63,215,17,198,409
251522,"Oluges, les",6,4,2,0,0,0,0,0,0,2
081445,Olvan,44,27,17,0,0,0,6,0,6,23
251538,"Omellons, els",9,5,4,0,0,0,0,1,-1,3
251543,"Omells de na Gaia, els",3,1,2,0,0,0,2,0,2,4
171156,Ordis,8,2,6,2,1,1,1,0,1,8
251556,Organyà,22,27,-5,4,3,1,7,4,3,-1
081509,Orís,7,9,-2,0,0,0,3,0,3,1
081516,Oristà,12,19,-7,0,0,0,3,0,3,-4
081521,Orpí,10,6,4,0,1,-1,2,0,2,5
081537,Òrrius,0,20,-20,0,0,0,0,1,-1,-21
251569,Os de Balaguer,50,11,39,0,1,-1,0,0,0,38
171169,Osor,39,10,29,0,0,0,0,0,0,29
251575,Ossó de Sió,7,1,6,0,0,0,0,0,0,6
081542,Pacs del Penedès,28,40,-12,3,0,3,5,4,1,-8
081555,Palafolls,522,278,244,25,29,-4,47,3,44,284
171175,Palafrugell,617,590,27,132,109,23,479,15,464,514
171181,Palamós,597,630,-33,125,107,18,343,7,336,321
251581,"Palau d'Anglesola, el",47,33,14,8,1,7,5,0,5,26
171194,Palau de Santa Eulàlia,7,3,4,0,0,0,0,0,0,4
171215,Palau-sator,8,9,-1,0,2,-2,1,0,1,-2
171208,Palau-saverdera,109,42,67,9,5,4,34,0,34,105
081568,Palau-solità i Plegamans,622,507,115,41,49,-8,133,6,127,234
431009,"Pallaresos, els",182,185,-3,14,13,1,9,3,6,4
081574,Pallejà,622,322,300,53,42,11,95,5,90,401
430995,"Palma d'Ebre, la",11,9,2,0,1,-1,0,0,0,1
089058,"Palma de Cervelló, la",198,143,55,11,11,0,23,3,20,75
171236,Palol de Revardit,33,3,30,0,2,-2,0,0,0,28
171241,Pals,83,99,-16,14,9,5,101,3,98,87
081580,"Papiol, el",144,152,-8,10,14,-4,4,3,1,-11
171254,Pardines,9,6,3,1,0,1,0,0,0,4
081593,Parets del Vallès,771,695,76,74,54,20,216,7,209,305
171267,Parlavà,10,16,-6,0,4,-4,0,0,0,-10
431016,Passanant i Belltall,32,20,12,1,2,-1,11,0,11,22
171289,Pau,23,23,0,2,3,-1,7,0,7,6
431021,Paüls,2,3,-1,4,1,3,0,0,0,2
171292,Pedret i Marzà,5,5,0,1,0,1,1,0,1,2
251641,Penelles,10,6,4,1,1,0,5,1,4,8
171306,"Pera, la",17,9,8,2,5,-3,1,0,1,6
081607,Perafita,11,29,-18,3,1,2,12,0,12,-4
431037,Perafort,61,31,30,2,6,-4,2,1,1,27
171328,Peralada,76,46,30,3,1,2,18,1,17,49
251654,Peramola,8,6,2,0,0,0,11,1,10,12
431042,"Perelló, el",38,48,-10,6,7,-1,0,0,0,-11
081614,Piera,969,425,544,50,74,-24,32,1,31,551
431055,"Piles, les",7,13,-6,0,2,-2,1,0,1,-7
081635,Pineda de Mar,1387,1019,368,200,205,-5,458,23,435,798
431068,"Pinell de Brai, el",8,20,-12,2,3,-1,13,0,13,0
251667,Pinell de Solsonès,2,4,-2,0,0,0,0,0,0,-2
251673,Pinós,11,14,-3,0,0,0,0,0,0,-3
431074,Pira,14,11,3,2,1,1,0,0,0,4
431080,"Pla de Santa Maria, el",109,78,31,9,3,6,12,0,12,49
081640,"Pla del Penedès, el",36,45,-9,3,4,-1,4,0,4,-6
171334,"Planes d'Hostoles, les",23,39,-16,1,2,-1,2,1,1,-16
171349,Planoles,25,17,8,0,2,-2,5,1,4,10
259118,"Plans de Sió, els",12,8,4,0,0,0,0,0,0,4
251689,"Poal, el",15,12,3,3,2,1,0,0,0,4
251692,"Pobla de Cérvoles, la",17,3,14,0,0,0,0,0,0,14
081653,"Pobla de Claramunt, la",77,72,5,11,4,7,45,1,44,56
081666,"Pobla de Lillet, la",28,32,-4,0,2,-2,1,0,1,-5
431093,"Pobla de Mafumet, la",67,24,43,24,4,20,1,0,1,64
431107,"Pobla de Massaluca, la",5,12,-7,1,2,-1,8,0,8,0
431114,"Pobla de Montornès, la",185,106,79,4,2,2,2,2,0,81
251713,"Pobla de Segur, la",110,95,15,26,16,10,60,1,59,84
431129,Poboleda,8,10,-2,1,0,1,4,0,4,3
081672,Polinyà,408,216,192,24,36,-12,44,0,44,224
431135,"Pont d'Armentera, el",27,20,7,6,3,3,4,0,4,14
250306,"Pont de Bar, el",5,4,1,0,4,-4,0,0,0,-3
171352,Pont de Molins,30,20,10,4,1,3,2,1,1,14
251734,"Pont de Suert, el",59,83,-24,29,19,10,38,1,37,23
081825,"Pont de Vilomara i Rocafort, el",154,98,56,4,6,-2,32,1,31,85
431418,Pontils,6,7,-1,0,4,-4,0,0,0,-5
081688,Pontons,55,26,29,1,1,0,13,0,13,42
171365,Pontós,6,8,-2,0,0,0,3,0,3,1
251728,Ponts,64,88,-24,15,23,-8,0,1,-1,-33
171371,Porqueres,142,124,18,5,9,-4,5,1,4,18
431140,Porrera,13,6,7,0,1,-1,1,4,-3,3
171404,"Port de la Selva, el",53,46,7,5,8,-3,5,1,4,8
171387,Portbou,29,46,-17,7,9,-2,24,1,23,4
251749,"Portella, la",21,18,3,1,2,-1,10,0,10,12
431153,Pradell de la Teixeta,7,4,3,0,0,0,0,0,0,3
431166,Prades,24,18,6,2,3,-1,6,0,6,11
431172,Prat de Comte,14,6,8,0,1,-1,0,0,0,7
081691,"Prat de Llobregat, el",1083,1798,-715,359,404,-45,58,39,19,-741
431188,Pratdip,37,21,16,1,3,-2,0,1,-1,13
081712,Prats de Lluçanès,45,67,-22,2,4,-2,0,1,-1,-25
081705,"Prats de Rei, els",14,29,-15,4,0,4,0,0,0,-11
251752,Prats i Sansor,7,16,-9,0,0,0,0,0,0,-9
251765,Preixana,8,9,-1,0,0,0,0,0,0,-1
251771,Preixens,22,15,7,0,1,-1,1,0,1,7
082303,Premià de Dalt,541,504,37,33,32,1,129,9,120,158
081727,Premià de Mar,1001,1371,-370,172,169,3,482,36,446,79
171390,"Preses, les",100,49,51,1,3,-2,13,4,9,58
251790,Prullans,22,20,2,1,1,0,0,0,0,2
171411,Puigcerdà,278,267,11,96,98,-2,283,21,262,271
081748,Puigdàlber,37,8,29,1,0,1,0,0,0,30
251804,Puiggròs,3,2,1,0,0,0,0,0,0,1
431191,Puigpelat,163,39,124,7,1,6,8,0,8,138
081751,Puig-reig,87,96,-9,8,11,-3,21,2,19,7
251811,Puigverd d'Agramunt,12,14,-2,0,0,0,5,0,5,3
251826,Puigverd de Lleida,49,41,8,5,4,1,1,2,-1,8
081764,Pujalt,3,3,0,0,0,0,1,0,1,1
081770,"Quar, la",3,9,-6,0,0,0,0,0,0,-6
171426,Quart,114,98,16,15,3,12,18,0,18,46
170433,Queralbs,3,8,-5,0,0,0,0,0,0,-5
431205,Querol,45,22,23,0,6,-6,3,0,3,20
171432,Rabós,4,10,-6,0,0,0,7,0,7,1
081786,Rajadell,24,40,-16,0,1,-1,3,0,3,-14
431212,Rasquera,12,13,-1,1,2,-1,0,0,0,-2
171447,Regencós,8,13,-5,0,0,0,7,0,7,2
081799,Rellinars,161,34,127,1,0,1,2,0,2,130
431227,Renau,20,6,14,2,0,2,0,0,0,16
431233,Reus,2208,2315,-107,792,488,304,35,60,-25,172
251832,Rialp,24,40,-16,2,5,-3,0,0,0,-19
431248,"Riba, la",13,27,-14,1,0,1,0,1,-1,-14
431251,Riba-roja d'Ebre,21,35,-14,3,3,0,40,4,36,22
259059,Ribera d'Ondara,20,16,4,0,0,0,1,1,0,4
251850,Ribera d'Urgellet,15,43,-28,2,2,0,7,5,2,-26
171450,Ribes de Freser,55,59,-4,4,2,2,18,0,18,16
171463,Riells i Viabrea,336,116,220,11,11,0,9,2,7,227
431264,"Riera de Gaià, la",102,32,70,18,6,12,11,0,11,93
251863,Riner,3,7,-4,0,0,0,0,0,0,-4
171479,Ripoll,203,282,-79,46,40,6,80,6,74,1
081803,Ripollet,1550,1064,486,175,205,-30,4,24,-20,436
259139,Riu de Cerdanya,6,4,2,0,0,0,0,0,0,2
171485,Riudarenes,72,54,18,1,13,-12,11,3,8,14
171498,Riudaura,21,20,1,1,0,1,0,0,0,2
431270,Riudecanyes,24,24,0,2,5,-3,3,0,3,0
431286,Riudecols,25,41,-16,5,3,2,7,0,7,-7
171501,Riudellots de la Selva,152,67,85,6,1,5,0,0,0,90
431299,Riudoms,171,161,10,22,15,7,111,2,109,126
171518,Riumors,0,6,-6,0,0,0,0,0,0,-6
081810,"Roca del Vallès, la",570,343,227,28,37,-9,50,3,47,265
431303,Rocafort de Queralt,12,3,9,3,0,3,0,0,0,12
431310,Roda de Berà,393,236,157,53,35,18,67,6,61,236
081831,Roda de Ter,133,161,-28,5,10,-5,56,0,56,23
431325,Rodonyà,18,23,-5,3,0,3,8,0,8,6
431331,Roquetes,290,217,73,35,24,11,113,0,113,197
171523,Roses,334,415,-81,155,119,36,581,37,544,499
251898,Rosselló,92,75,17,10,24,-14,31,1,30,33
431346,"Rourell, el",21,3,18,3,0,3,0,0,0,21
081846,Rubí,2224,1808,416,397,480,-83,37,35,2,335
081859,Rubió,8,3,5,0,0,0,0,0,0,5
171539,Rupià,0,13,-13,0,0,0,2,0,2,-11
089019,Rupit i Pruit,5,12,-7,0,1,-1,1,0,1,-7
081878,Sabadell,4273,4382,-109,994,998,-4,2949,192,2757,2644
081884,Sagàs,0,9,-9,0,0,0,0,0,0,-9
251902,Salàs de Pallars,14,18,-4,2,0,2,1,0,1,-1
081901,Saldes,25,18,7,0,0,0,0,2,-2,5
171544,Sales de Llierca,5,3,2,0,0,0,5,0,5,7
081918,Sallent,120,151,-31,41,14,27,42,3,39,35
431359,Salomó,7,15,-8,0,1,-1,0,0,0,-9
439057,Salou,941,774,167,618,318,300,1033,40,993,1460
171557,Salt,1384,1239,145,270,177,93,863,10,853,1091
251919,Sanaüja,8,7,1,0,1,-1,12,0,12,12
081944,Sant Adrià de Besòs,1236,1412,-176,175,148,27,334,10,324,175
081957,Sant Agustí de Lluçanès,4,5,-1,0,0,0,1,0,1,0
081960,Sant Andreu de la Barca,1495,1054,441,163,177,-14,2,18,-16,411
081976,Sant Andreu de Llavaneres,570,371,199,41,44,-3,162,22,140,336
171576,Sant Andreu Salou,7,2,5,0,0,0,0,0,0,5
171833,Sant Aniol de Finestres,22,12,10,0,2,-2,2,0,2,10
081982,Sant Antoni de Vilamajor,349,188,161,18,17,1,19,3,16,178
081995,Sant Bartomeu del Grau,44,52,-8,6,0,6,0,3,-3,-5
082009,Sant Boi de Llobregat,2056,2636,-580,473,477,-4,41,78,-37,-621
082016,Sant Boi de Lluçanès,25,15,10,0,4,-4,7,0,7,13
431362,Sant Carles de la Ràpita,254,205,49,164,118,46,186,18,168,263
082037,Sant Cebrià de Vallalta,211,136,75,4,7,-3,20,0,20,92
082021,Sant Celoni,659,455,204,77,96,-19,202,11,191,376
082042,Sant Climent de Llobregat,175,135,40,9,6,3,0,2,-2,41
171582,Sant Climent Sescebes,21,9,12,0,6,-6,1,0,1,7
082055,Sant Cugat del Vallès,2666,2035,631,450,364,86,1260,159,1101,1818
082068,Sant Cugat Sesgarrigues,60,29,31,3,0,3,11,0,11,45
251961,Sant Esteve de la Sarga,11,3,8,0,2,-2,0,1,-1,5
082074,Sant Esteve de Palautordera,145,82,63,6,3,3,27,4,23,89
082080,Sant Esteve Sesrovires,374,196,178,40,37,3,0,3,-3,178
171595,Sant Feliu de Buixalleu,36,36,0,3,3,0,1,0,1,1
082107,Sant Feliu de Codines,298,246,52,41,29,12,107,7,100,164
171609,Sant Feliu de Guíxols,608,546,62,145,92,53,48,10,38,153
082114,Sant Feliu de Llobregat,1341,1445,-104,239,291,-52,601,24,577,421
171616,Sant Feliu de Pallerols,47,27,20,0,2,-2,4,0,4,22
082129,Sant Feliu Sasserra,13,19,-6,1,1,0,9,3,6,0
171621,Sant Ferriol,6,9,-3,0,1,-1,10,0,10,6
082093,Sant Fost de Campsentelles,405,323,82,18,25,-7,36,8,28,103
082135,Sant Fruitós de Bages,401,182,219,18,14,4,58,2,56,279
171637,Sant Gregori,159,62,97,3,3,0,4,2,2,99
251924,Sant Guim de Freixenet,29,58,-29,2,8,-6,37,0,37,2
251977,Sant Guim de la Plana,5,9,-4,0,2,-2,1,0,1,-5
171642,Sant Hilari Sacalm,89,104,-15,26,13,13,193,3,190,188
082153,Sant Hipòlit de Voltregà,84,76,8,2,5,-3,27,3,24,29
081939,Sant Iscle de Vallalta,72,44,28,0,1,-1,6,0,6,33
439023,Sant Jaume d'Enveja,54,69,-15,10,10,0,23,0,23,8
082166,Sant Jaume de Frontanyà,1,0,1,0,0,0,0,0,0,1
171655,Sant Jaume de Llierca,30,24,6,1,1,0,0,0,0,6
431378,Sant Jaume dels Domenys,144,75,69,8,8,0,1,3,-2,67
171674,Sant Joan de les Abadesses,75,81,-6,7,21,-14,19,2,17,-3
171680,Sant Joan de Mollet,16,11,5,0,1,-1,0,0,0,4
082188,Sant Joan de Vilatorrada,361,273,88,26,33,-7,81,1,80,161
082172,Sant Joan Despí,1639,1256,383,177,149,28,281,20,261,672
171851,Sant Joan les Fonts,106,94,12,7,7,0,2,1,1,13
171668,Sant Jordi Desvalls,13,34,-21,1,1,0,5,0,5,-16
089030,Sant Julià de Cerdanyola,11,7,4,0,0,0,0,0,0,4
171693,Sant Julià de Ramis,147,95,52,10,6,4,11,5,6,62
082205,Sant Julià de Vilatorta,152,81,71,2,2,0,18,0,18,89
179032,Sant Julià del Llor i Bonmatí,45,18,27,2,1,1,0,0,0,28
082212,Sant Just Desvern,676,620,56,65,57,8,214,18,196,260
082227,Sant Llorenç d'Hortons,123,73,50,6,12,-6,18,1,17,61
171714,Sant Llorenç de la Muga,5,4,1,0,0,0,0,0,0,1
251930,Sant Llorenç de Morunys,37,36,1,2,0,2,12,0,12,15
082233,Sant Llorenç Savall,122,78,44,10,4,6,19,0,19,69
082251,Sant Martí d'Albars,0,6,-6,0,4,-4,0,0,0,-10
082248,Sant Martí de Centelles,77,41,36,4,3,1,12,0,12,49
171729,Sant Martí de Llémena,36,17,19,1,0,1,5,2,3,23
259025,Sant Martí de Riucorb,14,15,-1,1,0,1,0,1,-1,-1
082264,Sant Martí de Tous,47,23,24,0,6,-6,1,0,1,19
082270,Sant Martí Sarroca,109,105,4,4,8,-4,35,3,32,32
082286,Sant Martí Sesgueioles,6,13,-7,0,0,0,1,1,0,-7
171735,Sant Martí Vell,0,12,-12,0,0,0,0,0,0,-12
082299,Sant Mateu de Bages,16,25,-9,0,0,0,0,0,0,-9
171740,Sant Miquel de Campmajor,21,13,8,1,1,0,4,0,4,12
171753,Sant Miquel de Fluvià,35,28,7,5,0,5,9,2,7,19
171766,Sant Mori,17,12,5,0,1,-1,4,0,4,8
171772,Sant Pau de Segúries,20,11,9,1,2,-1,0,1,-1,7
082310,Sant Pere de Ribes,1203,1071,132,158,155,3,543,35,508,643
082325,Sant Pere de Riudebitlles,52,63,-11,5,7,-2,9,0,9,-4
082331,Sant Pere de Torelló,63,58,5,4,5,-1,32,1,31,35
082346,Sant Pere de Vilamajor,270,226,44,15,5,10,20,0,20,74
171788,Sant Pere Pescador,50,69,-19,2,10,-8,1,0,1,-26
081897,Sant Pere Sallavinera,5,3,2,3,0,3,1,1,0,5
082359,Sant Pol de Mar,313,173,140,21,25,-4,77,7,70,206
082362,Sant Quintí de Mediona,86,66,20,15,8,7,35,6,29,56
082378,Sant Quirze de Besora,49,60,-11,5,3,2,10,2,8,-1
082384,Sant Quirze del Vallès,1058,525,533,59,71,-12,109,10,99,620
082397,Sant Quirze Safaja,44,38,6,4,4,0,2,0,2,8
251945,Sant Ramon,24,13,11,2,3,-1,0,1,-1,9
082401,Sant Sadurní d'Anoia,554,183,371,59,64,-5,104,4,100,466
082418,Sant Sadurní d'Osormort,12,9,3,0,1,-1,1,0,1,3
080983,Sant Salvador de Guardiola,232,113,119,3,6,-3,34,1,33,149
082628,Sant Vicenç de Castellet,334,224,110,29,28,1,3,10,-7,104
082649,Sant Vicenç de Montalt,383,218,165,22,15,7,63,7,56,228
082652,Sant Vicenç de Torelló,83,62,21,3,6,-3,16,2,14,32
082634,Sant Vicenç dels Horts,1048,889,159,127,147,-20,106,12,94,233
431384,Santa Bàrbara,93,71,22,16,31,-15,1,1,0,7
082439,Santa Cecília de Voltregà,3,7,-4,0,0,0,0,0,0,-4
082444,Santa Coloma de Cervelló,653,209,444,21,31,-10,46,2,44,478
171805,Santa Coloma de Farners,330,278,52,34,29,5,6,6,0,57
082457,Santa Coloma de Gramenet,3446,5293,-1847,730,903,-173,56,100,-44,-2064
431397,Santa Coloma de Queralt,78,79,-1,11,20,-9,1,2,-1,-11
171812,Santa Cristina d'Aro,356,169,187,21,12,9,92,4,88,284
082460,Santa Eugènia de Berga,64,79,-15,4,0,4,19,1,18,7
082476,Santa Eulàlia de Riuprimer,23,23,0,0,4,-4,1,4,-3,-7
082482,Santa Eulàlia de Ronçana,370,217,153,14,22,-8,52,0,52,197
082495,Santa Fe del Penedès,20,14,6,2,1,1,2,0,2,9
171827,Santa Llogaia d'Àlguema,17,15,2,0,0,0,6,0,6,8
082508,Santa Margarida de Montbui,300,321,-21,48,34,14,58,4,54,47
082515,Santa Margarida i els Monjos,350,210,140,40,26,14,6,2,4,158
082589,Santa Maria d'Oló,42,25,17,4,0,4,6,1,5,26
082536,Santa Maria de Besora,19,12,7,0,0,0,2,0,2,9
082567,Santa Maria de Martorelles,45,26,19,1,1,0,0,0,0,19
082554,Santa Maria de Merlès,6,4,2,0,0,0,0,0,0,2
082573,Santa Maria de Miralles,8,6,2,0,0,0,1,0,1,3
082592,Santa Maria de Palautordera,501,226,275,30,32,-2,4,3,1,274
431401,Santa Oliva,242,141,101,17,17,0,35,1,34,135
171848,Santa Pau,35,40,-5,3,6,-3,2,0,2,-6
082606,Santa Perpètua de Mogoda,1092,950,142,87,124,-37,128,14,114,219
082613,Santa Susanna,250,136,114,23,16,7,43,1,42,163
081923,Santpedor,248,128,120,3,24,-21,13,1,12,111
431423,Sarral,49,46,3,2,6,-4,42,0,42,41
171864,Sarrià de Ter,238,102,136,9,12,-3,16,2,14,147
252017,Sarroca de Bellera,6,4,2,1,0,1,0,0,0,3
252000,Sarroca de Lleida,0,9,-9,0,0,0,1,0,1,-8
171870,"Saus, Camallera i Llampaies",28,46,-18,1,0,1,18,0,18,1
431439,Savallà del Comtat,12,5,7,0,0,0,0,1,-1,6
431444,"Secuita, la",34,68,-34,8,3,5,7,3,4,-25
171886,"Selva de Mar, la",12,15,-3,3,0,3,2,0,2,2
431457,"Selva del Camp, la",168,92,76,18,5,13,0,4,-4,85
431460,Senan,2,0,2,0,0,0,0,0,0,2
430445,"Sénia, la",56,90,-34,102,123,-21,277,31,246,191
252022,Senterada,7,8,-1,1,0,1,0,0,0,0
250352,"Sentiu de Sió, la",21,12,9,0,0,0,0,1,-1,8
082671,Sentmenat,416,194,222,25,12,13,71,1,70,305
171903,Serinyà,50,29,21,3,4,-1,11,0,11,31
252043,Seròs,22,20,2,25,17,8,15,0,15,25
171910,Serra de Daró,11,17,-6,1,0,1,5,1,4,-1
171925,Setcases,14,6,8,1,0,1,3,0,3,12
252038,"Seu d'Urgell, la",313,253,60,225,159,66,47,41,6,132
082690,Seva,167,87,80,7,6,1,16,1,15,96
252056,Sidamon,62,12,50,64,23,41,1,0,1,92
171931,Sils,272,143,129,23,18,5,19,2,17,151
082704,Sitges,1224,937,287,229,161,68,51,54,-3,352
170524,Siurana,2,12,-10,0,1,-1,0,0,0,-11
082711,Sobremunt,2,4,-2,0,0,0,1,1,0,-2
252069,"Soleràs, el",6,17,-11,1,7,-6,9,1,8,-9
431476,Solivella,0,27,-27,0,0,0,0,2,-2,-29
252075,Solsona,240,130,110,38,20,18,150,4,146,274
082726,Sora,17,7,10,0,1,-1,1,0,1,10
252081,Soriguera,24,21,3,0,1,-1,5,5,0,2
252094,Sort,91,81,10,9,13,-4,49,3,46,52
252108,Soses,20,30,-10,11,10,1,36,0,36,27
082732,Subirats,129,93,36,7,3,4,12,0,12,52
252115,Sudanell,32,8,24,2,5,-3,5,0,5,26
252120,Sunyer,6,1,5,1,1,0,0,0,0,5
082747,Súria,111,117,-6,28,21,7,50,3,47,48
171946,Susqueda,14,6,8,0,0,0,0,0,0,8
082763,Tagamanent,22,13,9,4,0,4,2,0,2,15
082779,Talamanca,14,8,6,0,2,-2,3,0,3,7
252154,Talarn,13,8,5,4,9,-5,1,0,1,1
252167,Talavera,7,6,1,0,0,0,0,0,0,1
171959,"Tallada d'Empordà, la",17,20,-3,0,4,-4,8,0,8,1
082785,Taradell,232,162,70,14,10,4,55,0,55,129
431482,Tarragona,2343,2263,80,1153,807,346,93,85,8,434
252173,Tàrrega,463,465,-2,137,89,48,295,13,282,328
252189,Tarrés,1,4,-3,0,0,0,0,0,0,-3
252192,Tarroja de Segarra,1,6,-5,1,0,1,0,0,0,-4
082750,Tavèrnoles,7,3,4,1,0,1,0,0,0,5
082802,Tavertet,12,13,-1,0,1,-1,9,0,9,7
082819,Teià,236,210,26,17,15,2,35,2,33,61
252206,Térmens,16,40,-24,1,8,-7,4,0,4,-27
171962,Terrades,0,2,-2,0,0,0,0,0,0,-2
082798,Terrassa,4974,3702,1272,1041,978,63,236,145,91,1426
082824,Tiana,504,255,249,12,14,-2,35,5,30,277
252213,Tírvia,5,1,4,8,0,8,1,1,0,12
252228,Tiurana,0,2,-2,0,0,0,0,0,0,-2
431495,Tivenys,4,14,-10,0,0,0,7,1,6,-4
431508,Tivissa,32,38,-6,3,4,-1,32,1,31,24
082830,Tona,383,169,214,24,20,4,81,7,74,292
252234,Torà,34,53,-19,4,14,-10,33,0,33,4
082845,Tordera,821,389,432,58,42,16,11,14,-3,445
082858,Torelló,273,335,-62,27,35,-8,163,11,152,82
252249,"Torms, els",1,10,-9,0,0,0,3,0,3,-6
252252,Tornabous,30,31,-1,2,2,0,24,3,21,20
252271,"Torre de Cabdella, la",22,7,15,0,1,-1,1,2,-1,13
082861,"Torre de Claramunt, la",297,119,178,7,6,1,11,2,9,188
431515,"Torre de Fontaubella, la",14,10,4,2,0,2,0,0,0,6
431520,"Torre de l'Espanyol, la",14,24,-10,1,7,-6,0,0,0,-16
252265,Torrebesses,1,9,-8,0,0,0,0,0,0,-8
431536,Torredembarra,733,549,184,130,93,37,324,15,309,530
252287,Torrefarrera,166,39,127,14,14,0,0,0,0,127
259078,Torrefeta i Florejacs,19,26,-7,2,1,1,0,0,0,-6
252304,Torregrossa,49,45,4,18,9,9,31,1,30,43
252311,Torrelameu,14,36,-22,3,2,1,0,0,0,-21
082877,Torrelavit,29,38,-9,4,1,3,11,1,10,4
082883,Torrelles de Foix,174,103,71,7,8,-1,17,3,14,84
082896,Torrelles de Llobregat,313,156,157,19,26,-7,0,3,-3,147
171978,Torrent,2,14,-12,1,1,0,4,0,4,-8
252326,Torres de Segre,28,50,-22,14,8,6,1,0,1,-15
252332,Torre-serona,12,9,3,2,3,-1,5,0,5,7
171984,Torroella de Fluvià,26,22,4,2,1,1,20,1,19,24
171997,Torroella de Montgrí,312,318,-6,78,64,14,264,10,254,262
431541,Torroja del Priorat,12,3,9,2,0,2,0,0,0,11
172001,Tortellà,19,23,-4,0,0,0,5,1,4,0
431554,Tortosa,683,625,58,281,226,55,849,19,830,943
172018,Toses,20,12,8,0,0,0,2,0,2,10
172023,Tossa de Mar,134,110,24,51,59,-8,3,4,-1,15
252347,Tremp,153,135,18,86,48,38,66,2,64,120
172044,Ullà,92,67,25,23,11,12,19,1,18,55
082900,Ullastrell,120,50,70,7,21,-14,5,0,5,61
172057,Ullastret,4,7,-3,0,0,0,0,0,0,-3
431567,Ulldecona,71,145,-74,93,114,-21,1,2,-1,-96
431573,Ulldemolins,27,13,14,0,0,0,0,1,-1,13
172039,Ultramort,3,8,-5,0,0,0,1,0,1,-4
172060,Urús,8,3,5,0,1,-1,3,0,3,7
082917,Vacarisses,448,191,257,17,21,-4,27,3,24,277
170144,"Vajol, la",2,7,-5,1,0,1,1,0,1,-3
172076,"Vall d'en Bas, la",98,65,33,4,5,-1,5,3,2,34
172082,"Vall de Bianya, la",68,62,6,2,5,-3,5,3,2,5
250432,"Vall de Boí, la",54,28,26,13,2,11,3,0,3,40
259010,Vall de Cardós,9,18,-9,2,4,-2,5,0,5,-6
082922,Vallbona d'Anoia,64,33,31,4,9,-5,15,0,15,41
252385,Vallbona de les Monges,8,8,0,0,0,0,0,0,0,0
082938,Vallcebre,21,6,15,0,4,-4,1,0,1,12
431589,Vallclara,6,5,1,0,0,0,1,1,0,1
252402,Vallfogona de Balaguer,41,42,-1,0,0,0,10,2,8,7
171707,Vallfogona de Ripollès,10,10,0,0,0,0,0,0,0,0
431592,Vallfogona de Riucorb,24,10,14,2,0,2,3,0,3,19
082943,Vallgorguina,172,74,98,5,8,-3,14,0,14,109
082956,Vallirana,890,393,497,53,79,-26,88,7,81,552
172095,Vall-llobrega,121,28,93,0,0,0,5,0,5,98
431606,Vallmoll,79,50,29,4,5,-1,10,1,9,37
082969,Vallromanes,126,68,58,4,2,2,14,3,11,71
431613,Valls,667,578,89,146,126,20,322,6,316,425
259062,"Valls d'Aguilar, les",25,12,13,0,0,0,2,0,2,15
252398,"Valls de Valira, les",28,25,3,6,4,2,13,8,5,10
431628,Vandellòs i l'Hospitalet de l'Infant,115,176,-61,55,33,22,0,3,-3,-42
259097,"Vansa i Fórnols, la",17,2,15,0,0,0,1,1,0,15
082975,Veciana,15,6,9,0,0,0,0,0,0,9
431634,"Vendrell, el",1909,1098,811,256,190,66,504,20,484,1361
172109,Ventalló,37,41,-4,4,2,2,5,0,5,3
252424,Verdú,108,44,64,3,8,-5,13,1,12,71
172116,Verges,35,35,0,1,2,-1,0,1,-1,-2
431649,Vespella de Gaià,37,25,12,0,0,0,9,1,8,20
082981,Vic,1213,1083,130,321,174,147,11,39,-28,249
172121,Vidrà,2,11,-9,0,0,0,3,0,3,-6
172137,Vidreres,398,222,176,39,35,4,89,11,78,258
252430,Vielha e Mijaran,205,159,46,161,153,8,133,5,128,182
431652,Vilabella,15,27,-12,4,1,3,0,0,0,-9
172142,Vilabertran,25,37,-12,2,2,0,4,1,3,-9
172155,Vilablareix,73,81,-8,11,6,5,8,1,7,4
082994,Vilada,4,11,-7,0,2,-2,0,0,0,-9
172174,Viladamat,11,14,-3,6,1,5,5,0,5,7
172168,Viladasens,0,4,-4,0,0,0,0,0,0,-4
083015,Viladecans,2365,2238,127,312,426,-114,11,23,-12,1
083008,Viladecavalls,402,266,136,8,16,-8,24,4,20,148
172180,Vilademuls,56,36,20,1,1,0,0,0,0,20
172207,Viladrau,58,45,13,7,0,7,21,0,21,41
172214,Vilafant,266,220,46,25,10,15,0,7,-7,54
083054,Vilafranca del Penedès,1405,1016,389,245,207,38,769,22,747,1174
252445,Vilagrassa,27,20,7,4,1,3,2,0,2,12
172235,Vilajuïga,64,60,4,0,3,-3,12,0,12,13
431750,Vilalba dels Arcs,11,10,1,0,1,-1,5,0,5,5
083067,Vilalba Sasserra,56,39,17,9,7,2,9,0,9,28
252458,Vilaller,7,15,-8,13,15,-2,7,1,6,-4
172240,Vilallonga de Ter,26,10,16,0,0,0,5,0,5,21
431665,Vilallonga del Camp,53,50,3,6,1,5,32,0,32,40
172253,Vilamacolum,17,13,4,1,1,0,4,0,4,8
172266,Vilamalla,55,59,-4,1,1,0,13,0,13,9
172272,Vilamaniscle,8,4,4,0,0,0,5,1,4,8
252477,Vilamòs,15,9,6,4,2,2,0,0,0,8
172288,Vilanant,28,11,17,0,0,0,7,0,7,24
431671,Vilanova d'Escornalbou,19,9,10,1,1,0,0,0,0,10
252483,Vilanova de Bellpuig,33,16,17,1,3,-2,0,0,0,15
252496,Vilanova de l'Aguda,1,5,-4,0,0,0,0,1,-1,-5
252542,Vilanova de la Barca,31,23,8,1,3,-2,0,1,-1,5
252509,Vilanova de Meià,6,16,-10,1,5,-4,6,0,6,-8
431687,Vilanova de Prades,11,4,7,0,0,0,0,0,0,7
083036,Vilanova de Sau,15,7,8,0,0,0,0,1,-1,7
252516,Vilanova de Segrià,15,24,-9,1,6,-5,0,2,-2,-16
083020,Vilanova del Camí,440,320,120,56,63,-7,15,4,11,124
089024,Vilanova del Vallès,311,127,184,5,6,-1,17,2,15,198
083073,Vilanova i la Geltrú,2135,1541,594,423,386,37,70,69,1,632
431690,Vilaplana,7,46,-39,1,1,0,22,0,22,-17
431704,Vila-rodona,55,40,15,3,3,0,13,1,12,27
172305,Vila-sacra,47,30,17,5,3,2,7,0,7,26
252521,Vila-sana,21,12,9,11,5,6,10,0,10,25
431711,Vila-seca,662,486,176,310,137,173,326,22,304,653
082140,Vilassar de Dalt,326,258,68,23,51,-28,43,8,35,75
082191,Vilassar de Mar,915,862,53,94,93,1,141,27,114,168
172229,Vilaür,13,3,10,2,3,-1,4,0,4,13
431726,Vilaverd,18,13,5,3,0,3,9,0,9,17
431732,"Vilella Alta, la",0,2,-2,0,0,0,0,0,0,-2
431747,"Vilella Baixa, la",17,5,12,0,0,0,10,0,10,22
172333,Vilobí d'Onyar,138,87,51,9,4,5,54,3,51,107
083041,Vilobí del Penedès,47,28,19,4,1,3,6,0,6,28
172327,Vilopriu,3,5,-2,1,0,1,2,0,2,1
252537,"Vilosell, el",47,11,36,1,1,0,1,1,0,36
431763,Vimbodí i Poblet,32,22,10,5,0,5,6,0,6,21
252555,Vinaixa,16,16,0,2,1,1,2,1,1,2
431779,Vinebre,23,6,17,4,0,4,4,0,4,25
431785,Vinyols i els Arcs,76,115,-39,26,14,12,48,0,48,21
083089,Viver i Serrateix,7,12,-5,0,0,0,2,0,2,-3
430521,Xerta,26,29,-3,9,8,1,30,0,30,28

