Codi,Literal,Migracions internes  amb la resta de Catalunya  immigracions,Migracions internes  amb la resta de Catalunya  emigracions,Migracions internes  amb la resta de Catalunya  saldo migratori,Migracions internes  amb la resta d'Espanya  immigracions,Migracions internes  amb la resta d'Espanya  emigracions,Migracions internes  amb la resta d'Espanya  saldo migratori,Migracions externes  immigracions,Migracions externes  emigracions,Migracions externes  saldo migratori,Saldo migratori total
250019,Abella de la Conca,8,5,3,3,5,-2,4,0,4,5
080018,Abrera,462,399,63,75,65,10,120,32,88,161
250024,Àger,19,14,5,4,3,1,7,3,4,10
250030,Agramunt,126,151,-25,29,38,-9,92,37,55,21
080023,Aguilar de Segarra,18,4,14,0,1,-1,0,0,0,13
170010,Agullana,39,45,-6,1,11,-10,27,4,23,7
080142,Aiguafreda,128,100,28,5,14,-9,21,0,21,40
430017,Aiguamúrcia,73,53,20,2,4,-2,5,0,5,23
170025,Aiguaviva,57,27,30,0,2,-2,4,3,1,29
250387,Aitona,53,67,-14,59,45,14,82,5,77,77
250045,"Alamús, els",37,18,19,4,3,1,10,5,5,25
250058,Alàs i Cerc,5,7,-2,3,1,2,2,4,-2,-2
250061,"Albagés, l'",10,14,-4,3,1,2,7,1,6,4
170031,Albanyà,13,3,10,0,0,0,2,0,2,12
250077,Albatàrrec,119,81,38,17,15,2,68,5,63,103
250083,Albesa,49,39,10,8,5,3,43,3,40,53
250096,"Albi, l'",19,21,-2,1,7,-6,4,2,2,-6
430022,Albinyana,115,124,-9,7,15,-8,7,6,1,-16
430038,"Albiol, l'",21,26,-5,0,0,0,0,0,0,-5
170046,Albons,44,33,11,5,5,0,12,2,10,21
430043,Alcanar,199,244,-45,142,184,-42,218,121,97,10
250100,Alcanó,9,9,0,0,1,-1,0,0,0,-1
250117,Alcarràs,496,281,215,120,80,40,185,25,160,415
250122,Alcoletge,151,93,58,31,22,9,48,12,36,103
430056,Alcover,202,114,88,36,25,11,57,33,24,123
439044,"Aldea, l'",156,132,24,36,34,2,112,4,108,134
430069,Aldover,43,13,30,3,4,-1,9,0,9,38
430075,"Aleixar, l'",29,23,6,6,3,3,3,0,3,12
080039,Alella,476,385,91,33,47,-14,118,42,76,153
430081,Alfara de Carles,18,15,3,3,0,3,5,1,4,10
250138,Alfarràs,65,83,-18,26,51,-25,40,22,18,-25
250143,Alfés,16,21,-5,1,2,-1,3,0,3,-3
430094,Alforja,109,75,34,5,11,-6,19,2,17,45
250156,Algerri,10,10,0,2,2,0,2,0,2,2
250169,Alguaire,65,102,-37,27,10,17,65,10,55,35
250175,Alins,17,2,15,2,0,2,3,0,3,20
430108,Alió,14,8,6,0,0,0,2,1,1,7
250194,Almacelles,166,136,30,91,68,23,148,25,123,176
250208,Almatret,8,15,-7,1,0,1,1,1,0,-6
250215,Almenar,80,111,-31,36,41,-5,69,18,51,15
430115,Almoster,73,48,25,1,6,-5,4,1,3,23
250220,Alòs de Balaguer,10,14,-4,0,3,-3,0,0,0,-7
170062,Alp,120,106,14,20,26,-6,48,19,29,37
080044,Alpens,9,14,-5,0,0,0,3,0,3,-2
250236,Alpicat,262,153,109,51,25,26,37,13,24,159
250241,Alt Àneu,10,19,-9,7,1,6,6,0,6,3
430120,Altafulla,257,188,69,22,30,-8,59,22,37,98
170078,Amer,79,68,11,7,6,1,28,12,16,28
430136,"Ametlla de Mar, l'",221,174,47,50,81,-31,177,36,141,157
080057,"Ametlla del Vallès, l'",407,328,79,35,27,8,65,31,34,121
439060,"Ampolla, l'",193,125,68,35,34,1,100,14,86,155
430141,Amposta,660,473,187,213,204,9,535,184,351,547
170084,Anglès,225,199,26,27,31,-4,138,52,86,108
250273,Anglesola,39,34,5,9,4,5,14,0,14,24
250292,Arbeca,67,64,3,7,7,0,29,5,24,27
430167,"Arboç, l'",190,230,-40,34,40,-6,82,48,34,-12
430154,Arbolí,8,8,0,1,0,1,1,0,1,2
170097,Arbúcies,156,211,-55,26,29,-3,169,49,120,62
080060,Arenys de Mar,675,619,56,90,113,-23,199,85,114,147
080076,Arenys de Munt,395,279,116,12,24,-12,47,24,23,127
170101,Argelaguer,27,21,6,2,1,1,5,1,4,11
080082,Argençola,13,5,8,0,0,0,2,0,2,10
430173,"Argentera, l'",2,11,-9,0,0,0,0,1,-1,-10
080095,Argentona,391,329,62,54,70,-16,36,25,11,57
170118,"Armentera, l'",39,21,18,5,3,2,12,6,6,26
430189,Arnes,9,13,-4,4,4,0,0,0,0,-4
250313,Arres,2,0,2,1,0,1,0,0,0,3
250328,Arsèguel,3,4,-1,0,0,0,0,1,-1,-2
080109,Artés,258,163,95,32,39,-7,72,38,34,122
250334,Artesa de Lleida,36,50,-14,10,9,1,28,0,28,15
250349,Artesa de Segre,100,133,-33,19,25,-6,113,51,62,23
430192,Ascó,54,36,18,12,5,7,11,1,10,35
250365,Aspa,3,7,-4,0,0,0,1,0,1,-3
250371,"Avellanes i Santa Linya, les",17,16,1,1,2,-1,4,0,4,4
080116,Avià,84,52,32,10,2,8,13,7,6,46
080121,Avinyó,132,52,80,8,22,-14,26,7,19,85
170123,Avinyonet de Puigventós,70,44,26,3,7,-4,9,3,6,28
080137,Avinyonet del Penedès,88,82,6,6,10,-4,16,2,14,16
080155,Badalona,8947,9296,-349,1879,1918,-39,6751,4042,2709,2321
089045,Badia del Vallès,359,567,-208,78,130,-52,94,9,85,-175
080168,Bagà,112,66,46,3,9,-6,17,2,15,55
250390,Baix Pallars,16,17,-1,2,1,1,3,3,0,0
250404,Balaguer,502,498,4,158,153,5,449,143,306,315
080174,Balenyà,172,154,18,25,14,11,36,17,19,48
080180,Balsareny,104,125,-21,18,8,10,43,17,26,15
430206,Banyeres del Penedès,174,122,52,16,14,2,37,10,27,81
170157,Banyoles,565,540,25,123,133,-10,469,54,415,430
250411,Barbens,35,19,16,8,10,-2,14,4,10,24
430213,Barberà de la Conca,33,34,-1,16,4,12,10,0,10,21
082520,Barberà del Vallès,1483,1044,439,205,218,-13,306,115,191,617
080193,Barcelona,33487,46574,-13087,16336,15437,899,59493,29976,29517,17329
250426,"Baronia de Rialb, la",22,15,7,2,0,2,6,4,2,11
170160,Bàscara,42,28,14,3,3,0,17,3,14,28
250447,Bassella,4,7,-3,2,0,2,1,2,-1,-2
430228,Batea,28,33,-5,8,9,-1,26,16,10,4
250450,Bausen,2,1,1,0,0,0,0,0,0,1
080207,Begues,248,175,73,30,30,0,88,14,74,147
170139,Begur,145,201,-56,13,35,-22,61,34,27,-51
250463,Belianes,8,12,-4,0,0,0,12,1,11,7
251706,Bellaguarda,10,13,-3,0,0,0,2,0,2,-1
170182,Bellcaire d'Empordà,36,32,4,1,0,1,9,0,9,14
250479,Bellcaire d'Urgell,57,57,0,1,8,-7,21,3,18,11
250485,Bell-lloc d'Urgell,45,62,-17,16,14,2,34,3,31,16
250498,Bellmunt d'Urgell,8,9,-1,0,0,0,0,0,0,-1
430234,Bellmunt del Priorat,19,6,13,1,0,1,0,0,0,14
080214,Bellprat,6,4,2,0,0,0,1,0,1,3
250501,Bellpuig,200,174,26,40,37,3,110,8,102,131
430249,Bellvei,99,100,-1,9,18,-9,21,2,19,9
250518,Bellver de Cerdanya,116,73,43,6,11,-5,38,6,32,70
250523,Bellvís,49,59,-10,5,12,-7,71,13,58,41
250539,Benavent de Segrià,62,33,29,20,13,7,10,2,8,44
430252,Benifallet,2,10,-8,1,2,-1,3,2,1,-8
430265,Benissanet,24,40,-16,4,6,-2,37,22,15,-3
080229,Berga,503,498,5,65,100,-35,296,147,149,119
170195,Besalú,101,62,39,6,6,0,27,7,20,59
170209,Bescanó,225,88,137,10,9,1,37,9,28,166
170216,Beuda,11,11,0,3,1,2,1,0,1,3
080235,Bigues i Riells del Fai,392,308,84,31,33,-2,34,5,29,111
250557,Biosca,17,9,8,1,0,1,0,0,0,9
170221,"Bisbal d'Empordà, la",418,387,31,35,74,-39,252,11,241,233
430271,"Bisbal de Falset, la",5,6,-1,1,1,0,1,0,1,0
430287,"Bisbal del Penedès, la",221,170,51,24,29,-5,22,0,22,68
172348,Biure,8,6,2,1,5,-4,2,0,2,0
430290,Blancafort,27,22,5,1,1,0,9,1,8,13
170237,Blanes,1540,1403,137,285,368,-83,1051,331,720,774
170293,Boadella i les Escaules,13,8,5,1,0,1,3,0,3,9
170242,Bolvir,31,30,1,2,2,0,8,2,6,7
430304,Bonastre,33,33,0,2,4,-2,18,1,17,15
250576,"Bòrdes, Es",13,8,5,4,4,0,0,3,-3,2
170255,Bordils,68,67,1,12,4,8,37,33,4,13
250582,"Borges Blanques, les",196,197,-1,34,24,10,105,12,93,102
430311,"Borges del Camp, les",94,78,16,9,6,3,27,3,24,43
170268,Borrassà,16,28,-12,6,10,-4,4,1,3,-13
080240,Borredà,31,38,-7,6,0,6,6,0,6,5
250595,Bossòst,37,47,-10,28,42,-14,29,3,26,2
430326,Bot,20,24,-4,4,0,4,13,13,0,0
430332,Botarell,33,44,-11,10,6,4,14,0,14,7
250560,Bovera,6,7,-1,0,1,-1,1,0,1,-1
430347,Bràfim,37,33,4,1,8,-7,21,1,20,17
170274,Breda,120,129,-9,9,9,0,39,8,31,22
080253,"Bruc, el",134,83,51,9,5,4,6,7,-1,54
080266,"Brull, el",14,8,6,0,1,-1,0,0,0,5
170280,Brunyola i Sant Martí Sapresa,23,13,10,0,4,-4,1,0,1,7
430350,Cabacés,8,2,6,0,1,-1,0,1,-1,4
250609,Cabanabona,6,5,1,1,1,0,1,0,1,2
170314,Cabanelles,16,15,1,1,0,1,2,2,0,2
170307,Cabanes,49,36,13,5,5,0,20,1,19,32
080272,"Cabanyes, les",39,38,1,4,4,0,2,5,-3,-2
250616,Cabó,0,2,-2,0,0,0,0,0,0,-2
430363,Cabra del Camp,93,60,33,5,13,-8,22,7,15,40
080288,Cabrera d'Anoia,143,111,32,4,6,-2,4,0,4,34
080291,Cabrera de Mar,221,184,37,15,23,-8,27,19,8,37
080305,Cabrils,365,282,83,15,29,-14,61,60,1,70
170329,Cadaqués,71,89,-18,33,28,5,59,24,35,22
080312,Calaf,117,129,-12,20,32,-12,107,21,86,62
430379,Calafell,1818,1478,340,227,279,-52,525,511,14,302
080348,Calders,47,46,1,0,9,-9,3,3,0,-8
080327,Caldes d'Estrac,266,206,60,31,33,-2,42,21,21,79
170335,Caldes de Malavella,435,263,172,38,48,-10,60,32,28,190
080333,Caldes de Montbui,689,528,161,130,123,7,220,43,177,345
080351,Calella,938,847,91,118,167,-49,447,357,90,132
080370,Calldetenes,112,72,40,4,9,-5,18,6,12,47
080386,Callús,138,76,62,13,10,3,26,4,22,87
080364,Calonge de Segarra,3,10,-7,1,1,0,0,0,0,-7
170340,Calonge i Sant Antoni,594,536,58,79,87,-8,305,153,152,202
250621,Camarasa,57,21,36,7,1,6,5,1,4,46
439039,Camarles,83,84,-1,14,10,4,75,153,-78,-75
430385,Cambrils,1443,1124,319,403,419,-16,781,451,330,633
170353,Camós,23,24,-1,1,4,-3,2,0,2,-2
170366,Campdevànol,94,98,-4,9,7,2,17,15,2,0
170372,Campelles,6,8,-2,0,1,-1,0,0,0,-3
080399,Campins,36,25,11,4,4,0,6,0,6,17
170388,Campllong,20,15,5,1,8,-7,5,0,5,3
170391,Camprodon,126,171,-45,20,21,-1,34,5,29,-17
250637,Canejan,0,3,-3,1,2,-1,0,0,0,-4
170405,Canet d'Adri,26,31,-5,5,2,3,3,3,0,-2
080403,Canet de Mar,612,453,159,69,94,-25,157,44,113,247
080410,Canovelles,726,880,-154,142,147,-5,368,168,200,41
080425,Cànoves i Samalús,161,138,23,24,15,9,12,7,5,37
170412,Cantallops,13,16,-3,0,1,-1,7,0,7,3
080431,Canyelles,270,191,79,9,24,-15,28,13,15,79
430398,Capafonts,6,4,2,0,0,0,0,0,0,2
430402,Capçanes,21,15,6,0,0,0,9,2,7,13
080446,Capellades,209,174,35,15,25,-10,31,9,22,47
170427,Capmany,34,12,22,1,1,0,9,2,7,29
080459,Capolat,2,4,-2,0,0,0,0,0,0,-2
080462,Cardedeu,776,489,287,87,110,-23,139,38,101,365
080478,Cardona,115,130,-15,18,15,3,40,11,29,17
080484,Carme,33,17,16,2,3,-1,11,1,10,25
430419,Caseres,5,8,-3,2,2,0,4,0,4,1
170448,Cassà de la Selva,391,290,101,43,45,-2,198,26,172,271
080497,Casserres,41,80,-39,2,1,1,12,0,12,-26
080575,Castell de l'Areny,3,6,-3,0,0,0,1,0,1,-2
259046,Castell de Mur,2,7,-5,1,0,1,1,0,1,-3
250642,Castellar de la Ribera,1,3,-2,0,0,0,0,0,0,-2
080522,Castellar de n'Hug,15,20,-5,0,1,-1,1,1,0,-6
080500,Castellar del Riu,12,8,4,0,0,0,1,0,1,5
080517,Castellar del Vallès,792,622,170,110,149,-39,164,90,74,205
080538,Castellbell i el Vilar,194,161,33,17,23,-6,45,8,37,64
080543,Castellbisbal,354,362,-8,55,76,-21,137,78,59,30
080556,Castellcir,45,44,1,0,6,-6,3,0,3,-2
250674,Castelldans,28,39,-11,8,11,-3,26,13,13,-1
080569,Castelldefels,2631,2464,167,773,793,-20,1910,885,1025,1172
080581,Castellet i la Gornal,148,112,36,12,7,5,9,3,6,47
170464,Castellfollit de la Roca,46,38,8,5,10,-5,31,6,25,28
080608,Castellfollit de Riubregós,7,2,5,0,1,-1,0,0,0,4
080594,Castellfollit del Boix,12,13,-1,0,0,0,4,0,4,3
080615,Castellgalí,210,76,134,13,3,10,8,4,4,148
080620,Castellnou de Bages,100,53,47,1,1,0,2,1,1,48
250680,Castellnou de Seana,10,11,-1,3,1,2,8,0,8,9
170470,Castelló d'Empúries,494,550,-56,114,94,20,621,358,263,227
250693,Castelló de Farfanya,25,29,-4,1,3,-2,4,0,4,-2
080636,Castellolí,48,13,35,1,4,-3,1,0,1,33
170486,Castell-Platja d'Aro,600,622,-22,104,88,16,480,261,219,213
250707,Castellserà,43,29,14,4,6,-2,10,4,6,18
080641,Castellterçol,161,119,42,5,10,-5,32,11,21,58
430424,Castellvell del Camp,135,70,65,5,4,1,7,2,5,71
080654,Castellví de la Marca,76,82,-6,6,11,-5,37,8,29,18
080667,Castellví de Rosanes,110,55,55,9,6,3,17,10,7,65
430430,"Catllar, el",222,168,54,7,21,-14,39,4,35,75
250714,Cava,1,3,-2,0,0,0,0,0,0,-2
171899,"Cellera de Ter, la",66,60,6,3,3,0,34,14,20,26
170499,Celrà,209,138,71,30,21,9,84,34,50,130
080673,Centelles,218,161,57,17,37,-20,34,38,-4,33
082687,Cercs,61,39,22,5,4,1,5,0,5,28
082665,Cerdanyola del Vallès,1584,1942,-358,353,445,-92,1069,587,482,32
080689,Cervelló,557,413,144,56,48,8,63,25,38,190
250729,Cervera,233,287,-54,62,84,-22,195,53,142,66
250735,Cervià de les Garrigues,31,39,-8,1,3,-2,1,0,1,-9
170502,Cervià de Ter,28,12,16,1,1,0,12,2,10,26
170519,Cistella,12,24,-12,0,2,-2,2,0,2,-12
250740,Ciutadilla,12,13,-1,0,3,-3,6,0,6,2
250753,Clariana de Cardener,7,6,1,1,0,1,2,0,2,4
250766,"Cogul, el",5,6,-1,0,0,0,0,1,-1,-2
170545,Colera,29,28,1,1,4,-3,5,0,5,3
250772,Coll de Nargó,9,9,0,2,2,0,11,1,10,10
080692,Collbató,216,147,69,12,19,-7,24,25,-1,61
430458,Colldejou,8,6,2,0,3,-3,1,2,-1,-2
080706,Collsuspina,24,12,12,3,1,2,0,0,0,14
170558,Colomers,4,14,-10,0,0,0,1,0,1,-9
251636,"Coma i la Pedra, la",16,9,7,0,0,0,1,1,0,7
251615,Conca de Dalt,10,8,2,0,6,-6,3,1,2,-2
430461,Conesa,1,9,-8,0,0,0,0,0,0,-8
430477,Constantí,218,305,-87,64,84,-20,205,22,183,76
080713,Copons,14,11,3,0,0,0,1,0,1,4
430483,Corbera d'Ebre,16,20,-4,2,3,-1,19,0,19,14
080728,Corbera de Llobregat,726,463,263,52,95,-43,232,45,187,407
250788,Corbins,26,58,-32,14,14,0,20,14,6,-26
170577,Corçà,47,62,-15,6,6,0,21,0,21,6
080734,Cornellà de Llobregat,3330,3466,-136,716,733,-17,1937,103,1834,1681
170561,Cornellà del Terri,63,77,-14,9,9,0,22,12,10,-4
430496,Cornudella de Montsant,40,39,1,4,1,3,7,1,6,10
430509,Creixell,230,212,18,18,31,-13,62,19,43,48
170583,Crespià,14,24,-10,5,3,2,6,2,4,-4
179011,"Cruïlles, Monells i Sant Sadurní de l'Heura",69,72,-3,13,3,10,9,6,3,10
080749,Cubelles,975,784,191,102,126,-24,174,81,93,260
250791,Cubells,18,12,6,0,1,-1,4,0,4,9
430516,Cunit,1224,869,355,128,177,-49,313,122,191,497
170600,Darnius,29,17,12,1,5,-4,5,0,5,13
170617,Das,18,7,11,1,2,-1,0,0,0,10
439018,Deltebre,256,174,82,48,44,4,280,182,98,184
080752,Dosrius,239,211,28,30,32,-2,24,10,14,40
430537,Duesaigües,10,5,5,1,1,0,2,0,2,7
170622,"Escala, l'",370,335,35,70,108,-38,393,35,358,355
080765,Esparreguera,779,737,42,125,201,-76,266,53,213,179
170638,Espinelves,3,6,-3,0,0,0,0,0,0,-3
250812,"Espluga Calba, l'",22,19,3,1,3,-2,5,0,5,6
430542,"Espluga de Francolí, l'",171,169,2,34,19,15,55,3,52,69
080771,Esplugues de Llobregat,2110,2457,-347,334,376,-42,913,360,553,164
170643,Espolla,16,25,-9,1,0,1,3,0,3,-5
170656,Esponellà,29,19,10,2,1,1,3,0,3,14
250827,Espot,15,15,0,1,1,0,4,0,4,4
080787,"Espunyola, l'",3,13,-10,0,2,-2,0,0,0,-12
082541,"Esquirol, l'",69,62,7,3,8,-5,2,3,-1,1
250886,Estamariu,5,2,3,0,0,0,0,0,0,3
080790,"Estany, l'",16,18,-2,0,1,-1,3,0,3,0
250851,Estaràs,3,6,-3,2,0,2,0,0,0,-1
250864,Esterri d'Àneu,41,57,-16,16,16,0,109,17,92,76
250870,Esterri de Cardós,5,3,2,0,0,0,0,0,0,2
430555,Falset,76,69,7,16,11,5,36,11,25,37
170059,"Far d'Empordà, el",33,24,9,4,1,3,0,0,0,12
250899,Farrera,14,10,4,0,0,0,0,0,0,4
430568,"Fatarella, la",13,26,-13,3,5,-2,14,0,14,-1
430574,"Febró, la",0,1,-1,0,0,0,0,0,0,-1
081347,Figaró-Montmany,87,57,30,4,20,-16,13,1,12,26
080804,Fígols,5,4,1,0,1,-1,0,0,0,0
259084,Fígols i Alinyà,11,10,1,0,0,0,4,0,4,5
430580,"Figuera, la",8,17,-9,0,1,-1,1,0,1,-9
170669,Figueres,1364,1671,-307,441,542,-101,1362,416,946,538
430593,Figuerola del Camp,15,11,4,5,0,5,4,4,0,9
170675,Flaçà,51,43,8,5,4,1,19,11,8,17
430607,Flix,93,91,2,19,23,-4,67,9,58,56
250925,"Floresta, la",6,23,-17,0,3,-3,0,0,0,-20
080826,Fogars de la Selva,114,72,42,8,15,-7,9,14,-5,30
080811,Fogars de Montclús,31,26,5,0,0,0,1,0,1,6
170681,Foixà,8,5,3,1,0,1,0,0,0,4
080832,Folgueroles,76,51,25,3,6,-3,10,0,10,32
250931,Fondarella,13,25,-12,10,1,9,0,0,0,-3
080847,Fonollosa,97,57,40,7,12,-5,4,2,2,37
170694,Fontanals de Cerdanya,23,17,6,1,5,-4,3,0,3,5
170708,Fontanilles,10,10,0,0,1,-1,5,1,4,3
170715,Fontcoberta,71,35,36,3,1,2,4,0,4,42
080850,Font-rubí,63,47,16,8,7,1,17,14,3,20
250946,Foradada,12,6,6,0,0,0,0,0,0,6
179026,Forallac,89,93,-4,4,10,-6,14,1,13,3
430614,Forès,0,4,-4,0,0,0,0,0,0,-4
170736,Fornells de la Selva,198,47,151,6,2,4,15,0,15,170
170741,Fortià,21,22,-1,3,2,1,7,0,7,7
080863,"Franqueses del Vallès, les",1035,772,263,133,105,28,313,129,184,475
430629,Freginals,21,20,1,2,4,-2,10,5,5,4
250962,"Fuliola, la",36,33,3,7,6,1,19,2,17,21
250978,Fulleda,1,3,-2,0,0,0,0,0,0,-2
080902,Gaià,16,7,9,4,3,1,5,0,5,15
430635,"Galera, la",39,15,24,4,3,1,11,0,11,36
080879,Gallifa,2,3,-1,1,1,0,2,0,2,1
430640,Gandesa,61,69,-8,25,23,2,88,5,83,77
430653,Garcia,29,26,3,1,8,-7,9,1,8,4
430666,"Garidells, els",5,11,-6,0,1,-1,2,0,2,-5
080885,"Garriga, la",576,455,121,78,78,0,131,77,54,175
170754,Garrigàs,19,18,1,4,0,4,2,3,-1,4
170767,Garrigoles,5,12,-7,0,0,0,1,0,1,-6
170773,Garriguella,49,45,4,1,4,-3,11,5,6,7
080898,Gavà,1711,1656,55,414,387,27,737,266,471,553
250984,Gavet de la Conca,7,5,2,0,0,0,1,2,-1,1
080919,Gelida,366,263,103,37,27,10,69,31,38,151
170789,Ger,36,28,8,4,1,3,2,1,1,12
259123,Gimenells i el Pla de la Font,31,29,2,3,5,-2,12,1,11,11
430672,Ginestar,21,55,-34,7,4,3,28,24,4,-27
170792,Girona,3541,4184,-643,924,981,-57,3045,1952,1093,393
080924,Gironella,141,108,33,24,15,9,39,8,31,73
080930,Gisclareny,2,2,0,0,0,0,0,0,0,0
430688,Godall,11,15,-4,4,2,2,12,0,12,10
250997,Golmés,97,68,29,6,8,-2,27,17,10,37
170806,Gombrèn,11,14,-3,1,1,0,0,1,-1,-4
251001,Gósol,14,26,-12,0,2,-2,5,0,5,-9
080945,"Granada, la",93,58,35,4,12,-8,15,20,-5,22
251018,"Granadella, la",22,29,-7,5,3,2,13,0,13,8
080958,Granera,8,0,8,0,1,-1,0,0,0,7
251023,"Granja d'Escarp, la",13,31,-18,6,22,-16,8,0,8,-26
080961,Granollers,2286,2832,-546,526,561,-35,1447,905,542,-39
251039,Granyanella,0,13,-13,0,0,0,0,0,0,-13
251057,Granyena de les Garrigues,10,7,3,1,0,1,2,1,1,5
251044,Granyena de Segarra,0,3,-3,0,0,0,0,0,0,-3
430691,Gratallops,7,4,3,2,2,0,11,0,11,14
080977,Gualba,112,54,58,4,8,-4,12,3,9,63
170813,Gualta,20,15,5,4,1,3,23,11,12,20
080996,Guardiola de Berguedà,70,57,13,6,4,2,12,1,11,26
430705,"Guiamets, els",10,11,-1,2,1,1,3,0,3,3
170828,Guils de Cerdanya,42,30,12,2,6,-4,2,1,1,9
251095,Guimerà,10,13,-3,1,1,0,4,0,4,1
259031,"Guingueta d'Àneu, la",12,20,-8,3,7,-4,11,2,9,-3
251109,Guissona,217,181,36,67,51,16,448,17,431,483
251116,Guixers,3,5,-2,0,0,0,1,0,1,-1
081000,Gurb,110,55,55,1,2,-1,12,3,9,63
430712,Horta de Sant Joan,16,12,4,4,7,-3,21,5,16,17
081017,"Hospitalet de Llobregat, l'",12049,13554,-1505,2581,2455,126,7784,4241,3543,2164
081629,"Hostalets de Pierola, els",237,120,117,13,18,-5,37,1,36,148
170834,Hostalric,229,186,43,12,28,-16,90,28,62,89
081022,Igualada,1517,1381,136,297,327,-30,816,397,419,525
251155,Isona i Conca Dellà,41,28,13,4,8,-4,9,0,9,18
170849,Isòvol,31,16,15,0,0,0,3,0,3,18
251137,Ivars d'Urgell,34,53,-19,6,13,-7,42,12,30,4
251121,Ivars de Noguera,14,6,8,3,1,2,6,0,6,16
251142,Ivorra,1,3,-2,0,0,0,1,1,0,-2
170852,Jafre,32,11,21,0,1,-1,11,0,11,31
170865,"Jonquera, la",125,137,-12,37,67,-30,174,93,81,39
081038,Jorba,66,37,29,2,2,0,3,0,3,32
259101,Josa i Tuixén,13,14,-1,0,0,0,0,0,0,-1
170871,Juià,46,29,17,0,1,-1,15,0,15,31
251180,Juncosa,10,18,-8,3,2,1,3,1,2,-5
251193,Juneda,80,78,2,20,12,8,88,0,88,98
251214,Les,34,43,-9,11,19,-8,36,1,35,18
251229,Linyola,64,105,-41,27,12,15,91,13,78,52
081043,"Llacuna, la",49,35,14,3,7,-4,8,0,8,18
170887,Lladó,44,21,23,2,2,0,4,1,3,26
251235,Lladorre,2,9,-7,1,2,-1,2,0,2,-6
251240,Lladurs,1,7,-6,1,3,-2,0,0,0,-8
081056,"Llagosta, la",539,553,-14,130,187,-57,230,46,184,113
170890,Llagostera,347,283,64,33,37,-4,152,22,130,190
170904,Llambilles,35,21,14,1,0,1,4,2,2,17
170911,Llanars,26,30,-4,7,3,4,8,2,6,6
170926,Llançà,223,182,41,34,46,-12,123,31,92,121
251253,Llardecans,5,14,-9,0,2,-2,0,0,0,-11
251266,Llavorsí,21,19,2,2,6,-4,8,1,7,5
251207,Lleida,2991,3270,-279,1884,1842,42,3981,1333,2648,2411
170932,Llers,65,49,16,1,6,-5,13,2,11,22
251272,Lles de Cerdanya,17,10,7,1,1,0,1,0,1,8
081075,Lliçà d'Amunt,661,496,165,73,63,10,77,31,46,221
081081,Lliçà de Vall,298,225,73,37,24,13,15,12,3,89
251288,Llimiana,8,4,4,0,0,0,0,0,0,4
081069,Llinars del Vallès,524,346,178,53,67,-14,93,74,19,183
170947,Llívia,124,72,52,14,20,-6,35,7,28,74
430727,"Lloar, el",2,5,-3,0,0,0,0,0,0,-3
251291,Llobera,2,2,0,0,0,0,1,0,1,1
430733,Llorac,4,4,0,1,0,1,3,0,3,4
430748,Llorenç del Penedès,99,83,16,5,16,-11,25,5,20,25
170950,Lloret de Mar,1408,1420,-12,538,608,-70,2423,924,1499,1417
170963,"Llosses, les",17,17,0,0,1,-1,2,0,2,1
081094,Lluçà,9,2,7,0,0,0,0,1,-1,6
171024,Maçanet de Cabrenys,25,25,0,6,1,5,6,3,3,8
171030,Maçanet de la Selva,380,282,98,50,56,-6,99,26,73,165
170979,Madremanya,17,12,5,1,1,0,2,6,-4,1
170985,Maià de Montcal,21,19,2,3,3,0,7,0,7,9
251333,Maials,11,19,-8,7,3,4,23,1,22,18
251305,Maldà,11,17,-6,0,0,0,0,0,0,-6
081108,Malgrat de Mar,801,717,84,134,173,-39,240,126,114,159
081115,Malla,5,11,-6,0,0,0,0,0,0,-6
081120,Manlleu,518,677,-159,125,155,-30,449,264,185,-4
081136,Manresa,2259,2407,-148,636,577,59,1666,749,917,828
430764,Marçà,23,17,6,3,3,0,3,2,1,7
430751,Margalef,8,7,1,1,0,1,1,0,1,3
082423,Marganell,18,15,3,3,0,3,1,0,1,7
081141,Martorell,993,1134,-141,279,314,-35,700,235,465,289
081154,Martorelles,228,239,-11,28,51,-23,24,3,21,-13
430770,Mas de Barberans,8,18,-10,0,4,-4,4,0,4,-10
171002,Masarac,15,21,-6,1,2,-1,6,0,6,-1
430786,Masdenverge,54,54,0,12,9,3,13,2,11,14
081167,"Masies de Roda, les",31,38,-7,4,0,4,6,1,5,2
081173,"Masies de Voltregà, les",121,107,14,2,4,-2,16,2,14,26
430799,Masllorenç,25,31,-6,0,0,0,6,0,6,0
081189,"Masnou, el",846,848,-2,107,102,5,276,96,180,183
430803,"Masó, la",9,5,4,0,0,0,1,0,1,5
430810,Maspujols,126,24,102,2,4,-2,5,0,5,105
081192,Masquefa,381,335,46,31,29,2,70,28,42,90
430825,"Masroig, el",18,14,4,1,0,1,17,0,17,22
251312,Massalcoreig,4,12,-8,10,11,-1,4,1,3,-6
171019,Massanes,53,51,2,7,5,2,3,0,3,7
251327,Massoteres,9,24,-15,0,4,-4,7,0,7,-12
081206,Matadepera,306,231,75,17,25,-8,48,17,31,98
081213,Mataró,3088,3111,-23,905,1058,-153,2907,1444,1463,1287
081228,Mediona,160,142,18,28,21,7,44,15,29,54
251348,Menàrguens,27,25,2,13,7,6,15,1,14,22
170998,Meranges,6,2,4,0,0,0,1,0,1,5
171058,Mieres,27,19,8,0,1,-1,1,2,-1,6
430831,"Milà, el",2,4,-2,0,0,0,2,0,2,0
251351,Miralcamp,43,45,-2,5,11,-6,26,1,25,17
430846,Miravet,29,20,9,7,7,0,16,7,9,18
081385,Moià,230,225,5,21,31,-10,84,46,38,33
430859,"Molar, el",10,5,5,0,4,-4,10,0,10,11
081234,Molins de Rei,732,762,-30,101,139,-38,260,189,71,3
251370,Mollerussa,579,526,53,199,160,39,546,158,388,480
171061,Mollet de Peralada,7,1,6,0,1,-1,1,0,1,6
081249,Mollet del Vallès,1609,1866,-257,454,478,-24,1119,495,624,343
171077,Molló,19,10,9,1,0,1,1,0,1,11
251364,"Molsosa, la",0,4,-4,0,0,0,0,0,0,-4
081287,Monistrol de Calders,27,37,-10,2,2,0,1,3,-2,-12
081271,Monistrol de Montserrat,162,153,9,28,20,8,42,18,24,41
171096,Montagut i Oix,46,52,-6,8,5,3,17,3,14,11
430862,Montblanc,324,224,100,59,48,11,139,34,105,216
430884,Montbrió del Camp,186,69,117,7,8,-1,34,7,27,143
081252,Montcada i Reixac,1500,1340,160,245,281,-36,576,370,206,330
081304,Montclar,2,7,-5,0,0,0,0,0,0,-5
251399,Montellà i Martinet,40,28,12,2,2,0,13,0,13,25
081311,Montesquiu,51,25,26,5,14,-9,15,2,13,30
251403,Montferrer i Castellbò,80,64,16,8,14,-6,28,15,13,23
430897,Montferri,36,25,11,10,5,5,4,0,4,20
251386,Montgai,11,10,1,1,0,1,0,1,-1,1
081265,Montgat,491,371,120,62,57,5,71,25,46,171
081326,Montmajor,22,9,13,1,0,1,3,0,3,17
081332,Montmaneu,3,10,-7,3,0,3,0,1,-1,-5
430901,"Montmell, el",108,116,-8,14,8,6,13,1,12,10
081350,Montmeló,298,248,50,62,64,-2,74,51,23,71
251425,Montoliu de Lleida,8,20,-12,5,2,3,6,0,6,-3
251410,Montoliu de Segarra,11,7,4,1,0,1,1,0,1,6
251431,Montornès de Segarra,1,5,-4,0,0,0,0,0,0,-4
081363,Montornès del Vallès,760,575,185,122,141,-19,258,98,160,326
430918,Mont-ral,10,16,-6,0,0,0,1,0,1,-5
171100,Mont-ras,74,91,-17,5,4,1,6,3,3,-13
430923,Mont-roig del Camp,835,535,300,223,178,45,508,42,466,811
081379,Montseny,18,19,-1,0,2,-2,2,0,2,-1
430939,Móra d'Ebre,220,150,70,56,50,6,158,25,133,209
430944,Móra la Nova,68,89,-21,9,34,-25,40,0,40,-6
430957,"Morell, el",286,145,141,45,35,10,44,15,29,180
430960,"Morera de Montsant, la",8,6,2,0,0,0,1,0,1,3
081290,Muntanyola,35,21,14,2,0,2,1,1,0,16
081398,Mura,12,12,0,0,0,0,2,0,2,2
251459,Nalec,1,2,-1,0,0,0,0,0,0,-1
250254,Naut Aran,65,76,-11,35,34,1,19,9,10,0
081402,Navarcles,233,152,81,15,18,-3,49,5,44,122
081419,Navàs,242,159,83,23,20,3,64,24,40,126
171117,Navata,65,40,25,5,1,4,33,10,23,52
251462,Navès,0,5,-5,2,0,2,0,0,0,-3
081424,"Nou de Berguedà, la",6,1,5,0,0,0,0,0,0,5
430976,"Nou de Gaià, la",29,11,18,2,2,0,5,0,5,23
430982,Nulles,25,15,10,0,3,-3,6,9,-3,4
251484,Odèn,0,5,-5,0,0,0,1,1,0,-5
081430,Òdena,179,140,39,16,26,-10,18,13,5,34
171122,Ogassa,7,4,3,0,0,0,0,0,0,3
081458,Olèrdola,190,150,40,9,19,-10,34,16,18,48
081461,Olesa de Bonesvalls,151,100,51,5,10,-5,18,9,9,55
081477,Olesa de Montserrat,865,784,81,139,167,-28,217,65,152,205
251497,Oliana,66,78,-12,13,5,8,45,5,40,36
251500,Oliola,5,14,-9,0,0,0,2,4,-2,-11
251517,Olius,40,32,8,0,2,-2,10,0,10,16
081483,Olivella,337,193,144,30,38,-8,42,11,31,167
081496,Olost,38,18,20,0,2,-2,4,0,4,22
171143,Olot,847,965,-118,244,226,18,850,275,575,475
251522,"Oluges, les",1,7,-6,0,0,0,0,1,-1,-7
081445,Olvan,43,36,7,3,6,-3,3,1,2,6
251538,"Omellons, els",11,6,5,1,0,1,2,0,2,8
251543,"Omells de na Gaia, els",2,4,-2,1,0,1,0,1,-1,-2
171156,Ordis,18,14,4,1,4,-3,3,0,3,4
251556,Organyà,36,33,3,11,8,3,18,6,12,18
081509,Orís,5,18,-13,1,3,-2,0,0,0,-15
081516,Oristà,19,15,4,0,0,0,2,0,2,6
081521,Orpí,4,11,-7,0,0,0,1,0,1,-6
081537,Òrrius,37,34,3,2,4,-2,4,0,4,5
251569,Os de Balaguer,24,35,-11,3,4,-1,7,0,7,-5
171169,Osor,0,7,-7,0,4,-4,0,0,0,-11
251575,Ossó de Sió,0,7,-7,0,0,0,0,0,0,-7
081542,Pacs del Penedès,51,35,16,3,5,-2,4,2,2,16
081555,Palafolls,476,316,160,32,53,-21,60,57,3,142
171175,Palafrugell,584,681,-97,135,193,-58,548,239,309,154
171181,Palamós,681,636,45,161,157,4,445,173,272,321
251581,"Palau d'Anglesola, el",76,44,32,9,5,4,32,9,23,59
171194,Palau de Santa Eulàlia,11,3,8,0,0,0,0,1,-1,7
171215,Palau-sator,12,14,-2,1,4,-3,2,0,2,-3
171208,Palau-saverdera,86,88,-2,3,3,0,24,12,12,10
081568,Palau-solità i Plegamans,546,492,54,60,89,-29,137,62,75,100
431009,"Pallaresos, els",246,137,109,15,26,-11,11,1,10,108
081574,Pallejà,425,373,52,64,87,-23,88,64,24,53
430995,"Palma d'Ebre, la",8,6,2,0,1,-1,3,2,1,2
089058,"Palma de Cervelló, la",115,120,-5,8,6,2,35,33,2,-1
171236,Palol de Revardit,14,15,-1,0,1,-1,1,1,0,-2
171241,Pals,143,101,42,15,34,-19,119,20,99,122
081580,"Papiol, el",136,126,10,28,24,4,44,23,21,35
171254,Pardines,2,11,-9,0,0,0,0,0,0,-9
081593,Parets del Vallès,793,647,146,96,104,-8,165,212,-47,91
171267,Parlavà,19,7,12,0,0,0,2,0,2,14
431016,Passanant i Belltall,5,21,-16,0,0,0,1,0,1,-15
171289,Pau,28,34,-6,4,5,-1,14,17,-3,-10
431021,Paüls,8,12,-4,0,2,-2,2,3,-1,-7
171292,Pedret i Marzà,5,5,0,1,1,0,0,1,-1,-1
251641,Penelles,17,16,1,2,1,1,3,2,1,3
171306,"Pera, la",18,21,-3,1,6,-5,7,1,6,-2
081607,Perafita,14,10,4,1,2,-1,1,0,1,4
431037,Perafort,86,55,31,4,6,-2,15,1,14,43
171328,Peralada,87,64,23,10,16,-6,24,4,20,37
251654,Peramola,19,17,2,2,5,-3,4,0,4,3
431042,"Perelló, el",64,67,-3,9,13,-4,108,8,100,93
081614,Piera,772,547,225,76,106,-30,114,23,91,286
431055,"Piles, les",10,12,-2,0,0,0,0,0,0,-2
081635,Pineda de Mar,1231,1170,61,183,251,-68,587,376,211,204
431068,"Pinell de Brai, el",19,17,2,1,1,0,9,3,6,8
251667,Pinell de Solsonès,8,3,5,0,0,0,1,0,1,6
251673,Pinós,4,15,-11,0,0,0,1,0,1,-10
431074,Pira,24,24,0,0,1,-1,1,1,0,-1
431080,"Pla de Santa Maria, el",165,83,82,16,20,-4,23,7,16,94
081640,"Pla del Penedès, el",59,26,33,5,1,4,16,1,15,52
171334,"Planes d'Hostoles, les",22,60,-38,1,15,-14,16,4,12,-40
171349,Planoles,20,19,1,0,0,0,4,0,4,5
259118,"Plans de Sió, els",3,19,-16,2,1,1,0,0,0,-15
251689,"Poal, el",24,9,15,2,3,-1,5,5,0,14
251692,"Pobla de Cérvoles, la",11,7,4,0,1,-1,2,0,2,5
081653,"Pobla de Claramunt, la",137,105,32,8,18,-10,25,14,11,33
081666,"Pobla de Lillet, la",53,54,-1,4,7,-3,4,0,4,0
431093,"Pobla de Mafumet, la",347,99,248,23,19,4,53,6,47,299
431107,"Pobla de Massaluca, la",13,17,-4,2,0,2,2,2,0,-2
431114,"Pobla de Montornès, la",184,114,70,24,21,3,27,7,20,93
251713,"Pobla de Segur, la",151,131,20,19,31,-12,68,19,49,57
431129,Poboleda,15,18,-3,1,2,-1,11,0,11,7
081672,Polinyà,394,288,106,54,49,5,65,11,54,165
431135,"Pont d'Armentera, el",37,26,11,3,3,0,10,2,8,19
250306,"Pont de Bar, el",8,1,7,1,0,1,4,0,4,12
171352,Pont de Molins,35,45,-10,2,5,-3,6,1,5,-8
251734,"Pont de Suert, el",85,92,-7,26,39,-13,57,1,56,36
081825,"Pont de Vilomara i Rocafort, el",166,134,32,13,9,4,28,15,13,49
431418,Pontils,15,17,-2,0,0,0,2,0,2,0
081688,Pontons,41,77,-36,3,5,-2,13,0,13,-25
171365,Pontós,17,20,-3,0,0,0,2,0,2,-1
251728,Ponts,101,109,-8,28,22,6,56,22,34,32
171371,Porqueres,127,144,-17,17,7,10,30,3,27,20
431140,Porrera,24,9,15,0,1,-1,4,0,4,18
171404,"Port de la Selva, el",47,45,2,4,20,-16,18,12,6,-8
171387,Portbou,25,32,-7,16,12,4,27,4,23,20
251749,"Portella, la",27,73,-46,9,14,-5,43,36,7,-44
431153,Pradell de la Teixeta,3,5,-2,0,0,0,0,0,0,-2
431166,Prades,45,49,-4,1,3,-2,5,0,5,-1
431172,Prat de Comte,10,9,1,4,0,4,6,0,6,11
081691,"Prat de Llobregat, el",1418,1539,-121,494,517,-23,758,302,456,312
431188,Pratdip,41,47,-6,0,4,-4,25,1,24,14
081712,Prats de Lluçanès,56,54,2,5,5,0,14,7,7,9
081705,"Prats de Rei, els",23,16,7,1,5,-4,0,0,0,3
251752,Prats i Sansor,9,10,-1,1,0,1,4,5,-1,-1
251765,Preixana,24,10,14,3,3,0,4,2,2,16
251771,Preixens,20,15,5,0,2,-2,0,1,-1,2
082303,Premià de Dalt,478,452,26,47,75,-28,122,27,95,93
081727,Premià de Mar,861,1073,-212,172,179,-7,388,49,339,120
171390,"Preses, les",74,71,3,5,5,0,17,1,16,19
251790,Prullans,9,11,-2,3,2,1,5,1,4,3
171411,Puigcerdà,204,337,-133,70,181,-111,160,286,-126,-370
081748,Puigdàlber,39,24,15,3,2,1,2,0,2,18
251804,Puiggròs,8,14,-6,4,0,4,2,2,0,-2
431191,Puigpelat,78,65,13,1,2,-1,10,1,9,21
081751,Puig-reig,242,155,87,16,23,-7,52,37,15,95
251811,Puigverd d'Agramunt,1,6,-5,1,1,0,5,0,5,0
251826,Puigverd de Lleida,73,42,31,1,5,-4,16,3,13,40
081764,Pujalt,9,7,2,0,0,0,4,0,4,6
081770,"Quar, la",3,2,1,0,1,-1,1,0,1,1
171426,Quart,137,73,64,3,5,-2,8,1,7,69
170433,Queralbs,8,4,4,1,0,1,1,0,1,6
431205,Querol,54,56,-2,1,6,-5,3,1,2,-5
171432,Rabós,19,4,15,0,0,0,5,0,5,20
081786,Rajadell,26,18,8,1,7,-6,5,2,3,5
431212,Rasquera,12,27,-15,1,1,0,20,1,19,4
171447,Regencós,28,11,17,0,0,0,0,0,0,17
081799,Rellinars,72,44,28,2,3,-1,1,0,1,28
431227,Renau,8,14,-6,0,1,-1,2,0,2,-5
431233,Reus,1945,3251,-1306,725,1040,-315,1757,670,1087,-534
251832,Rialp,36,35,1,14,6,8,14,3,11,20
431248,"Riba, la",30,38,-8,4,5,-1,11,3,8,-1
431251,Riba-roja d'Ebre,32,27,5,6,11,-5,27,0,27,27
259059,Ribera d'Ondara,7,21,-14,0,7,-7,1,0,1,-20
251850,Ribera d'Urgellet,48,67,-19,4,18,-14,49,32,17,-16
171450,Ribes de Freser,80,79,1,6,17,-11,15,1,14,4
171463,Riells i Viabrea,275,199,76,24,28,-4,33,8,25,97
431264,"Riera de Gaià, la",80,51,29,8,13,-5,21,2,19,43
251863,Riner,15,13,2,1,1,0,5,0,5,7
171479,Ripoll,283,312,-29,48,59,-11,128,30,98,58
081803,Ripollet,1312,1324,-12,236,295,-59,702,321,381,310
259139,Riu de Cerdanya,8,12,-4,0,0,0,0,0,0,-4
171485,Riudarenes,147,122,25,17,13,4,28,0,28,57
171498,Riudaura,18,7,11,1,0,1,1,0,1,13
431270,Riudecanyes,71,43,28,7,7,0,14,8,6,34
431286,Riudecols,88,35,53,12,3,9,17,6,11,73
171501,Riudellots de la Selva,76,56,20,6,4,2,27,2,25,47
431299,Riudoms,212,210,2,19,23,-4,56,18,38,36
171518,Riumors,15,8,7,1,6,-5,6,0,6,8
081810,"Roca del Vallès, la",470,406,64,39,46,-7,59,25,34,91
431303,Rocafort de Queralt,6,13,-7,0,0,0,6,0,6,-1
431310,Roda de Berà,402,286,116,45,51,-6,110,26,84,194
081831,Roda de Ter,223,154,69,17,21,-4,70,47,23,88
431325,Rodonyà,15,34,-19,3,0,3,5,1,4,-12
431331,Roquetes,329,242,87,43,69,-26,186,44,142,203
171523,Roses,591,607,-16,177,206,-29,862,197,665,620
251898,Rosselló,189,109,80,30,15,15,49,25,24,119
431346,"Rourell, el",15,15,0,5,1,4,2,0,2,6
081846,Rubí,2305,2355,-50,618,707,-89,1374,698,676,537
081859,Rubió,15,0,15,0,0,0,1,0,1,16
171539,Rupià,8,13,-5,1,0,1,7,0,7,3
089019,Rupit i Pruit,14,13,1,0,1,-1,5,4,1,1
081878,Sabadell,5347,5324,23,1441,1440,1,3521,1970,1551,1575
081884,Sagàs,5,7,-2,0,0,0,0,0,0,-2
251902,Salàs de Pallars,12,14,-2,9,7,2,12,1,11,11
081901,Saldes,25,26,-1,2,0,2,4,0,4,5
171544,Sales de Llierca,9,7,2,0,0,0,7,0,7,9
081918,Sallent,220,204,16,31,19,12,60,24,36,64
431359,Salomó,13,24,-11,1,2,-1,19,0,19,7
439057,Salou,1481,1357,124,526,645,-119,1548,846,702,707
171557,Salt,1508,1740,-232,264,393,-129,1537,319,1218,857
251919,Sanaüja,7,11,-4,1,0,1,7,0,7,4
081944,Sant Adrià de Besòs,1578,1421,157,229,260,-31,412,35,377,503
081957,Sant Agustí de Lluçanès,5,8,-3,0,0,0,0,0,0,-3
081960,Sant Andreu de la Barca,887,1105,-218,194,307,-113,311,100,211,-120
081976,Sant Andreu de Llavaneres,542,468,74,48,56,-8,127,38,89,155
171576,Sant Andreu Salou,2,7,-5,0,0,0,1,0,1,-4
171833,Sant Aniol de Finestres,16,7,9,0,0,0,4,3,1,10
081982,Sant Antoni de Vilamajor,341,254,87,33,28,5,48,27,21,113
081995,Sant Bartomeu del Grau,50,70,-20,3,4,-1,22,8,14,-7
082009,Sant Boi de Llobregat,2571,2406,165,542,711,-169,1128,331,797,793
082016,Sant Boi de Lluçanès,35,34,1,5,4,1,7,1,6,8
431362,Sant Carles de la Ràpita,557,407,150,215,269,-54,292,138,154,250
082037,Sant Cebrià de Vallalta,210,175,35,16,9,7,26,4,22,64
082021,Sant Celoni,688,613,75,80,133,-53,247,84,163,185
082042,Sant Climent de Llobregat,179,119,60,8,8,0,15,7,8,68
171582,Sant Climent Sescebes,40,32,8,10,8,2,6,0,6,16
082055,Sant Cugat del Vallès,3438,2222,1216,581,536,45,1550,1318,232,1493
082068,Sant Cugat Sesgarrigues,42,37,5,0,8,-8,10,3,7,4
251961,Sant Esteve de la Sarga,5,11,-6,2,0,2,0,0,0,-4
082074,Sant Esteve de Palautordera,159,110,49,10,8,2,38,26,12,63
082080,Sant Esteve Sesrovires,443,245,198,51,51,0,79,28,51,249
171595,Sant Feliu de Buixalleu,23,25,-2,3,0,3,4,1,3,4
082107,Sant Feliu de Codines,322,286,36,16,35,-19,101,96,5,22
171609,Sant Feliu de Guíxols,660,801,-141,153,183,-30,611,297,314,143
082114,Sant Feliu de Llobregat,1201,1328,-127,259,334,-75,465,307,158,-44
171616,Sant Feliu de Pallerols,47,49,-2,10,9,1,29,2,27,26
082129,Sant Feliu Sasserra,16,21,-5,2,1,1,10,1,9,5
171621,Sant Ferriol,10,12,-2,3,1,2,6,2,4,4
082093,Sant Fost de Campsentelles,564,307,257,25,20,5,60,14,46,308
082135,Sant Fruitós de Bages,425,298,127,27,40,-13,57,24,33,147
171637,Sant Gregori,154,83,71,5,8,-3,24,10,14,82
251924,Sant Guim de Freixenet,35,57,-22,4,5,-1,35,0,35,12
251977,Sant Guim de la Plana,4,2,2,0,0,0,1,0,1,3
171642,Sant Hilari Sacalm,105,164,-59,28,38,-10,133,27,106,37
082153,Sant Hipòlit de Voltregà,139,166,-27,16,7,9,50,17,33,15
081939,Sant Iscle de Vallalta,65,48,17,5,9,-4,6,1,5,18
439023,Sant Jaume d'Enveja,134,88,46,10,25,-15,20,14,6,37
082166,Sant Jaume de Frontanyà,3,3,0,0,0,0,0,0,0,0
171655,Sant Jaume de Llierca,31,39,-8,5,0,5,12,1,11,8
431378,Sant Jaume dels Domenys,149,127,22,22,12,10,19,17,2,34
171674,Sant Joan de les Abadesses,92,94,-2,8,20,-12,17,3,14,0
171680,Sant Joan de Mollet,33,30,3,0,4,-4,5,1,4,3
082188,Sant Joan de Vilatorrada,344,341,3,43,49,-6,152,41,111,108
082172,Sant Joan Despí,1051,1167,-116,187,224,-37,333,103,230,77
171851,Sant Joan les Fonts,119,90,29,13,7,6,23,5,18,53
171668,Sant Jordi Desvalls,34,27,7,3,0,3,10,0,10,20
089030,Sant Julià de Cerdanyola,22,9,13,0,0,0,0,0,0,13
171693,Sant Julià de Ramis,183,114,69,9,17,-8,42,16,26,87
082205,Sant Julià de Vilatorta,109,84,25,3,9,-6,9,7,2,21
179032,Sant Julià del Llor i Bonmatí,70,48,22,4,7,-3,23,1,22,41
082212,Sant Just Desvern,572,479,93,72,84,-12,282,96,186,267
082227,Sant Llorenç d'Hortons,148,69,79,4,20,-16,38,6,32,95
171714,Sant Llorenç de la Muga,6,9,-3,1,1,0,1,0,1,-2
251930,Sant Llorenç de Morunys,37,35,2,2,2,0,21,1,20,22
082233,Sant Llorenç Savall,138,102,36,12,12,0,22,4,18,54
082251,Sant Martí d'Albars,3,2,1,0,0,0,0,0,0,1
082248,Sant Martí de Centelles,58,61,-3,1,6,-5,17,9,8,0
171729,Sant Martí de Llémena,38,29,9,1,6,-5,13,1,12,16
259025,Sant Martí de Riucorb,20,21,-1,3,0,3,4,1,3,5
082264,Sant Martí de Tous,31,24,7,2,3,-1,1,5,-4,2
082270,Sant Martí Sarroca,169,131,38,24,23,1,34,14,20,59
082286,Sant Martí Sesgueioles,18,18,0,0,1,-1,0,0,0,-1
171735,Sant Martí Vell,14,11,3,2,0,2,6,0,6,11
082299,Sant Mateu de Bages,15,26,-11,1,5,-4,6,1,5,-10
171740,Sant Miquel de Campmajor,10,7,3,1,1,0,1,0,1,4
171753,Sant Miquel de Fluvià,43,37,6,8,1,7,15,9,6,19
171766,Sant Mori,8,7,1,0,0,0,1,0,1,2
171772,Sant Pau de Segúries,40,29,11,3,5,-2,11,3,8,17
082310,Sant Pere de Ribes,1521,1230,291,204,208,-4,483,244,239,526
082325,Sant Pere de Riudebitlles,115,105,10,9,15,-6,19,22,-3,1
082331,Sant Pere de Torelló,95,53,42,16,5,11,21,9,12,65
082346,Sant Pere de Vilamajor,263,169,94,19,13,6,13,13,0,100
171788,Sant Pere Pescador,100,102,-2,11,4,7,100,47,53,58
081897,Sant Pere Sallavinera,3,3,0,0,1,-1,0,0,0,-1
082359,Sant Pol de Mar,271,208,63,29,13,16,101,61,40,119
082362,Sant Quintí de Mediona,88,114,-26,5,9,-4,25,13,12,-18
082378,Sant Quirze de Besora,69,53,16,6,3,3,31,2,29,48
082384,Sant Quirze del Vallès,670,585,85,70,121,-51,126,56,70,104
082397,Sant Quirze Safaja,61,36,25,2,3,-1,7,1,6,30
251945,Sant Ramon,16,19,-3,8,2,6,19,0,19,22
082401,Sant Sadurní d'Anoia,533,363,170,71,76,-5,168,61,107,272
082418,Sant Sadurní d'Osormort,14,4,10,0,0,0,1,0,1,11
080983,Sant Salvador de Guardiola,158,160,-2,16,9,7,30,3,27,32
082628,Sant Vicenç de Castellet,566,316,250,53,60,-7,103,21,82,325
082649,Sant Vicenç de Montalt,398,245,153,20,51,-31,60,8,52,174
082652,Sant Vicenç de Torelló,78,51,27,5,12,-7,5,4,1,21
082634,Sant Vicenç dels Horts,937,940,-3,183,221,-38,237,101,136,95
431384,Santa Bàrbara,129,118,11,21,39,-18,75,96,-21,-28
082439,Santa Cecília de Voltregà,8,13,-5,0,0,0,0,0,0,-5
082444,Santa Coloma de Cervelló,320,300,20,28,50,-22,39,25,14,12
171805,Santa Coloma de Farners,354,318,36,64,70,-6,264,7,257,287
082457,Santa Coloma de Gramenet,6023,6831,-808,1204,1460,-256,3936,3198,738,-326
431397,Santa Coloma de Queralt,98,74,24,12,19,-7,25,17,8,25
171812,Santa Cristina d'Aro,396,191,205,29,41,-12,117,34,83,276
082460,Santa Eugènia de Berga,76,92,-16,8,6,2,35,23,12,-2
082476,Santa Eulàlia de Riuprimer,66,29,37,4,2,2,2,1,1,40
082482,Santa Eulàlia de Ronçana,337,253,84,36,36,0,35,18,17,101
082495,Santa Fe del Penedès,7,14,-7,0,0,0,6,3,3,-4
171827,Santa Llogaia d'Àlguema,25,23,2,2,1,1,6,0,6,9
082508,Santa Margarida de Montbui,359,454,-95,57,54,3,130,31,99,7
082515,Santa Margarida i els Monjos,406,382,24,83,56,27,132,52,80,131
082589,Santa Maria d'Oló,32,53,-21,4,5,-1,15,1,14,-8
082536,Santa Maria de Besora,6,9,-3,0,1,-1,0,0,0,-4
082567,Santa Maria de Martorelles,66,37,29,4,6,-2,15,0,15,42
082554,Santa Maria de Merlès,4,3,1,2,0,2,0,1,-1,2
082573,Santa Maria de Miralles,7,5,2,0,0,0,0,0,0,2
082592,Santa Maria de Palautordera,429,346,83,38,48,-10,140,14,126,199
431401,Santa Oliva,212,140,72,18,38,-20,39,15,24,76
171848,Santa Pau,45,43,2,4,5,-1,17,0,17,18
082606,Santa Perpètua de Mogoda,964,846,118,182,171,11,463,184,279,408
082613,Santa Susanna,239,156,83,18,19,-1,63,26,37,119
081923,Santpedor,273,215,58,19,19,0,55,76,-21,37
431423,Sarral,89,77,12,8,16,-8,30,7,23,27
171864,Sarrià de Ter,235,158,77,27,31,-4,51,40,11,84
252017,Sarroca de Bellera,5,10,-5,0,0,0,3,0,3,-2
252000,Sarroca de Lleida,5,12,-7,3,1,2,1,0,1,-4
171870,"Saus, Camallera i Llampaies",31,35,-4,3,5,-2,9,0,9,3
431439,Savallà del Comtat,3,3,0,0,0,0,0,0,0,0
431444,"Secuita, la",83,53,30,4,7,-3,15,3,12,39
171886,"Selva de Mar, la",12,6,6,4,1,3,1,0,1,10
431457,"Selva del Camp, la",240,151,89,32,33,-1,53,1,52,140
431460,Senan,3,3,0,0,0,0,0,0,0,0
430445,"Sénia, la",75,88,-13,141,110,31,162,229,-67,-49
252022,Senterada,14,11,3,3,3,0,1,0,1,4
250352,"Sentiu de Sió, la",16,27,-11,1,3,-2,1,0,1,-12
082671,Sentmenat,429,265,164,30,37,-7,60,10,50,207
171903,Serinyà,36,35,1,3,11,-8,11,1,10,3
252043,Seròs,30,42,-12,14,34,-20,24,27,-3,-35
171910,Serra de Daró,12,15,-3,0,0,0,2,0,2,-1
171925,Setcases,8,4,4,0,0,0,3,0,3,7
252038,"Seu d'Urgell, la",372,353,19,121,200,-79,284,148,136,76
082690,Seva,174,102,72,8,8,0,26,11,15,87
252056,Sidamon,45,25,20,0,2,-2,1,2,-1,17
171931,Sils,381,211,170,25,34,-9,70,12,58,219
082704,Sitges,1241,1194,47,272,254,18,722,350,372,437
170524,Siurana,8,16,-8,0,3,-3,8,0,8,-3
082711,Sobremunt,4,8,-4,0,0,0,0,0,0,-4
252069,"Soleràs, el",4,20,-16,1,6,-5,4,0,4,-17
431476,Solivella,21,19,2,0,2,-2,8,0,8,8
252075,Solsona,229,286,-57,56,64,-8,172,146,26,-39
082726,Sora,9,7,2,4,0,4,0,0,0,6
252081,Soriguera,25,26,-1,5,1,4,6,2,4,7
252094,Sort,93,113,-20,25,34,-9,47,30,17,-12
252108,Soses,51,50,1,24,22,2,37,5,32,35
082732,Subirats,154,134,20,17,6,11,24,16,8,39
252115,Sudanell,36,20,16,7,3,4,6,0,6,26
252120,Sunyer,4,9,-5,6,0,6,4,0,4,5
082747,Súria,121,164,-43,29,18,11,53,14,39,7
171946,Susqueda,12,10,2,0,0,0,2,0,2,4
082763,Tagamanent,21,17,4,1,1,0,4,0,4,8
082779,Talamanca,21,10,11,0,1,-1,0,0,0,10
252154,Talarn,20,16,4,7,24,-17,8,1,7,-6
252167,Talavera,6,8,-2,0,1,-1,0,0,0,-3
171959,"Tallada d'Empordà, la",27,8,19,0,1,-1,3,4,-1,17
082785,Taradell,164,165,-1,16,18,-2,43,26,17,14
431482,Tarragona,3458,4002,-544,1697,1679,18,3511,790,2721,2195
252173,Tàrrega,546,549,-3,129,123,6,404,208,196,199
252189,Tarrés,6,6,0,0,0,0,0,0,0,0
252192,Tarroja de Segarra,1,1,0,0,1,-1,0,0,0,-1
082750,Tavèrnoles,12,28,-16,0,0,0,1,0,1,-15
082802,Tavertet,11,7,4,2,0,2,5,0,5,11
082819,Teià,262,194,68,18,25,-7,53,12,41,102
252206,Térmens,38,47,-9,11,9,2,50,1,49,42
171962,Terrades,22,7,15,0,0,0,5,1,4,19
082798,Terrassa,5525,4679,846,1811,1756,55,4222,1851,2371,3272
082824,Tiana,270,235,35,26,41,-15,46,11,35,55
252213,Tírvia,7,3,4,6,7,-1,0,0,0,3
252228,Tiurana,13,5,8,1,0,1,0,0,0,9
431495,Tivenys,24,10,14,3,3,0,12,1,11,25
431508,Tivissa,29,60,-31,2,11,-9,23,0,23,-17
082830,Tona,351,221,130,29,42,-13,52,44,8,125
252234,Torà,46,57,-11,14,17,-3,37,3,34,20
082845,Tordera,1075,607,468,95,141,-46,119,38,81,503
082858,Torelló,391,350,41,49,69,-20,159,119,40,61
252249,"Torms, els",3,8,-5,0,0,0,0,0,0,-5
252252,Tornabous,24,29,-5,2,1,1,10,0,10,6
252271,"Torre de Cabdella, la",38,32,6,4,1,3,9,0,9,18
082861,"Torre de Claramunt, la",227,149,78,20,21,-1,18,8,10,87
431515,"Torre de Fontaubella, la",7,4,3,5,0,5,3,0,3,11
431520,"Torre de l'Espanyol, la",30,21,9,6,3,3,16,0,16,28
252265,Torrebesses,4,1,3,0,0,0,0,0,0,3
431536,Torredembarra,615,653,-38,164,204,-40,335,134,201,123
252287,Torrefarrera,243,122,121,45,28,17,51,8,43,181
259078,Torrefeta i Florejacs,22,26,-4,1,2,-1,5,0,5,0
252304,Torregrossa,51,68,-17,4,2,2,38,1,37,22
252311,Torrelameu,46,22,24,8,9,-1,13,1,12,35
082877,Torrelavit,96,35,61,11,5,6,13,0,13,80
082883,Torrelles de Foix,177,186,-9,22,25,-3,50,38,12,0
082896,Torrelles de Llobregat,295,157,138,26,23,3,57,30,27,168
171978,Torrent,12,4,8,0,3,-3,2,0,2,7
252326,Torres de Segre,58,75,-17,10,10,0,33,1,32,15
252332,Torre-serona,14,15,-1,6,7,-1,3,0,3,1
171984,Torroella de Fluvià,44,44,0,3,2,1,18,16,2,3
171997,Torroella de Montgrí,406,450,-44,64,111,-47,410,184,226,135
431541,Torroja del Priorat,6,10,-4,0,1,-1,3,0,3,-2
172001,Tortellà,32,34,-2,1,1,0,4,0,4,2
431554,Tortosa,448,1168,-720,179,542,-363,648,247,401,-682
172018,Toses,15,12,3,0,2,-2,0,0,0,1
172023,Tossa de Mar,196,172,24,66,86,-20,165,18,147,151
252347,Tremp,199,183,16,86,109,-23,170,7,163,156
172044,Ullà,87,92,-5,6,8,-2,47,32,15,8
082900,Ullastrell,154,63,91,6,10,-4,5,0,5,92
172057,Ullastret,22,13,9,2,1,1,0,0,0,10
431567,Ulldecona,151,119,32,109,146,-37,210,21,189,184
431573,Ulldemolins,30,19,11,1,1,0,2,0,2,13
172039,Ultramort,8,8,0,3,0,3,2,1,1,4
172060,Urús,16,5,11,0,3,-3,0,1,-1,7
082917,Vacarisses,290,250,40,13,20,-7,33,2,31,64
170144,"Vajol, la",5,8,-3,0,0,0,0,0,0,-3
172076,"Vall d'en Bas, la",116,71,45,5,3,2,5,0,5,52
172082,"Vall de Bianya, la",62,52,10,5,4,1,3,3,0,11
250432,"Vall de Boí, la",42,57,-15,14,6,8,16,0,16,9
259010,Vall de Cardós,16,20,-4,7,4,3,21,3,18,17
082922,Vallbona d'Anoia,69,50,19,3,2,1,17,2,15,35
252385,Vallbona de les Monges,10,8,2,1,0,1,2,0,2,5
082938,Vallcebre,9,11,-2,0,0,0,0,0,0,-2
431589,Vallclara,14,16,-2,1,0,1,0,0,0,-1
252402,Vallfogona de Balaguer,78,66,12,2,3,-1,33,9,24,35
171707,Vallfogona de Ripollès,12,14,-2,2,2,0,0,0,0,-2
431592,Vallfogona de Riucorb,4,10,-6,0,0,0,2,0,2,-4
082943,Vallgorguina,174,137,37,16,34,-18,24,9,15,34
082956,Vallirana,677,473,204,78,78,0,111,68,43,247
172095,Vall-llobrega,46,34,12,4,2,2,2,0,2,16
431606,Vallmoll,93,86,7,11,11,0,16,17,-1,6
082969,Vallromanes,105,62,43,9,10,-1,22,5,17,59
431613,Valls,772,841,-69,190,208,-18,463,136,327,240
259062,"Valls d'Aguilar, les",12,8,4,0,3,-3,3,2,1,2
252398,"Valls de Valira, les",21,56,-35,8,13,-5,50,10,40,0
431628,Vandellòs i l'Hospitalet de l'Infant,297,249,48,74,76,-2,113,99,14,60
259097,"Vansa i Fórnols, la",16,2,14,5,1,4,1,0,1,19
082975,Veciana,10,12,-2,0,1,-1,0,0,0,-3
431634,"Vendrell, el",2024,1699,325,309,358,-49,642,170,472,748
172109,Ventalló,62,50,12,8,7,1,8,0,8,21
252424,Verdú,27,31,-4,2,7,-5,13,1,12,3
172116,Verges,39,67,-28,5,5,0,8,9,-1,-29
431649,Vespella de Gaià,33,29,4,4,4,0,3,1,2,6
082981,Vic,1371,1453,-82,381,313,68,1007,375,632,618
172121,Vidrà,1,5,-4,0,0,0,0,0,0,-4
172137,Vidreres,432,375,57,43,52,-9,125,37,88,136
252430,Vielha e Mijaran,182,245,-63,163,212,-49,193,44,149,37
431652,Vilabella,16,28,-12,4,0,4,7,5,2,-6
172142,Vilabertran,28,16,12,1,2,-1,10,2,8,19
172155,Vilablareix,64,78,-14,2,2,0,2,2,0,-14
082994,Vilada,17,22,-5,0,3,-3,1,0,1,-7
172174,Viladamat,31,9,22,6,1,5,3,1,2,29
172168,Viladasens,5,6,-1,1,1,0,7,0,7,6
083015,Viladecans,1945,2053,-108,476,576,-100,709,258,451,243
083008,Viladecavalls,325,225,100,45,41,4,37,11,26,130
172180,Vilademuls,47,46,1,8,5,3,11,5,6,10
172207,Viladrau,58,46,12,8,3,5,18,1,17,34
172214,Vilafant,255,178,77,11,18,-7,25,10,15,85
083054,Vilafranca del Penedès,1562,1360,202,294,328,-34,764,182,582,750
252445,Vilagrassa,30,29,1,7,0,7,0,2,-2,6
172235,Vilajuïga,47,43,4,7,9,-2,9,0,9,11
431750,Vilalba dels Arcs,14,10,4,2,2,0,5,3,2,6
083067,Vilalba Sasserra,88,40,48,3,5,-2,10,0,10,56
252458,Vilaller,18,30,-12,9,9,0,27,1,26,14
172240,Vilallonga de Ter,30,28,2,0,2,-2,2,0,2,2
431665,Vilallonga del Camp,149,79,70,4,3,1,21,0,21,92
172253,Vilamacolum,16,16,0,1,1,0,11,9,2,2
172266,Vilamalla,53,62,-9,9,9,0,2,2,0,-9
172272,Vilamaniscle,5,11,-6,0,0,0,0,0,0,-6
252477,Vilamòs,7,14,-7,0,7,-7,0,2,-2,-16
172288,Vilanant,17,12,5,1,2,-1,6,0,6,10
431671,Vilanova d'Escornalbou,34,20,14,2,1,1,13,5,8,23
252483,Vilanova de Bellpuig,33,29,4,2,0,2,14,5,9,15
252496,Vilanova de l'Aguda,6,5,1,1,2,-1,1,0,1,1
252542,Vilanova de la Barca,74,54,20,13,12,1,63,1,62,83
252509,Vilanova de Meià,21,13,8,2,0,2,3,0,3,13
431687,Vilanova de Prades,3,5,-2,0,1,-1,3,0,3,0
083036,Vilanova de Sau,8,9,-1,0,1,-1,3,0,3,1
252516,Vilanova de Segrià,46,32,14,3,11,-8,21,3,18,24
083020,Vilanova del Camí,605,513,92,54,86,-32,151,60,91,151
089024,Vilanova del Vallès,275,146,129,15,18,-3,25,5,20,146
083073,Vilanova i la Geltrú,2216,1968,248,539,644,-105,1109,519,590,733
431690,Vilaplana,19,13,6,3,0,3,9,0,9,18
431704,Vila-rodona,82,68,14,9,4,5,18,2,16,35
172305,Vila-sacra,68,20,48,4,5,-1,1,3,-2,45
252521,Vila-sana,27,14,13,1,2,-1,10,0,10,22
431711,Vila-seca,1130,845,285,327,346,-19,572,152,420,686
082140,Vilassar de Dalt,319,294,25,34,32,2,66,51,15,42
082191,Vilassar de Mar,915,659,256,115,129,-14,216,167,49,291
172229,Vilaür,5,8,-3,0,0,0,1,0,1,-2
431726,Vilaverd,32,27,5,2,3,-1,3,6,-3,1
431732,"Vilella Alta, la",4,3,1,0,0,0,0,0,0,1
431747,"Vilella Baixa, la",15,10,5,3,4,-1,2,1,1,5
172333,Vilobí d'Onyar,130,108,22,13,18,-5,38,12,26,43
083041,Vilobí del Penedès,45,27,18,3,4,-1,6,23,-17,0
172327,Vilopriu,10,7,3,0,0,0,0,2,-2,1
252537,"Vilosell, el",12,16,-4,0,0,0,2,0,2,-2
431763,Vimbodí i Poblet,49,43,6,10,5,5,5,0,5,16
252555,Vinaixa,21,17,4,2,6,-4,4,3,1,1
431779,Vinebre,12,24,-12,5,1,4,6,5,1,-7
431785,Vinyols i els Arcs,168,101,67,6,19,-13,36,2,34,88
083089,Viver i Serrateix,4,9,-5,0,0,0,1,1,0,-5
430521,Xerta,20,21,-1,3,5,-2,13,10,3,0

