Codi,Literal,Migracions internes  amb la resta de Catalunya  immigracions,Migracions internes  amb la resta de Catalunya  emigracions,Migracions internes  amb la resta de Catalunya  saldo migratori,Migracions internes  amb la resta d'Espanya  immigracions,Migracions internes  amb la resta d'Espanya  emigracions,Migracions internes  amb la resta d'Espanya  saldo migratori,Migracions externes  immigracions,Migracions externes  emigracions,Migracions externes  saldo migratori,Saldo migratori total
250019,Abella de la Conca,6,4,2,2,2,0,1,0,1,3
080018,Abrera,831,480,351,71,90,-19,185,10,175,507
250024,Àger,33,22,11,1,2,-1,11,0,11,21
250030,Agramunt,198,211,-13,18,37,-19,137,41,96,64
080023,Aguilar de Segarra,14,11,3,0,0,0,2,0,2,5
170010,Agullana,27,60,-33,10,4,6,21,0,21,-6
080142,Aiguafreda,143,128,15,9,16,-7,28,0,28,36
430017,Aiguamúrcia,74,42,32,2,1,1,7,1,6,39
170025,Aiguaviva,41,27,14,0,3,-3,4,2,2,13
250387,Aitona,77,60,17,66,68,-2,65,26,39,54
250045,"Alamús, els",36,14,22,5,11,-6,11,9,2,18
250058,Alàs i Cerc,10,15,-5,0,1,-1,0,1,-1,-7
250061,"Albagés, l'",12,19,-7,2,2,0,2,1,1,-6
170031,Albanyà,6,10,-4,0,0,0,5,0,5,1
250077,Albatàrrec,177,54,123,12,15,-3,22,16,6,126
250083,Albesa,44,57,-13,5,5,0,19,4,15,2
250096,"Albi, l'",44,26,18,4,3,1,7,2,5,24
430022,Albinyana,207,129,78,13,20,-7,11,10,1,72
430038,"Albiol, l'",40,14,26,0,1,-1,2,1,1,26
170046,Albons,58,45,13,5,5,0,10,2,8,21
430043,Alcanar,339,229,110,122,162,-40,361,3,358,428
250100,Alcanó,4,5,-1,0,0,0,0,0,0,-1
250117,Alcarràs,508,193,315,69,63,6,226,4,222,543
250122,Alcoletge,156,112,44,13,26,-13,30,10,20,51
430056,Alcover,220,128,92,17,20,-3,109,3,106,195
439044,"Aldea, l'",120,141,-21,39,16,23,126,2,124,126
430069,Aldover,48,22,26,5,2,3,40,4,36,65
430075,"Aleixar, l'",44,14,30,5,1,4,23,0,23,57
080039,Alella,459,458,1,42,43,-1,145,26,119,119
430081,Alfara de Carles,11,11,0,1,4,-3,5,0,5,2
250138,Alfarràs,88,89,-1,47,61,-14,54,43,11,-4
250143,Alfés,13,8,5,1,0,1,1,0,1,7
430094,Alforja,153,54,99,26,9,17,29,2,27,143
250156,Algerri,13,18,-5,2,5,-3,2,0,2,-6
250169,Alguaire,75,120,-45,26,19,7,57,20,37,-1
250175,Alins,13,5,8,0,1,-1,8,0,8,15
430108,Alió,15,19,-4,2,2,0,2,0,2,-2
250194,Almacelles,108,143,-35,91,88,3,83,16,67,35
250208,Almatret,6,10,-4,0,3,-3,2,1,1,-6
250215,Almenar,111,96,15,45,44,1,56,29,27,43
430115,Almoster,70,44,26,4,1,3,5,0,5,34
250220,Alòs de Balaguer,6,16,-10,0,1,-1,2,1,1,-10
170062,Alp,108,92,16,31,27,4,90,5,85,105
080044,Alpens,10,12,-2,0,0,0,0,0,0,-2
250236,Alpicat,463,180,283,42,67,-25,54,18,36,294
250241,Alt Àneu,18,18,0,2,1,1,2,1,1,2
430120,Altafulla,290,181,109,31,19,12,63,15,48,169
170078,Amer,77,72,5,11,3,8,29,2,27,40
430136,"Ametlla de Mar, l'",291,213,78,64,53,11,256,7,249,338
080057,"Ametlla del Vallès, l'",476,396,80,22,30,-8,75,41,34,106
439060,"Ampolla, l'",118,109,9,18,35,-17,78,4,74,66
430141,Amposta,763,535,228,268,200,68,479,197,282,578
170084,Anglès,207,243,-36,18,21,-3,97,8,89,50
250273,Anglesola,44,52,-8,3,2,1,27,5,22,15
250292,Arbeca,47,84,-37,10,14,-4,76,23,53,12
430167,"Arboç, l'",337,190,147,44,49,-5,108,33,75,217
430154,Arbolí,16,6,10,0,0,0,1,0,1,11
170097,Arbúcies,181,205,-24,30,47,-17,232,42,190,149
080060,Arenys de Mar,765,651,114,83,112,-29,209,59,150,235
080076,Arenys de Munt,481,374,107,15,60,-45,86,16,70,132
170101,Argelaguer,21,12,9,1,0,1,5,0,5,15
080082,Argençola,9,7,2,0,1,-1,18,0,18,19
430173,"Argentera, l'",4,22,-18,0,0,0,3,0,3,-15
080095,Argentona,631,468,163,34,60,-26,65,15,50,187
170118,"Armentera, l'",33,28,5,6,4,2,9,8,1,8
430189,Arnes,11,12,-1,5,3,2,2,1,1,2
250313,Arres,7,2,5,0,0,0,2,0,2,7
250328,Arsèguel,3,4,-1,0,1,-1,0,0,0,-2
080109,Artés,260,182,78,17,25,-8,72,17,55,125
250334,Artesa de Lleida,58,41,17,14,9,5,10,0,10,32
250349,Artesa de Segre,100,147,-47,20,10,10,182,36,146,109
430192,Ascó,57,58,-1,8,9,-1,27,0,27,25
250365,Aspa,7,7,0,0,0,0,0,0,0,0
250371,"Avellanes i Santa Linya, les",21,15,6,5,4,1,6,0,6,13
080116,Avià,135,84,51,4,6,-2,14,6,8,57
080121,Avinyó,105,51,54,4,10,-6,27,4,23,71
170123,Avinyonet de Puigventós,172,79,93,6,10,-4,9,2,7,96
080137,Avinyonet del Penedès,75,79,-4,6,5,1,18,2,16,13
080155,Badalona,9078,11546,-2468,1473,2364,-891,5408,4917,491,-2868
089045,Badia del Vallès,664,794,-130,81,144,-63,122,35,87,-106
080168,Bagà,115,65,50,16,9,7,30,1,29,86
250390,Baix Pallars,26,21,5,0,1,-1,5,0,5,9
250404,Balaguer,530,639,-109,116,184,-68,553,204,349,172
080174,Balenyà,239,139,100,17,23,-6,43,12,31,125
080180,Balsareny,105,85,20,15,11,4,78,10,68,92
430206,Banyeres del Penedès,278,138,140,9,27,-18,24,2,22,144
170157,Banyoles,564,494,70,69,154,-85,350,63,287,272
250411,Barbens,39,40,-1,7,12,-5,13,3,10,4
430213,Barberà de la Conca,40,45,-5,4,0,4,17,0,17,16
082520,Barberà del Vallès,1714,1312,402,119,239,-120,264,97,167,449
080193,Barcelona,32215,53313,-21098,14406,15915,-1509,58645,24085,34560,11953
250426,"Baronia de Rialb, la",12,10,2,0,1,-1,3,0,3,4
170160,Bàscara,45,32,13,8,4,4,11,3,8,25
250447,Bassella,6,10,-4,0,0,0,4,0,4,0
430228,Batea,21,44,-23,13,17,-4,43,11,32,5
250450,Bausen,7,0,7,3,0,3,0,0,0,10
080207,Begues,337,227,110,18,25,-7,72,15,57,160
170139,Begur,210,197,13,12,34,-22,98,16,82,73
250463,Belianes,19,27,-8,4,0,4,5,5,0,-4
251706,Bellaguarda,13,13,0,0,2,-2,5,1,4,2
170182,Bellcaire d'Empordà,33,47,-14,6,1,5,10,3,7,-2
250479,Bellcaire d'Urgell,43,41,2,2,10,-8,8,0,8,2
250485,Bell-lloc d'Urgell,110,69,41,9,8,1,39,20,19,61
250498,Bellmunt d'Urgell,6,10,-4,0,0,0,0,0,0,-4
430234,Bellmunt del Priorat,14,5,9,0,1,-1,11,3,8,16
080214,Bellprat,5,8,-3,0,0,0,0,0,0,-3
250501,Bellpuig,202,148,54,35,32,3,92,1,91,148
430249,Bellvei,202,114,88,11,13,-2,32,3,29,115
250518,Bellver de Cerdanya,116,113,3,10,8,2,63,11,52,57
250523,Bellvís,44,63,-19,13,17,-4,193,14,179,156
250539,Benavent de Segrià,141,46,95,27,12,15,13,2,11,121
430252,Benifallet,0,22,-22,0,2,-2,0,0,0,-24
430265,Benissanet,45,38,7,7,10,-3,63,19,44,48
080229,Berga,589,562,27,96,84,12,355,60,295,334
170195,Besalú,95,75,20,8,8,0,23,16,7,27
170209,Bescanó,347,134,213,9,12,-3,21,1,20,230
170216,Beuda,10,27,-17,2,0,2,6,0,6,-9
080235,Bigues i Riells del Fai,598,392,206,21,54,-33,28,3,25,198
250557,Biosca,8,14,-6,0,0,0,3,0,3,-3
170221,"Bisbal d'Empordà, la",389,306,83,47,66,-19,325,63,262,326
430271,"Bisbal de Falset, la",4,23,-19,0,0,0,1,0,1,-18
430287,"Bisbal del Penedès, la",449,150,299,24,29,-5,33,2,31,325
172348,Biure,10,4,6,0,0,0,5,0,5,11
430290,Blancafort,16,16,0,3,3,0,5,4,1,1
170237,Blanes,1731,1475,256,300,327,-27,1335,387,948,1177
170293,Boadella i les Escaules,2,9,-7,0,1,-1,4,0,4,-4
170242,Bolvir,41,20,21,6,6,0,12,0,12,33
430304,Bonastre,76,19,57,6,7,-1,9,4,5,61
250576,"Bòrdes, Es",13,17,-4,3,3,0,0,2,-2,-6
170255,Bordils,109,95,14,11,4,7,71,11,60,81
250582,"Borges Blanques, les",262,136,126,24,40,-16,108,23,85,195
430311,"Borges del Camp, les",135,80,55,7,15,-8,12,2,10,57
170268,Borrassà,40,26,14,0,2,-2,7,2,5,17
080240,Borredà,44,27,17,5,3,2,22,3,19,38
250595,Bossòst,63,63,0,24,35,-11,48,1,47,36
430326,Bot,15,15,0,0,1,-1,0,0,0,-1
430332,Botarell,82,73,9,5,1,4,13,3,10,23
250560,Bovera,6,16,-10,1,0,1,5,0,5,-4
430347,Bràfim,55,31,24,1,4,-3,9,4,5,26
170274,Breda,168,144,24,9,10,-1,17,2,15,38
080253,"Bruc, el",172,98,74,10,15,-5,22,1,21,90
080266,"Brull, el",13,5,8,1,2,-1,0,0,0,7
170280,Brunyola i Sant Martí Sapresa,23,17,6,4,2,2,0,0,0,8
430350,Cabacés,11,10,1,0,2,-2,1,0,1,0
250609,Cabanabona,0,10,-10,0,0,0,0,0,0,-10
170314,Cabanelles,10,22,-12,0,0,0,9,0,9,-3
170307,Cabanes,61,72,-11,0,0,0,11,0,11,0
080272,"Cabanyes, les",74,32,42,1,3,-2,3,4,-1,39
250616,Cabó,1,1,0,0,0,0,0,0,0,0
430363,Cabra del Camp,125,74,51,6,9,-3,22,3,19,67
080288,Cabrera d'Anoia,211,93,118,9,6,3,3,1,2,123
080291,Cabrera de Mar,283,198,85,14,20,-6,26,6,20,99
080305,Cabrils,469,353,116,20,26,-6,76,22,54,164
170329,Cadaqués,87,108,-21,12,29,-17,154,12,142,104
080312,Calaf,159,139,20,13,17,-4,131,20,111,127
430379,Calafell,2551,1492,1059,203,232,-29,538,68,470,1500
080348,Calders,64,34,30,4,3,1,6,0,6,37
080327,Caldes d'Estrac,259,210,49,14,13,1,78,12,66,116
170335,Caldes de Malavella,587,261,326,30,25,5,65,6,59,390
080333,Caldes de Montbui,762,626,136,67,117,-50,251,22,229,315
080351,Calella,1210,920,290,122,201,-79,682,192,490,701
080370,Calldetenes,145,104,41,4,5,-1,23,14,9,49
080386,Callús,84,55,29,4,8,-4,22,5,17,42
080364,Calonge de Segarra,2,5,-3,4,0,4,0,0,0,1
170340,Calonge i Sant Antoni,791,561,230,70,78,-8,318,17,301,523
250621,Camarasa,37,30,7,2,3,-1,6,0,6,12
439039,Camarles,74,101,-27,6,12,-6,164,10,154,121
430385,Cambrils,1790,1219,571,417,338,79,989,190,799,1449
170353,Camós,31,22,9,0,0,0,3,0,3,12
170366,Campdevànol,124,98,26,13,17,-4,28,3,25,47
170372,Campelles,3,0,3,0,0,0,0,0,0,3
080399,Campins,36,18,18,2,1,1,0,2,-2,17
170388,Campllong,34,19,15,1,4,-3,3,0,3,15
170391,Camprodon,158,115,43,18,15,3,73,9,64,110
250637,Canejan,2,3,-1,1,0,1,0,0,0,0
170405,Canet d'Adri,50,18,32,2,2,0,6,0,6,38
080403,Canet de Mar,807,432,375,76,90,-14,168,19,149,510
080410,Canovelles,1015,962,53,134,144,-10,484,71,413,456
080425,Cànoves i Samalús,244,108,136,11,19,-8,16,2,14,142
170412,Cantallops,17,15,2,5,2,3,14,1,13,18
080431,Canyelles,500,180,320,18,37,-19,41,17,24,325
430398,Capafonts,12,5,7,0,0,0,1,0,1,8
430402,Capçanes,9,17,-8,1,0,1,0,0,0,-7
080446,Capellades,233,244,-11,14,36,-22,40,5,35,2
170427,Capmany,27,15,12,3,7,-4,13,0,13,21
080459,Capolat,11,1,10,1,3,-2,0,0,0,8
080462,Cardedeu,735,664,71,57,73,-16,184,50,134,189
080478,Cardona,90,122,-32,27,11,16,24,2,22,6
080484,Carme,60,30,30,2,1,1,19,0,19,50
430419,Caseres,2,4,-2,3,3,0,2,0,2,0
170448,Cassà de la Selva,383,284,99,12,66,-54,153,32,121,166
080497,Casserres,94,74,20,2,5,-3,2,4,-2,15
080575,Castell de l'Areny,6,3,3,0,0,0,2,0,2,5
259046,Castell de Mur,14,4,10,2,2,0,1,0,1,11
250642,Castellar de la Ribera,9,8,1,0,0,0,0,0,0,1
080522,Castellar de n'Hug,36,21,15,0,2,-2,12,0,12,25
080500,Castellar del Riu,7,7,0,1,5,-4,0,0,0,-4
080517,Castellar del Vallès,1208,800,408,78,156,-78,246,91,155,485
080538,Castellbell i el Vilar,268,169,99,19,32,-13,43,5,38,124
080543,Castellbisbal,603,417,186,56,109,-53,118,60,58,191
080556,Castellcir,41,42,-1,0,0,0,11,0,11,10
250674,Castelldans,30,27,3,11,6,5,25,8,17,25
080569,Castelldefels,2608,2975,-367,668,775,-107,2169,624,1545,1071
080581,Castellet i la Gornal,220,109,111,11,14,-3,19,1,18,126
170464,Castellfollit de la Roca,50,55,-5,8,9,-1,22,9,13,7
080608,Castellfollit de Riubregós,11,14,-3,0,1,-1,0,0,0,-4
080594,Castellfollit del Boix,22,13,9,0,0,0,2,0,2,11
080615,Castellgalí,220,63,157,12,3,9,14,4,10,176
080620,Castellnou de Bages,120,54,66,1,2,-1,6,0,6,71
250680,Castellnou de Seana,33,36,-3,3,2,1,4,0,4,2
170470,Castelló d'Empúries,649,490,159,107,145,-38,929,75,854,975
250693,Castelló de Farfanya,44,25,19,1,3,-2,4,1,3,20
080636,Castellolí,19,16,3,0,2,-2,2,0,2,3
170486,Castell-Platja d'Aro,734,710,24,127,116,11,466,128,338,373
250707,Castellserà,36,38,-2,9,4,5,9,4,5,8
080641,Castellterçol,140,83,57,8,4,4,14,10,4,65
430424,Castellvell del Camp,124,81,43,0,0,0,11,1,10,53
080654,Castellví de la Marca,87,71,16,1,7,-6,21,15,6,16
080667,Castellví de Rosanes,126,67,59,3,3,0,15,6,9,68
430430,"Catllar, el",388,172,216,12,31,-19,36,2,34,231
250714,Cava,1,1,0,0,0,0,0,0,0,0
171899,"Cellera de Ter, la",67,74,-7,5,3,2,53,15,38,33
170499,Celrà,296,155,141,13,14,-1,99,41,58,198
080673,Centelles,374,203,171,21,17,4,56,6,50,225
082687,Cercs,63,69,-6,7,5,2,14,0,14,10
082665,Cerdanyola del Vallès,2160,2437,-277,330,411,-81,1112,381,731,373
080689,Cervelló,606,370,236,38,45,-7,48,13,35,264
250729,Cervera,334,426,-92,62,130,-68,374,184,190,30
250735,Cervià de les Garrigues,36,36,0,1,2,-1,3,1,2,1
170502,Cervià de Ter,51,48,3,0,0,0,16,2,14,17
170519,Cistella,13,17,-4,1,0,1,6,0,6,3
250740,Ciutadilla,7,11,-4,2,0,2,1,1,0,-2
250753,Clariana de Cardener,4,6,-2,0,0,0,1,0,1,-1
250766,"Cogul, el",2,4,-2,3,0,3,1,0,1,2
170545,Colera,22,45,-23,0,4,-4,17,0,17,-10
250772,Coll de Nargó,23,19,4,5,10,-5,21,3,18,17
080692,Collbató,330,166,164,12,16,-4,35,7,28,188
430458,Colldejou,4,6,-2,0,1,-1,4,2,2,-1
080706,Collsuspina,19,12,7,1,0,1,1,0,1,9
170558,Colomers,1,10,-9,0,0,0,5,0,5,-4
251636,"Coma i la Pedra, la",16,11,5,1,1,0,1,1,0,5
251615,Conca de Dalt,30,26,4,4,3,1,2,0,2,7
430461,Conesa,18,17,1,1,2,-1,0,0,0,0
430477,Constantí,356,299,57,64,45,19,266,4,262,338
080713,Copons,28,8,20,0,3,-3,4,0,4,21
430483,Corbera d'Ebre,29,31,-2,10,7,3,29,0,29,30
080728,Corbera de Llobregat,935,624,311,62,113,-51,291,117,174,434
250788,Corbins,63,51,12,22,15,7,15,4,11,30
170577,Corçà,60,70,-10,3,4,-1,12,2,10,-1
080734,Cornellà de Llobregat,3394,4157,-763,522,765,-243,1624,78,1546,540
170561,Cornellà del Terri,85,60,25,5,6,-1,10,6,4,28
430496,Cornudella de Montsant,63,44,19,7,5,2,16,1,15,36
430509,Creixell,336,168,168,24,21,3,52,1,51,222
170583,Crespià,13,12,1,2,0,2,2,0,2,5
179011,"Cruïlles, Monells i Sant Sadurní de l'Heura",76,55,21,6,12,-6,30,2,28,43
080749,Cubelles,1587,806,781,121,123,-2,252,65,187,966
250791,Cubells,6,15,-9,3,5,-2,7,1,6,-5
430516,Cunit,1634,836,798,126,114,12,323,38,285,1095
170600,Darnius,15,38,-23,13,0,13,11,1,10,0
170617,Das,24,10,14,0,3,-3,1,2,-1,10
439018,Deltebre,264,190,74,63,47,16,341,454,-113,-23
080752,Dosrius,426,261,165,24,42,-18,39,18,21,168
430537,Duesaigües,21,4,17,1,1,0,6,0,6,23
170622,"Escala, l'",500,335,165,89,69,20,300,11,289,474
080765,Esparreguera,915,928,-13,102,174,-72,252,32,220,135
170638,Espinelves,7,21,-14,1,0,1,0,0,0,-13
250812,"Espluga Calba, l'",22,21,1,1,7,-6,5,0,5,0
430542,"Espluga de Francolí, l'",137,140,-3,25,20,5,84,16,68,70
080771,Esplugues de Llobregat,2283,2878,-595,285,387,-102,818,96,722,25
170643,Espolla,31,15,16,2,0,2,3,0,3,21
170656,Esponellà,20,16,4,0,0,0,4,1,3,7
250827,Espot,9,16,-7,5,4,1,12,2,10,4
080787,"Espunyola, l'",5,19,-14,2,0,2,0,0,0,-12
082541,"Esquirol, l'",76,63,13,1,7,-6,20,3,17,24
250886,Estamariu,4,1,3,0,0,0,2,1,1,4
080790,"Estany, l'",8,15,-7,1,0,1,2,0,2,-4
250851,Estaràs,10,12,-2,0,0,0,0,0,0,-2
250864,Esterri d'Àneu,52,66,-14,14,12,2,37,7,30,18
250870,Esterri de Cardós,2,2,0,0,0,0,0,0,0,0
430555,Falset,97,73,24,20,14,6,41,42,-1,29
170059,"Far d'Empordà, el",32,18,14,3,0,3,4,0,4,21
250899,Farrera,8,9,-1,1,0,1,0,0,0,0
430568,"Fatarella, la",22,23,-1,2,3,-1,10,1,9,7
430574,"Febró, la",5,6,-1,0,0,0,0,0,0,-1
081347,Figaró-Montmany,89,65,24,7,10,-3,16,0,16,37
080804,Fígols,6,0,6,0,0,0,2,0,2,8
259084,Fígols i Alinyà,18,8,10,0,0,0,4,0,4,14
430580,"Figuera, la",6,10,-4,0,2,-2,7,0,7,1
170669,Figueres,1669,1833,-164,477,463,14,1652,77,1575,1425
430593,Figuerola del Camp,14,19,-5,5,2,3,1,1,0,-2
170675,Flaçà,57,65,-8,1,1,0,26,4,22,14
430607,Flix,105,102,3,15,20,-5,64,4,60,58
250925,"Floresta, la",12,7,5,0,5,-5,2,0,2,2
080826,Fogars de la Selva,175,83,92,9,11,-2,10,0,10,100
080811,Fogars de Montclús,40,33,7,2,0,2,6,4,2,11
170681,Foixà,10,11,-1,0,0,0,2,0,2,1
080832,Folgueroles,115,47,68,2,0,2,7,1,6,76
250931,Fondarella,40,42,-2,0,0,0,2,0,2,0
080847,Fonollosa,89,70,19,1,15,-14,2,0,2,7
170694,Fontanals de Cerdanya,34,13,21,2,2,0,5,0,5,26
170708,Fontanilles,9,18,-9,0,2,-2,1,0,1,-10
170715,Fontcoberta,62,44,18,2,2,0,13,1,12,30
080850,Font-rubí,95,68,27,4,3,1,18,1,17,45
250946,Foradada,9,12,-3,0,0,0,0,0,0,-3
179026,Forallac,65,73,-8,9,5,4,11,2,9,5
430614,Forès,1,5,-4,0,0,0,1,0,1,-3
170736,Fornells de la Selva,89,51,38,0,5,-5,24,1,23,56
170741,Fortià,32,26,6,4,2,2,7,0,7,15
080863,"Franqueses del Vallès, les",1318,917,401,96,124,-28,210,39,171,544
430629,Freginals,20,10,10,0,4,-4,15,4,11,17
250962,"Fuliola, la",42,44,-2,3,6,-3,27,1,26,21
250978,Fulleda,6,4,2,0,0,0,0,0,0,2
080902,Gaià,7,8,-1,1,0,1,1,0,1,1
430635,"Galera, la",26,35,-9,14,8,6,27,0,27,24
080879,Gallifa,25,18,7,0,3,-3,7,2,5,9
430640,Gandesa,55,117,-62,9,19,-10,109,36,73,1
430653,Garcia,32,16,16,0,0,0,10,1,9,25
430666,"Garidells, els",12,13,-1,1,0,1,0,0,0,0
080885,"Garriga, la",730,478,252,57,75,-18,161,18,143,377
170754,Garrigàs,17,8,9,0,1,-1,4,1,3,11
170767,Garrigoles,12,7,5,0,1,-1,3,0,3,7
170773,Garriguella,66,18,48,16,1,15,14,4,10,73
080898,Gavà,1872,2158,-286,275,455,-180,648,117,531,65
250984,Gavet de la Conca,13,19,-6,1,0,1,0,0,0,-5
080919,Gelida,422,263,159,31,67,-36,58,9,49,172
170789,Ger,28,43,-15,4,4,0,13,0,13,-2
259123,Gimenells i el Pla de la Font,24,28,-4,9,7,2,14,2,12,10
430672,Ginestar,50,32,18,7,8,-1,105,9,96,113
170792,Girona,4167,4323,-156,824,964,-140,3611,808,2803,2507
080924,Gironella,132,116,16,9,24,-15,36,5,31,32
080930,Gisclareny,1,0,1,0,0,0,0,0,0,1
430688,Godall,35,30,5,5,6,-1,46,4,42,46
250997,Golmés,112,82,30,7,16,-9,19,3,16,37
170806,Gombrèn,18,13,5,0,0,0,3,0,3,8
251001,Gósol,22,21,1,0,0,0,1,1,0,1
080945,"Granada, la",116,45,71,7,4,3,22,1,21,95
251018,"Granadella, la",21,33,-12,5,4,1,3,1,2,-9
080958,Granera,4,3,1,0,0,0,0,0,0,1
251023,"Granja d'Escarp, la",32,43,-11,11,9,2,13,1,12,3
080961,Granollers,2603,3248,-645,398,570,-172,1907,441,1466,649
251039,Granyanella,15,8,7,0,0,0,1,0,1,8
251057,Granyena de les Garrigues,3,15,-12,1,0,1,0,0,0,-11
251044,Granyena de Segarra,3,2,1,0,0,0,0,0,0,1
430691,Gratallops,11,12,-1,2,0,2,11,0,11,12
080977,Gualba,128,115,13,5,12,-7,13,3,10,16
170813,Gualta,12,34,-22,3,3,0,23,18,5,-17
080996,Guardiola de Berguedà,57,43,14,2,2,0,8,0,8,22
430705,"Guiamets, els",12,11,1,0,0,0,7,1,6,7
170828,Guils de Cerdanya,35,28,7,4,5,-1,10,1,9,15
251095,Guimerà,22,18,4,1,2,-1,2,0,2,5
259031,"Guingueta d'Àneu, la",25,16,9,2,12,-10,9,0,9,8
251109,Guissona,196,274,-78,35,75,-40,367,77,290,172
251116,Guixers,18,6,12,0,0,0,0,0,0,12
081000,Gurb,124,95,29,6,1,5,7,8,-1,33
430712,Horta de Sant Joan,19,14,5,7,11,-4,23,7,16,17
081017,"Hospitalet de Llobregat, l'",11541,15514,-3973,2017,2553,-536,9595,1555,8040,3531
081629,"Hostalets de Pierola, els",273,124,149,13,14,-1,27,5,22,170
170834,Hostalric,317,193,124,14,21,-7,49,14,35,152
081022,Igualada,1399,1507,-108,247,315,-68,748,118,630,454
251155,Isona i Conca Dellà,46,58,-12,5,5,0,17,1,16,4
170849,Isòvol,31,25,6,3,0,3,6,0,6,15
251137,Ivars d'Urgell,40,92,-52,13,20,-7,41,11,30,-29
251121,Ivars de Noguera,10,22,-12,1,0,1,4,0,4,-7
251142,Ivorra,8,3,5,0,0,0,0,1,-1,4
170852,Jafre,22,24,-2,2,1,1,21,0,21,20
170865,"Jonquera, la",116,196,-80,59,50,9,172,36,136,65
081038,Jorba,68,24,44,1,6,-5,0,1,-1,38
259101,Josa i Tuixén,6,12,-6,4,0,4,2,0,2,0
170871,Juià,25,45,-20,3,1,2,3,6,-3,-21
251180,Juncosa,12,16,-4,2,9,-7,5,3,2,-9
251193,Juneda,95,95,0,13,13,0,94,40,54,54
251214,Les,49,49,0,11,21,-10,54,1,53,43
251229,Linyola,90,63,27,38,11,27,44,19,25,79
081043,"Llacuna, la",65,47,18,1,6,-5,6,1,5,18
170887,Lladó,42,23,19,3,8,-5,1,2,-1,13
251235,Lladorre,7,6,1,0,0,0,0,0,0,1
251240,Lladurs,5,10,-5,0,1,-1,0,1,-1,-7
081056,"Llagosta, la",543,724,-181,82,150,-68,282,97,185,-64
170890,Llagostera,404,263,141,30,31,-1,149,10,139,279
170904,Llambilles,49,21,28,0,0,0,3,0,3,31
170911,Llanars,33,28,5,6,4,2,9,1,8,15
170926,Llançà,309,165,144,54,43,11,126,9,117,272
251253,Llardecans,11,24,-13,2,5,-3,9,0,9,-7
251266,Llavorsí,10,31,-21,4,2,2,7,0,7,-12
251207,Lleida,3206,4057,-851,1780,1724,56,3839,136,3703,2908
170932,Llers,38,70,-32,5,3,2,19,2,17,-13
251272,Lles de Cerdanya,0,5,-5,0,2,-2,0,0,0,-7
081075,Lliçà d'Amunt,1004,596,408,46,71,-25,82,11,71,454
081081,Lliçà de Vall,366,318,48,21,28,-7,33,26,7,48
251288,Llimiana,9,10,-1,0,0,0,1,0,1,0
081069,Llinars del Vallès,577,464,113,39,62,-23,105,52,53,143
170947,Llívia,135,62,73,13,15,-2,39,1,38,109
430727,"Lloar, el",7,4,3,0,0,0,1,0,1,4
251291,Llobera,7,4,3,0,0,0,0,0,0,3
430733,Llorac,4,7,-3,0,1,-1,4,0,4,0
430748,Llorenç del Penedès,84,76,8,17,11,6,16,7,9,23
170950,Lloret de Mar,2051,1251,800,458,549,-91,2570,264,2306,3015
170963,"Llosses, les",11,17,-6,4,1,3,1,0,1,-2
081094,Lluçà,14,12,2,0,2,-2,0,0,0,0
171024,Maçanet de Cabrenys,36,39,-3,11,11,0,6,2,4,1
171030,Maçanet de la Selva,761,329,432,28,53,-25,111,3,108,515
170979,Madremanya,10,14,-4,0,3,-3,1,0,1,-6
170985,Maià de Montcal,28,29,-1,2,0,2,4,2,2,3
251333,Maials,17,32,-15,6,1,5,10,4,6,-4
251305,Maldà,16,22,-6,1,2,-1,0,0,0,-7
081108,Malgrat de Mar,1102,771,331,104,178,-74,316,54,262,519
081115,Malla,17,8,9,0,0,0,2,0,2,11
081120,Manlleu,673,665,8,100,169,-69,431,50,381,320
081136,Manresa,2708,2496,212,534,535,-1,1469,270,1199,1410
430764,Marçà,23,17,6,6,9,-3,19,0,19,22
430751,Margalef,2,7,-5,0,0,0,0,0,0,-5
082423,Marganell,23,15,8,0,1,-1,2,0,2,9
081141,Martorell,950,1269,-319,251,292,-41,829,148,681,321
081154,Martorelles,263,287,-24,19,35,-16,16,0,16,-24
430770,Mas de Barberans,15,15,0,1,6,-5,9,3,6,1
171002,Masarac,18,16,2,1,0,1,2,0,2,5
430786,Masdenverge,82,44,38,9,1,8,28,6,22,68
081167,"Masies de Roda, les",37,14,23,3,0,3,6,4,2,28
081173,"Masies de Voltregà, les",146,124,22,4,14,-10,22,2,20,32
430799,Masllorenç,28,33,-5,0,2,-2,7,0,7,0
081189,"Masnou, el",1006,971,35,118,150,-32,240,78,162,165
430803,"Masó, la",17,7,10,0,0,0,0,0,0,10
430810,Maspujols,26,10,16,0,2,-2,3,0,3,17
081192,Masquefa,607,344,263,44,74,-30,47,11,36,269
430825,"Masroig, el",10,29,-19,4,9,-5,12,1,11,-13
251312,Massalcoreig,16,20,-4,13,8,5,9,9,0,1
171019,Massanes,88,51,37,4,8,-4,5,0,5,38
251327,Massoteres,27,25,2,0,1,-1,1,0,1,2
081206,Matadepera,378,323,55,13,26,-13,35,12,23,65
081213,Mataró,3576,3592,-16,718,1383,-665,2776,756,2020,1339
081228,Mediona,281,129,152,16,10,6,46,18,28,186
251348,Menàrguens,17,34,-17,1,3,-2,5,1,4,-15
170998,Meranges,4,1,3,0,0,0,1,1,0,3
171058,Mieres,19,36,-17,0,1,-1,7,0,7,-11
430831,"Milà, el",7,9,-2,2,3,-1,1,0,1,-2
251351,Miralcamp,97,62,35,4,8,-4,17,1,16,47
430846,Miravet,25,26,-1,4,2,2,18,3,15,16
081385,Moià,242,213,29,23,34,-11,101,27,74,92
430859,"Molar, el",4,11,-7,0,1,-1,8,0,8,0
081234,Molins de Rei,844,860,-16,89,175,-86,285,53,232,130
251370,Mollerussa,806,594,212,173,175,-2,568,159,409,619
171061,Mollet de Peralada,11,6,5,0,2,-2,0,1,-1,2
081249,Mollet del Vallès,1928,2454,-526,351,550,-199,1267,494,773,48
171077,Molló,15,5,10,0,0,0,0,0,0,10
251364,"Molsosa, la",2,2,0,0,0,0,2,1,1,1
081287,Monistrol de Calders,42,31,11,1,1,0,3,0,3,14
081271,Monistrol de Montserrat,219,142,77,10,24,-14,48,11,37,100
171096,Montagut i Oix,81,43,38,3,2,1,11,2,9,48
430862,Montblanc,255,243,12,50,65,-15,101,34,67,64
430884,Montbrió del Camp,178,84,94,14,11,3,29,4,25,122
081252,Montcada i Reixac,1407,1536,-129,174,277,-103,468,221,247,15
081304,Montclar,6,5,1,0,0,0,0,0,0,1
251399,Montellà i Martinet,41,40,1,1,1,0,3,0,3,4
081311,Montesquiu,63,71,-8,2,0,2,13,0,13,7
251403,Montferrer i Castellbò,53,51,2,9,14,-5,49,2,47,44
430897,Montferri,78,24,54,2,1,1,3,0,3,58
251386,Montgai,15,30,-15,0,0,0,1,1,0,-15
081265,Montgat,694,417,277,60,66,-6,81,41,40,311
081326,Montmajor,22,12,10,1,1,0,7,0,7,17
081332,Montmaneu,9,14,-5,2,0,2,0,0,0,-3
430901,"Montmell, el",261,108,153,13,14,-1,10,0,10,162
081350,Montmeló,320,381,-61,63,92,-29,92,42,50,-40
251425,Montoliu de Lleida,29,23,6,7,6,1,6,2,4,11
251410,Montoliu de Segarra,18,20,-2,0,0,0,0,0,0,-2
251431,Montornès de Segarra,14,10,4,0,0,0,0,0,0,4
081363,Montornès del Vallès,697,672,25,102,185,-83,349,94,255,197
430918,Mont-ral,10,8,2,1,3,-2,0,0,0,0
171100,Mont-ras,82,73,9,4,6,-2,18,2,16,23
430923,Mont-roig del Camp,854,478,376,163,131,32,463,32,431,839
081379,Montseny,14,12,2,4,1,3,0,1,-1,4
430939,Móra d'Ebre,205,141,64,33,35,-2,86,28,58,120
430944,Móra la Nova,107,126,-19,8,16,-8,83,26,57,30
430957,"Morell, el",261,149,112,33,20,13,38,16,22,147
430960,"Morera de Montsant, la",11,16,-5,1,0,1,1,0,1,-3
081290,Muntanyola,69,24,45,1,0,1,2,0,2,48
081398,Mura,12,12,0,0,4,-4,0,0,0,-4
251459,Nalec,1,6,-5,0,0,0,0,0,0,-5
250254,Naut Aran,54,89,-35,46,28,18,29,5,24,7
081402,Navarcles,207,188,19,22,19,3,44,9,35,57
081419,Navàs,261,145,116,26,30,-4,85,16,69,181
171117,Navata,53,32,21,2,2,0,25,2,23,44
251462,Navès,1,11,-10,0,0,0,0,0,0,-10
081424,"Nou de Berguedà, la",5,16,-11,0,1,-1,1,0,1,-11
430976,"Nou de Gaià, la",26,20,6,2,0,2,8,1,7,15
430982,Nulles,50,23,27,1,0,1,8,1,7,35
251484,Odèn,3,6,-3,0,1,-1,13,0,13,9
081430,Òdena,212,147,65,8,24,-16,22,13,9,58
171122,Ogassa,13,9,4,0,1,-1,3,0,3,6
081458,Olèrdola,293,154,139,16,8,8,48,9,39,186
081461,Olesa de Bonesvalls,127,78,49,2,15,-13,12,0,12,48
081477,Olesa de Montserrat,690,906,-216,87,152,-65,216,49,167,-114
251497,Oliana,63,84,-21,13,13,0,45,13,32,11
251500,Oliola,12,4,8,2,0,2,3,0,3,13
251517,Olius,76,21,55,3,0,3,3,0,3,61
081483,Olivella,433,166,267,20,24,-4,56,3,53,316
081496,Olost,30,22,8,5,2,3,5,0,5,16
171143,Olot,888,1035,-147,192,218,-26,872,81,791,618
251522,"Oluges, les",4,3,1,0,0,0,4,0,4,5
081445,Olvan,21,46,-25,0,0,0,3,0,3,-22
251538,"Omellons, els",9,6,3,1,6,-5,0,0,0,-2
251543,"Omells de na Gaia, els",2,13,-11,0,1,-1,3,3,0,-12
171156,Ordis,7,7,0,0,1,-1,13,0,13,12
251556,Organyà,34,47,-13,13,8,5,18,7,11,3
081509,Orís,14,10,4,1,3,-2,1,0,1,3
081516,Oristà,15,13,2,0,0,0,2,0,2,4
081521,Orpí,3,8,-5,0,1,-1,3,1,2,-4
081537,Òrrius,0,13,-13,0,4,-4,0,0,0,-17
251569,Os de Balaguer,63,25,38,4,4,0,5,1,4,42
171169,Osor,0,17,-17,0,1,-1,0,0,0,-18
251575,Ossó de Sió,6,7,-1,0,0,0,0,0,0,-1
081542,Pacs del Penedès,69,37,32,3,4,-1,6,0,6,37
081555,Palafolls,737,385,352,40,50,-10,83,4,79,421
171175,Palafrugell,623,779,-156,150,179,-29,847,120,727,542
171181,Palamós,790,768,22,150,139,11,480,71,409,442
251581,"Palau d'Anglesola, el",96,52,44,6,6,0,27,4,23,67
171194,Palau de Santa Eulàlia,9,6,3,0,0,0,2,0,2,5
171215,Palau-sator,9,13,-4,1,1,0,3,0,3,-1
171208,Palau-saverdera,124,74,50,5,3,2,56,21,35,87
081568,Palau-solità i Plegamans,882,619,263,54,117,-63,122,17,105,305
431009,"Pallaresos, els",305,163,142,10,10,0,16,7,9,151
081574,Pallejà,599,427,172,54,64,-10,112,10,102,264
430995,"Palma d'Ebre, la",28,4,24,0,0,0,5,0,5,29
089058,"Palma de Cervelló, la",175,184,-9,5,28,-23,82,8,74,42
171236,Palol de Revardit,43,12,31,1,1,0,0,0,0,31
171241,Pals,187,113,74,8,14,-6,116,9,107,175
081580,"Papiol, el",160,137,23,20,31,-11,45,4,41,53
171254,Pardines,14,1,13,0,0,0,2,0,2,15
081593,Parets del Vallès,886,734,152,69,110,-41,326,283,43,154
171267,Parlavà,41,16,25,2,1,1,3,0,3,29
431016,Passanant i Belltall,25,11,14,0,0,0,1,0,1,15
171289,Pau,70,46,24,1,1,0,50,3,47,71
431021,Paüls,8,4,4,3,0,3,1,0,1,8
171292,Pedret i Marzà,23,2,21,0,0,0,1,2,-1,20
251641,Penelles,17,22,-5,12,7,5,4,1,3,3
171306,"Pera, la",19,34,-15,1,2,-1,3,0,3,-13
081607,Perafita,15,7,8,0,0,0,9,0,9,17
431037,Perafort,105,35,70,13,3,10,18,1,17,97
171328,Peralada,129,108,21,18,9,9,45,7,38,68
251654,Peramola,21,20,1,3,3,0,4,4,0,1
431042,"Perelló, el",89,60,29,7,5,2,155,29,126,157
081614,Piera,1145,568,577,55,100,-45,83,6,77,609
431055,"Piles, les",10,5,5,1,0,1,0,1,-1,5
081635,Pineda de Mar,1446,1348,98,152,305,-153,446,90,356,301
431068,"Pinell de Brai, el",24,30,-6,1,4,-3,25,1,24,15
251667,Pinell de Solsonès,6,7,-1,0,0,0,0,0,0,-1
251673,Pinós,5,12,-7,0,0,0,1,0,1,-6
431074,Pira,32,24,8,3,0,3,2,0,2,13
431080,"Pla de Santa Maria, el",144,96,48,6,18,-12,17,8,9,45
081640,"Pla del Penedès, el",41,87,-46,0,0,0,9,1,8,-38
171334,"Planes d'Hostoles, les",45,40,5,4,6,-2,20,1,19,22
171349,Planoles,15,25,-10,0,1,-1,3,0,3,-8
259118,"Plans de Sió, els",27,24,3,0,1,-1,3,0,3,5
251689,"Poal, el",18,31,-13,3,2,1,11,4,7,-5
251692,"Pobla de Cérvoles, la",19,16,3,0,6,-6,1,0,1,-2
081653,"Pobla de Claramunt, la",173,110,63,10,10,0,49,5,44,107
081666,"Pobla de Lillet, la",55,49,6,4,4,0,5,0,5,11
431093,"Pobla de Mafumet, la",272,52,220,17,5,12,31,1,30,262
431107,"Pobla de Massaluca, la",17,18,-1,1,2,-1,4,2,2,0
431114,"Pobla de Montornès, la",369,165,204,11,26,-15,33,12,21,210
251713,"Pobla de Segur, la",103,127,-24,24,20,4,95,12,83,63
431129,Poboleda,18,12,6,3,3,0,7,7,0,6
081672,Polinyà,503,290,213,51,83,-32,84,4,80,261
431135,"Pont d'Armentera, el",41,17,24,3,12,-9,9,0,9,24
250306,"Pont de Bar, el",8,10,-2,0,0,0,3,0,3,1
171352,Pont de Molins,39,20,19,0,0,0,7,1,6,25
251734,"Pont de Suert, el",124,82,42,50,31,19,69,5,64,125
081825,"Pont de Vilomara i Rocafort, el",283,127,156,11,14,-3,44,0,44,197
431418,Pontils,22,17,5,1,3,-2,1,1,0,3
081688,Pontons,121,58,63,5,3,2,0,1,-1,64
171365,Pontós,0,13,-13,0,1,-1,0,0,0,-14
251728,Ponts,96,113,-17,16,31,-15,102,3,99,67
171371,Porqueres,187,189,-2,13,10,3,39,17,22,23
431140,Porrera,5,19,-14,2,2,0,1,0,1,-13
171404,"Port de la Selva, el",56,37,19,5,9,-4,32,3,29,44
171387,Portbou,23,54,-31,5,19,-14,17,2,15,-30
251749,"Portella, la",33,62,-29,14,10,4,46,14,32,7
431153,Pradell de la Teixeta,0,4,-4,0,0,0,0,0,0,-4
431166,Prades,46,28,18,9,5,4,14,0,14,36
431172,Prat de Comte,11,13,-2,0,1,-1,1,0,1,-2
081691,"Prat de Llobregat, el",1443,1960,-517,367,576,-209,817,155,662,-64
431188,Pratdip,48,33,15,4,3,1,35,3,32,48
081712,Prats de Lluçanès,97,102,-5,2,8,-6,11,0,11,0
081705,"Prats de Rei, els",27,22,5,2,1,1,2,0,2,8
251752,Prats i Sansor,10,25,-15,1,2,-1,1,0,1,-15
251765,Preixana,9,21,-12,2,1,1,4,0,4,-7
251771,Preixens,23,17,6,0,0,0,5,2,3,9
082303,Premià de Dalt,471,538,-67,42,104,-62,144,29,115,-14
081727,Premià de Mar,1183,1347,-164,137,323,-186,451,76,375,25
171390,"Preses, les",60,66,-6,6,2,4,2,2,0,-2
251790,Prullans,23,14,9,1,1,0,5,1,4,13
171411,Puigcerdà,298,361,-63,94,164,-70,296,13,283,150
081748,Puigdàlber,81,11,70,4,0,4,0,0,0,74
251804,Puiggròs,15,5,10,0,0,0,0,0,0,10
431191,Puigpelat,108,56,52,4,1,3,7,0,7,62
081751,Puig-reig,193,153,40,17,20,-3,58,4,54,91
251811,Puigverd d'Agramunt,17,20,-3,1,0,1,15,0,15,13
251826,Puigverd de Lleida,98,54,44,10,5,5,11,0,11,60
081764,Pujalt,6,6,0,1,1,0,0,1,-1,-1
081770,"Quar, la",6,4,2,0,1,-1,0,0,0,1
171426,Quart,119,125,-6,8,5,3,9,11,-2,-5
170433,Queralbs,5,6,-1,0,0,0,1,0,1,0
431205,Querol,153,34,119,1,5,-4,11,1,10,125
171432,Rabós,6,15,-9,0,0,0,0,0,0,-9
081786,Rajadell,27,30,-3,1,1,0,1,2,-1,-4
431212,Rasquera,18,26,-8,3,0,3,30,4,26,21
171447,Regencós,32,17,15,0,0,0,9,0,9,24
081799,Rellinars,57,51,6,2,9,-7,3,0,3,2
431227,Renau,14,10,4,0,6,-6,0,0,0,-2
431233,Reus,3524,3467,57,1023,886,137,3366,806,2560,2754
251832,Rialp,52,49,3,12,9,3,10,1,9,15
431248,"Riba, la",36,16,20,2,6,-4,12,3,9,25
431251,Riba-roja d'Ebre,33,59,-26,6,7,-1,18,0,18,-9
259059,Ribera d'Ondara,19,26,-7,1,0,1,2,0,2,-4
251850,Ribera d'Urgellet,40,77,-37,6,14,-8,36,7,29,-16
171450,Ribes de Freser,65,78,-13,2,7,-5,25,1,24,6
171463,Riells i Viabrea,388,243,145,19,15,4,30,6,24,173
431264,"Riera de Gaià, la",132,40,92,5,9,-4,16,2,14,102
251863,Riner,17,8,9,1,0,1,8,1,7,17
171479,Ripoll,289,358,-69,63,48,15,156,26,130,76
081803,Ripollet,1688,1661,27,206,351,-145,655,181,474,356
259139,Riu de Cerdanya,17,5,12,0,0,0,3,0,3,15
171485,Riudarenes,191,132,59,5,9,-4,38,3,35,90
171498,Riudaura,26,20,6,0,1,-1,2,0,2,7
431270,Riudecanyes,109,37,72,2,0,2,11,3,8,82
431286,Riudecols,53,27,26,3,4,-1,39,11,28,53
171501,Riudellots de la Selva,128,108,20,4,1,3,26,4,22,45
431299,Riudoms,317,198,119,23,19,4,105,28,77,200
171518,Riumors,12,7,5,2,0,2,6,0,6,13
081810,"Roca del Vallès, la",623,472,151,39,54,-15,98,17,81,217
431303,Rocafort de Queralt,15,10,5,0,0,0,1,0,1,6
431310,Roda de Berà,620,316,304,41,65,-24,115,6,109,389
081831,Roda de Ter,250,155,95,23,27,-4,45,5,40,131
431325,Rodonyà,49,38,11,1,3,-2,20,2,18,27
431331,Roquetes,413,317,96,48,48,0,142,2,140,236
171523,Roses,728,559,169,237,207,30,1041,115,926,1125
251898,Rosselló,214,118,96,36,21,15,53,10,43,154
431346,"Rourell, el",17,25,-8,0,0,0,15,0,15,7
081846,Rubí,2868,2509,359,456,754,-298,1134,373,761,822
081859,Rubió,17,3,14,0,0,0,0,0,0,14
171539,Rupià,16,16,0,1,0,1,9,0,9,10
089019,Rupit i Pruit,8,12,-4,0,0,0,1,0,1,-3
081878,Sabadell,5709,6238,-529,1126,1582,-456,3909,783,3126,2141
081884,Sagàs,1,10,-9,1,2,-1,0,0,0,-10
251902,Salàs de Pallars,16,21,-5,12,1,11,3,0,3,9
081901,Saldes,22,11,11,1,0,1,0,0,0,12
171544,Sales de Llierca,11,6,5,0,1,-1,4,2,2,6
081918,Sallent,173,216,-43,20,27,-7,60,11,49,-1
431359,Salomó,21,10,11,0,1,-1,5,0,5,15
439057,Salou,1747,1412,335,729,514,215,2078,508,1570,2120
171557,Salt,1583,2382,-799,305,350,-45,1346,423,923,79
251919,Sanaüja,12,10,2,2,0,2,2,0,2,6
081944,Sant Adrià de Besòs,1630,1705,-75,179,309,-130,376,85,291,86
081957,Sant Agustí de Lluçanès,3,9,-6,0,0,0,0,0,0,-6
081960,Sant Andreu de la Barca,1367,1266,101,196,272,-76,323,94,229,254
081976,Sant Andreu de Llavaneres,632,464,168,42,68,-26,141,40,101,243
171576,Sant Andreu Salou,6,3,3,0,0,0,1,0,1,4
171833,Sant Aniol de Finestres,29,10,19,0,1,-1,4,1,3,21
081982,Sant Antoni de Vilamajor,439,241,198,16,25,-9,44,11,33,222
081995,Sant Bartomeu del Grau,34,48,-14,0,2,-2,2,1,1,-15
082009,Sant Boi de Llobregat,2313,3007,-694,450,707,-257,987,249,738,-213
082016,Sant Boi de Lluçanès,33,24,9,1,1,0,1,1,0,9
431362,Sant Carles de la Ràpita,561,312,249,245,162,83,498,75,423,755
082037,Sant Cebrià de Vallalta,381,179,202,10,25,-15,31,15,16,203
082021,Sant Celoni,992,666,326,76,131,-55,305,47,258,529
082042,Sant Climent de Llobregat,235,157,78,8,30,-22,5,0,5,61
171582,Sant Climent Sescebes,46,37,9,22,3,19,4,3,1,29
082055,Sant Cugat del Vallès,2969,2620,349,485,547,-62,1666,295,1371,1658
082068,Sant Cugat Sesgarrigues,49,33,16,5,4,1,14,1,13,30
251961,Sant Esteve de la Sarga,6,5,1,0,2,-2,2,0,2,1
082074,Sant Esteve de Palautordera,209,108,101,6,11,-5,64,7,57,153
082080,Sant Esteve Sesrovires,397,281,116,36,54,-18,62,17,45,143
171595,Sant Feliu de Buixalleu,44,28,16,2,1,1,6,1,5,22
082107,Sant Feliu de Codines,378,288,90,20,43,-23,141,5,136,203
171609,Sant Feliu de Guíxols,839,813,26,144,163,-19,567,180,387,394
082114,Sant Feliu de Llobregat,1287,1635,-348,216,355,-139,552,81,471,-16
171616,Sant Feliu de Pallerols,47,48,-1,6,4,2,51,0,51,52
082129,Sant Feliu Sasserra,22,19,3,3,1,2,6,0,6,11
171621,Sant Ferriol,17,11,6,2,2,0,7,0,7,13
082093,Sant Fost de Campsentelles,553,370,183,18,46,-28,32,10,22,177
082135,Sant Fruitós de Bages,492,334,158,33,37,-4,41,13,28,182
171637,Sant Gregori,153,115,38,2,7,-5,27,12,15,48
251924,Sant Guim de Freixenet,53,77,-24,4,2,2,23,1,22,0
251977,Sant Guim de la Plana,3,14,-11,0,0,0,1,0,1,-10
171642,Sant Hilari Sacalm,143,80,63,13,22,-9,131,42,89,143
082153,Sant Hipòlit de Voltregà,167,112,55,17,11,6,41,2,39,100
081939,Sant Iscle de Vallalta,93,74,19,7,5,2,3,1,2,23
439023,Sant Jaume d'Enveja,114,88,26,8,14,-6,63,9,54,74
082166,Sant Jaume de Frontanyà,0,2,-2,0,0,0,0,0,0,-2
171655,Sant Jaume de Llierca,34,51,-17,1,8,-7,17,0,17,-7
431378,Sant Jaume dels Domenys,232,99,133,2,15,-13,22,16,6,126
171674,Sant Joan de les Abadesses,88,96,-8,7,8,-1,39,1,38,29
171680,Sant Joan de Mollet,36,13,23,4,3,1,1,1,0,24
082188,Sant Joan de Vilatorrada,356,410,-54,23,44,-21,139,38,101,26
082172,Sant Joan Despí,1365,1430,-65,187,239,-52,323,54,269,152
171851,Sant Joan les Fonts,140,126,14,6,9,-3,31,0,31,42
171668,Sant Jordi Desvalls,29,36,-7,1,1,0,1,1,0,-7
089030,Sant Julià de Cerdanyola,10,14,-4,1,1,0,0,2,-2,-6
171693,Sant Julià de Ramis,265,107,158,17,11,6,48,6,42,206
082205,Sant Julià de Vilatorta,144,108,36,10,3,7,14,2,12,55
179032,Sant Julià del Llor i Bonmatí,118,42,76,2,7,-5,22,3,19,90
082212,Sant Just Desvern,700,760,-60,71,90,-19,250,30,220,141
082227,Sant Llorenç d'Hortons,160,96,64,5,16,-11,37,4,33,86
171714,Sant Llorenç de la Muga,9,10,-1,0,0,0,2,0,2,1
251930,Sant Llorenç de Morunys,51,28,23,4,1,3,32,0,32,58
082233,Sant Llorenç Savall,144,103,41,11,17,-6,22,3,19,54
082251,Sant Martí d'Albars,3,5,-2,0,0,0,0,0,0,-2
082248,Sant Martí de Centelles,80,48,32,5,6,-1,4,1,3,34
171729,Sant Martí de Llémena,35,25,10,0,5,-5,2,1,1,6
259025,Sant Martí de Riucorb,21,22,-1,1,1,0,4,1,3,2
082264,Sant Martí de Tous,42,45,-3,6,2,4,5,7,-2,-1
082270,Sant Martí Sarroca,286,103,183,12,26,-14,37,21,16,185
082286,Sant Martí Sesgueioles,38,17,21,1,0,1,0,1,-1,21
171735,Sant Martí Vell,23,14,9,1,1,0,2,0,2,11
082299,Sant Mateu de Bages,17,17,0,1,1,0,12,0,12,12
171740,Sant Miquel de Campmajor,5,11,-6,0,1,-1,6,0,6,-1
171753,Sant Miquel de Fluvià,45,42,3,6,2,4,18,5,13,20
171766,Sant Mori,12,12,0,0,1,-1,4,3,1,0
171772,Sant Pau de Segúries,38,34,4,1,0,1,11,0,11,16
082310,Sant Pere de Ribes,1528,1289,239,192,282,-90,585,62,523,672
082325,Sant Pere de Riudebitlles,137,90,47,9,4,5,19,6,13,65
082331,Sant Pere de Torelló,89,89,0,4,2,2,31,2,29,31
082346,Sant Pere de Vilamajor,340,201,139,8,15,-7,20,4,16,148
171788,Sant Pere Pescador,124,107,17,10,11,-1,105,64,41,57
081897,Sant Pere Sallavinera,10,6,4,0,0,0,3,0,3,7
082359,Sant Pol de Mar,280,232,48,20,27,-7,103,11,92,133
082362,Sant Quintí de Mediona,148,84,64,13,16,-3,81,19,62,123
082378,Sant Quirze de Besora,131,54,77,5,4,1,24,2,22,100
082384,Sant Quirze del Vallès,1189,643,546,73,110,-37,127,62,65,574
082397,Sant Quirze Safaja,95,54,41,4,3,1,6,0,6,48
251945,Sant Ramon,10,15,-5,1,3,-2,12,2,10,3
082401,Sant Sadurní d'Anoia,520,397,123,68,60,8,139,12,127,258
082418,Sant Sadurní d'Osormort,1,8,-7,0,1,-1,2,0,2,-6
080983,Sant Salvador de Guardiola,225,159,66,5,6,-1,31,12,19,84
082628,Sant Vicenç de Castellet,627,358,269,31,44,-13,87,10,77,333
082649,Sant Vicenç de Montalt,393,280,113,33,38,-5,52,15,37,145
082652,Sant Vicenç de Torelló,105,63,42,4,3,1,12,1,11,54
082634,Sant Vicenç dels Horts,1039,1126,-87,127,211,-84,290,32,258,87
431384,Santa Bàrbara,160,140,20,27,27,0,89,10,79,99
082439,Santa Cecília de Voltregà,6,12,-6,0,0,0,0,1,-1,-7
082444,Santa Coloma de Cervelló,448,348,100,21,40,-19,50,15,35,116
171805,Santa Coloma de Farners,362,365,-3,34,92,-58,338,13,325,264
082457,Santa Coloma de Gramenet,5988,7564,-1576,912,1429,-517,3571,320,3251,1158
431397,Santa Coloma de Queralt,110,122,-12,10,19,-9,83,16,67,46
171812,Santa Cristina d'Aro,402,224,178,29,31,-2,111,14,97,273
082460,Santa Eugènia de Berga,84,120,-36,13,4,9,115,46,69,42
082476,Santa Eulàlia de Riuprimer,50,37,13,0,0,0,14,0,14,27
082482,Santa Eulàlia de Ronçana,544,320,224,38,35,3,69,4,65,292
082495,Santa Fe del Penedès,21,12,9,3,2,1,4,0,4,14
171827,Santa Llogaia d'Àlguema,18,28,-10,2,1,1,2,0,2,-7
082508,Santa Margarida de Montbui,541,495,46,52,69,-17,94,7,87,116
082515,Santa Margarida i els Monjos,490,325,165,55,56,-1,123,32,91,255
082589,Santa Maria d'Oló,47,34,13,1,0,1,9,0,9,23
082536,Santa Maria de Besora,5,3,2,0,0,0,0,0,0,2
082567,Santa Maria de Martorelles,59,44,15,1,7,-6,3,0,3,12
082554,Santa Maria de Merlès,8,10,-2,0,0,0,0,0,0,-2
082573,Santa Maria de Miralles,16,10,6,0,1,-1,0,0,0,5
082592,Santa Maria de Palautordera,509,395,114,35,41,-6,154,9,145,253
431401,Santa Oliva,266,189,77,28,27,1,39,12,27,105
171848,Santa Pau,52,46,6,2,0,2,8,0,8,16
082606,Santa Perpètua de Mogoda,1349,1054,295,150,214,-64,336,189,147,378
082613,Santa Susanna,285,194,91,17,34,-17,78,38,40,114
081923,Santpedor,359,178,181,24,30,-6,93,22,71,246
431423,Sarral,104,80,24,15,5,10,34,3,31,65
171864,Sarrià de Ter,250,207,43,20,22,-2,56,7,49,90
252017,Sarroca de Bellera,2,8,-6,0,1,-1,1,0,1,-6
252000,Sarroca de Lleida,6,16,-10,2,1,1,1,0,1,-8
171870,"Saus, Camallera i Llampaies",55,34,21,2,1,1,12,0,12,34
431439,Savallà del Comtat,3,5,-2,0,0,0,0,0,0,-2
431444,"Secuita, la",120,47,73,6,7,-1,9,2,7,79
171886,"Selva de Mar, la",6,18,-12,6,1,5,1,0,1,-6
431457,"Selva del Camp, la",187,153,34,18,26,-8,49,4,45,71
431460,Senan,8,0,8,0,0,0,0,0,0,8
430445,"Sénia, la",81,132,-51,100,121,-21,223,131,92,20
252022,Senterada,19,6,13,0,0,0,0,0,0,13
250352,"Sentiu de Sió, la",46,16,30,0,1,-1,3,0,3,32
082671,Sentmenat,419,269,150,25,53,-28,82,23,59,181
171903,Serinyà,71,38,33,2,8,-6,15,8,7,34
252043,Seròs,43,63,-20,42,44,-2,38,18,20,-2
171910,Serra de Daró,15,6,9,0,1,-1,1,0,1,9
171925,Setcases,6,11,-5,0,0,0,2,0,2,-3
252038,"Seu d'Urgell, la",364,380,-16,156,256,-100,445,84,361,245
082690,Seva,199,147,52,9,6,3,23,1,22,77
252056,Sidamon,42,30,12,0,4,-4,3,0,3,11
171931,Sils,357,181,176,18,10,8,44,0,44,228
082704,Sitges,1357,1166,191,242,256,-14,1067,166,901,1078
170524,Siurana,27,17,10,1,0,1,10,0,10,21
082711,Sobremunt,3,7,-4,0,0,0,0,0,0,-4
252069,"Soleràs, el",10,7,3,9,7,2,13,0,13,18
431476,Solivella,22,15,7,2,1,1,11,0,11,19
252075,Solsona,253,273,-20,63,48,15,230,4,226,221
082726,Sora,1,12,-11,1,1,0,2,1,1,-10
252081,Soriguera,22,24,-2,1,0,1,5,0,5,4
252094,Sort,116,117,-1,16,26,-10,74,2,72,61
252108,Soses,68,54,14,25,23,2,49,14,35,51
082732,Subirats,165,98,67,7,7,0,26,2,24,91
252115,Sudanell,30,12,18,10,5,5,3,0,3,26
252120,Sunyer,10,6,4,0,0,0,7,0,7,11
082747,Súria,172,157,15,32,52,-20,109,2,107,102
171946,Susqueda,19,5,14,0,0,0,0,0,0,14
082763,Tagamanent,36,20,16,0,3,-3,4,1,3,16
082779,Talamanca,26,16,10,0,2,-2,0,0,0,8
252154,Talarn,37,21,16,15,7,8,3,0,3,27
252167,Talavera,7,7,0,0,1,-1,8,1,7,6
171959,"Tallada d'Empordà, la",31,6,25,3,4,-1,7,3,4,28
082785,Taradell,236,170,66,22,16,6,39,6,33,105
431482,Tarragona,3181,4706,-1525,1168,1243,-75,4515,127,4388,2788
252173,Tàrrega,787,660,127,137,165,-28,430,45,385,484
252189,Tarrés,3,4,-1,0,0,0,0,0,0,-1
252192,Tarroja de Segarra,7,7,0,0,2,-2,1,0,1,-1
082750,Tavèrnoles,28,20,8,0,0,0,3,0,3,11
082802,Tavertet,11,14,-3,0,4,-4,0,0,0,-7
082819,Teià,340,243,97,23,36,-13,26,2,24,108
252206,Térmens,35,64,-29,7,21,-14,69,31,38,-5
171962,Terrades,47,3,44,6,1,5,5,0,5,54
082798,Terrassa,5684,5232,452,1477,1809,-332,3370,625,2745,2865
082824,Tiana,320,263,57,23,29,-6,32,13,19,70
252213,Tírvia,10,4,6,1,1,0,0,1,-1,5
252228,Tiurana,8,0,8,0,0,0,0,0,0,8
431495,Tivenys,16,15,1,6,3,3,10,3,7,11
431508,Tivissa,50,49,1,8,5,3,36,1,35,39
082830,Tona,421,287,134,29,45,-16,118,6,112,230
252234,Torà,51,50,1,6,13,-7,32,1,31,25
082845,Tordera,1128,633,495,68,100,-32,240,48,192,655
082858,Torelló,488,389,99,41,58,-17,220,65,155,237
252249,"Torms, els",1,9,-8,0,0,0,4,0,4,-4
252252,Tornabous,38,40,-2,1,3,-2,20,0,20,16
252271,"Torre de Cabdella, la",96,32,64,5,0,5,8,2,6,75
082861,"Torre de Claramunt, la",359,201,158,10,11,-1,18,1,17,174
431515,"Torre de Fontaubella, la",11,12,-1,0,0,0,2,0,2,1
431520,"Torre de l'Espanyol, la",26,45,-19,1,9,-8,23,1,22,-5
252265,Torrebesses,11,7,4,0,1,-1,3,0,3,6
431536,Torredembarra,966,764,202,160,127,33,414,57,357,592
252287,Torrefarrera,359,108,251,32,17,15,35,16,19,285
259078,Torrefeta i Florejacs,28,38,-10,3,0,3,0,1,-1,-8
252304,Torregrossa,49,83,-34,9,12,-3,40,1,39,2
252311,Torrelameu,33,32,1,7,7,0,13,0,13,14
082877,Torrelavit,81,41,40,6,8,-2,11,0,11,49
082883,Torrelles de Foix,227,158,69,18,31,-13,38,0,38,94
082896,Torrelles de Llobregat,298,205,93,22,52,-30,52,17,35,98
171978,Torrent,7,9,-2,1,7,-6,11,3,8,0
252326,Torres de Segre,75,87,-12,30,42,-12,30,20,10,-14
252332,Torre-serona,21,22,-1,5,8,-3,4,1,3,-1
171984,Torroella de Fluvià,112,35,77,3,7,-4,29,0,29,102
171997,Torroella de Montgrí,520,400,120,78,97,-19,538,91,447,548
431541,Torroja del Priorat,6,2,4,0,1,-1,0,0,0,3
172001,Tortellà,49,22,27,0,7,-7,4,1,3,23
431554,Tortosa,1353,1313,40,472,483,-11,1279,12,1267,1296
172018,Toses,8,10,-2,0,0,0,2,0,2,0
172023,Tossa de Mar,251,230,21,83,78,5,201,15,186,212
252347,Tremp,237,157,80,94,86,8,179,3,176,264
172044,Ullà,91,117,-26,7,17,-10,62,31,31,-5
082900,Ullastrell,185,47,138,7,9,-2,0,1,-1,135
172057,Ullastret,11,19,-8,1,0,1,0,0,0,-7
431567,Ulldecona,141,132,9,97,140,-43,281,3,278,244
431573,Ulldemolins,17,23,-6,1,1,0,2,0,2,-4
172039,Ultramort,3,8,-5,0,0,0,0,0,0,-5
172060,Urús,4,7,-3,0,0,0,3,0,3,0
082917,Vacarisses,564,274,290,24,37,-13,30,14,16,293
170144,"Vajol, la",8,3,5,1,1,0,3,0,3,8
172076,"Vall d'en Bas, la",100,65,35,2,5,-3,3,0,3,35
172082,"Vall de Bianya, la",91,61,30,3,3,0,14,1,13,43
250432,"Vall de Boí, la",67,90,-23,13,21,-8,22,0,22,-9
259010,Vall de Cardós,29,28,1,0,4,-4,25,11,14,11
082922,Vallbona d'Anoia,73,60,13,6,5,1,9,0,9,23
252385,Vallbona de les Monges,19,10,9,0,1,-1,1,0,1,9
082938,Vallcebre,11,15,-4,0,1,-1,0,0,0,-5
431589,Vallclara,20,8,12,0,0,0,0,0,0,12
252402,Vallfogona de Balaguer,87,55,32,4,4,0,27,1,26,58
171707,Vallfogona de Ripollès,23,8,15,0,1,-1,0,0,0,14
431592,Vallfogona de Riucorb,22,8,14,0,0,0,4,2,2,16
082943,Vallgorguina,260,131,129,8,10,-2,20,4,16,143
082956,Vallirana,906,558,348,52,108,-56,127,31,96,388
172095,Vall-llobrega,91,55,36,4,1,3,4,1,3,42
431606,Vallmoll,96,70,26,7,11,-4,21,1,20,42
082969,Vallromanes,181,124,57,7,9,-2,21,2,19,74
431613,Valls,1012,808,204,176,162,14,509,78,431,649
259062,"Valls d'Aguilar, les",20,27,-7,0,1,-1,3,0,3,-5
252398,"Valls de Valira, les",63,45,18,12,21,-9,63,7,56,65
431628,Vandellòs i l'Hospitalet de l'Infant,344,217,127,74,35,39,125,17,108,274
259097,"Vansa i Fórnols, la",11,11,0,0,0,0,6,2,4,4
082975,Veciana,6,5,1,1,0,1,0,0,0,2
431634,"Vendrell, el",2752,1786,966,276,362,-86,547,66,481,1361
172109,Ventalló,57,52,5,7,3,4,19,0,19,28
252424,Verdú,54,38,16,1,8,-7,12,2,10,19
172116,Verges,50,54,-4,4,1,3,17,1,16,15
431649,Vespella de Gaià,56,22,34,7,1,6,3,0,3,43
082981,Vic,1342,1788,-446,323,328,-5,783,256,527,76
172121,Vidrà,9,0,9,0,0,0,1,0,1,10
172137,Vidreres,603,336,267,40,41,-1,134,39,95,361
252430,Vielha e Mijaran,246,231,15,159,189,-30,241,27,214,199
431652,Vilabella,36,29,7,3,2,1,8,1,7,15
172142,Vilabertran,43,43,0,0,2,-2,2,1,1,-1
172155,Vilablareix,107,79,28,4,5,-1,13,4,9,36
082994,Vilada,15,6,9,1,0,1,5,0,5,15
172174,Viladamat,25,10,15,3,3,0,10,1,9,24
172168,Viladasens,18,8,10,1,2,-1,1,1,0,9
083015,Viladecans,2216,2647,-431,409,607,-198,563,54,509,-120
083008,Viladecavalls,371,333,38,41,59,-18,24,3,21,41
172180,Vilademuls,32,40,-8,1,4,-3,11,8,3,-8
172207,Viladrau,61,44,17,1,7,-6,25,2,23,34
172214,Vilafant,348,230,118,15,10,5,31,0,31,154
083054,Vilafranca del Penedès,1363,1747,-384,265,309,-44,1025,63,962,534
252445,Vilagrassa,14,22,-8,0,5,-5,12,0,12,-1
172235,Vilajuïga,88,54,34,3,6,-3,12,2,10,41
431750,Vilalba dels Arcs,13,6,7,0,0,0,6,0,6,13
083067,Vilalba Sasserra,53,45,8,2,3,-1,8,2,6,13
252458,Vilaller,19,55,-36,10,20,-10,70,39,31,-15
172240,Vilallonga de Ter,20,19,1,1,2,-1,12,0,12,12
431665,Vilallonga del Camp,124,72,52,5,7,-2,35,1,34,84
172253,Vilamacolum,12,16,-4,0,0,0,11,0,11,7
172266,Vilamalla,41,52,-11,5,3,2,18,1,17,8
172272,Vilamaniscle,5,14,-9,0,0,0,4,2,2,-7
252477,Vilamòs,25,23,2,3,5,-2,6,0,6,6
172288,Vilanant,15,30,-15,0,0,0,6,0,6,-9
431671,Vilanova d'Escornalbou,33,18,15,2,0,2,6,2,4,21
252483,Vilanova de Bellpuig,36,27,9,4,1,3,12,3,9,21
252496,Vilanova de l'Aguda,0,11,-11,0,0,0,0,0,0,-11
252542,Vilanova de la Barca,41,71,-30,11,12,-1,49,3,46,15
252509,Vilanova de Meià,10,24,-14,2,7,-5,4,0,4,-15
431687,Vilanova de Prades,7,11,-4,0,3,-3,1,0,1,-6
083036,Vilanova de Sau,14,6,8,1,4,-3,1,1,0,5
252516,Vilanova de Segrià,45,44,1,6,3,3,11,2,9,13
083020,Vilanova del Camí,650,606,44,54,83,-29,138,6,132,147
089024,Vilanova del Vallès,442,170,272,19,17,2,30,7,23,297
083073,Vilanova i la Geltrú,2394,2298,96,492,532,-40,1510,146,1364,1420
431690,Vilaplana,35,20,15,0,0,0,17,0,17,32
431704,Vila-rodona,83,73,10,1,10,-9,17,3,14,15
172305,Vila-sacra,37,23,14,2,1,1,8,1,7,22
252521,Vila-sana,38,27,11,1,7,-6,4,0,4,9
431711,Vila-seca,1404,805,599,428,250,178,626,31,595,1372
082140,Vilassar de Dalt,403,341,62,22,18,4,74,14,60,126
082191,Vilassar de Mar,936,932,4,75,143,-68,217,112,105,41
172229,Vilaür,6,5,1,0,1,-1,4,0,4,4
431726,Vilaverd,62,20,42,4,6,-2,6,4,2,42
431732,"Vilella Alta, la",0,4,-4,0,0,0,0,0,0,-4
431747,"Vilella Baixa, la",10,7,3,1,2,-1,3,0,3,5
172333,Vilobí d'Onyar,155,139,16,12,10,2,39,1,38,56
083041,Vilobí del Penedès,60,27,33,0,2,-2,15,1,14,45
172327,Vilopriu,8,8,0,0,1,-1,1,1,0,-1
252537,"Vilosell, el",8,9,-1,0,0,0,2,0,2,1
431763,Vimbodí i Poblet,39,45,-6,5,11,-6,12,0,12,0
252555,Vinaixa,14,17,-3,1,2,-1,6,3,3,-1
431779,Vinebre,28,38,-10,1,2,-1,1,0,1,-10
431785,Vinyols i els Arcs,114,108,6,9,7,2,41,6,35,43
083089,Viver i Serrateix,3,9,-6,0,0,0,1,0,1,-5
430521,Xerta,33,29,4,2,6,-4,25,3,22,22

