Codi,Literal,Migracions internes  amb la resta de Catalunya  immigracions,Migracions internes  amb la resta de Catalunya  emigracions,Migracions internes  amb la resta de Catalunya  saldo migratori,Migracions internes  amb la resta d'Espanya  immigracions,Migracions internes  amb la resta d'Espanya  emigracions,Migracions internes  amb la resta d'Espanya  saldo migratori,Migracions externes  immigracions,Migracions externes  emigracions,Migracions externes  saldo migratori,Saldo migratori total
250019,Abella de la Conca,8,16,-8,0,1,-1,0,0,0,-9
080018,Abrera,465,363,102,30,71,-41,62,52,10,71
250024,Àger,32,17,15,5,3,2,3,1,2,19
250030,Agramunt,145,118,27,31,14,17,70,50,20,64
080023,Aguilar de Segarra,12,10,2,1,0,1,0,0,0,3
170010,Agullana,61,29,32,1,4,-3,11,5,6,35
080142,Aiguafreda,183,115,68,4,15,-11,23,8,15,72
430017,Aiguamúrcia,58,25,33,6,7,-1,5,2,3,35
170025,Aiguaviva,53,30,23,0,1,-1,0,0,0,22
250387,Aitona,28,51,-23,28,33,-5,78,74,4,-24
250045,"Alamús, els",47,55,-8,2,8,-6,2,2,0,-14
250058,Alàs i Cerc,8,6,2,1,1,0,10,5,5,7
250061,"Albagés, l'",1,4,-3,3,0,3,2,0,2,2
170031,Albanyà,22,2,20,0,0,0,0,0,0,20
250077,Albatàrrec,86,85,1,9,8,1,37,72,-35,-33
250083,Albesa,40,32,8,7,2,5,22,5,17,30
250096,"Albi, l'",18,12,6,1,0,1,1,0,1,8
430022,Albinyana,167,102,65,6,13,-7,1,1,0,58
430038,"Albiol, l'",43,26,17,1,0,1,0,0,0,18
170046,Albons,65,29,36,5,3,2,7,1,6,44
430043,Alcanar,340,178,162,120,98,22,127,145,-18,166
250100,Alcanó,2,3,-1,1,0,1,0,0,0,0
250117,Alcarràs,270,241,29,98,82,16,199,129,70,115
250122,Alcoletge,187,125,62,17,22,-5,34,43,-9,48
430056,Alcover,183,122,61,11,22,-11,25,18,7,57
439044,"Aldea, l'",95,104,-9,20,25,-5,78,31,47,33
430069,Aldover,28,30,-2,6,0,6,11,1,10,14
430075,"Aleixar, l'",45,27,18,2,0,2,2,3,-1,19
080039,Alella,545,385,160,40,46,-6,127,86,41,195
430081,Alfara de Carles,18,14,4,4,3,1,1,4,-3,2
250138,Alfarràs,51,65,-14,15,24,-9,46,19,27,4
250143,Alfés,13,9,4,0,1,-1,3,0,3,6
430094,Alforja,136,62,74,5,5,0,6,3,3,77
250156,Algerri,29,9,20,5,0,5,0,0,0,25
250169,Alguaire,106,83,23,28,15,13,31,23,8,44
250175,Alins,13,7,6,1,0,1,2,0,2,9
430108,Alió,27,12,15,3,0,3,1,0,1,19
250194,Almacelles,152,138,14,95,91,4,165,7,158,176
250208,Almatret,12,6,6,2,0,2,5,5,0,8
250215,Almenar,85,65,20,26,18,8,42,57,-15,13
430115,Almoster,47,60,-13,1,6,-5,5,2,3,-15
250220,Alòs de Balaguer,6,11,-5,0,2,-2,0,0,0,-7
170062,Alp,127,68,59,12,17,-5,11,28,-17,37
080044,Alpens,20,11,9,1,0,1,0,0,0,10
250236,Alpicat,203,172,31,22,33,-11,24,4,20,40
250241,Alt Àneu,25,10,15,0,0,0,3,0,3,18
430120,Altafulla,416,245,171,38,25,13,46,26,20,204
170078,Amer,115,67,48,10,7,3,22,6,16,67
430136,"Ametlla de Mar, l'",318,173,145,63,49,14,168,61,107,266
080057,"Ametlla del Vallès, l'",544,369,175,33,44,-11,44,27,17,181
439060,"Ampolla, l'",270,121,149,32,20,12,85,26,59,220
430141,Amposta,500,507,-7,115,131,-16,269,66,203,180
170084,Anglès,260,245,15,43,20,23,90,86,4,42
250273,Anglesola,49,49,0,10,1,9,9,1,8,17
250292,Arbeca,69,47,22,13,7,6,24,3,21,49
430167,"Arboç, l'",221,201,20,23,34,-11,73,57,16,25
430154,Arbolí,5,3,2,0,0,0,0,0,0,2
170097,Arbúcies,175,132,43,17,27,-10,54,118,-64,-31
080060,Arenys de Mar,713,574,139,53,94,-41,195,72,123,221
080076,Arenys de Munt,427,336,91,25,20,5,47,37,10,106
170101,Argelaguer,34,13,21,0,1,-1,2,0,2,22
080082,Argençola,18,15,3,1,0,1,0,0,0,4
430173,"Argentera, l'",12,4,8,1,1,0,1,0,1,9
080095,Argentona,522,424,98,53,52,1,62,20,42,141
170118,"Armentera, l'",61,30,31,3,3,0,17,3,14,45
430189,Arnes,13,3,10,0,4,-4,2,2,0,6
250313,Arres,9,1,8,1,0,1,0,0,0,9
250328,Arsèguel,14,8,6,0,0,0,0,1,-1,5
080109,Artés,189,161,28,29,22,7,24,17,7,42
250334,Artesa de Lleida,40,40,0,11,5,6,10,25,-15,-9
250349,Artesa de Segre,117,68,49,24,13,11,45,11,34,94
430192,Ascó,23,33,-10,11,5,6,7,5,2,-2
250365,Aspa,5,17,-12,3,1,2,0,0,0,-10
250371,"Avellanes i Santa Linya, les",26,10,16,6,0,6,2,1,1,23
080116,Avià,102,75,27,10,9,1,1,19,-18,10
080121,Avinyó,91,79,12,16,9,7,15,2,13,32
170123,Avinyonet de Puigventós,67,61,6,4,0,4,8,1,7,17
080137,Avinyonet del Penedès,89,81,8,4,6,-2,13,2,11,17
080155,Badalona,6086,6786,-700,919,1294,-375,3010,1338,1672,597
089045,Badia del Vallès,385,492,-107,43,74,-31,67,36,31,-107
080168,Bagà,91,55,36,9,7,2,7,7,0,38
250390,Baix Pallars,17,13,4,5,0,5,5,0,5,14
250404,Balaguer,360,390,-30,139,109,30,312,323,-11,-11
080174,Balenyà,194,137,57,18,19,-1,38,7,31,87
080180,Balsareny,115,65,50,8,3,5,12,4,8,63
430206,Banyeres del Penedès,223,127,96,11,10,1,16,36,-20,77
170157,Banyoles,549,500,49,69,64,5,262,94,168,222
250411,Barbens,38,23,15,13,7,6,45,30,15,36
430213,Barberà de la Conca,34,27,7,1,0,1,5,1,4,12
082520,Barberà del Vallès,1003,1152,-149,100,181,-81,130,49,81,-149
080193,Barcelona,25803,45339,-19536,12092,15943,-3851,43938,20347,23591,204
250426,"Baronia de Rialb, la",8,6,2,1,1,0,0,0,0,2
170160,Bàscara,49,32,17,2,3,-1,10,9,1,17
250447,Bassella,13,9,4,3,0,3,1,0,1,8
430228,Batea,22,17,5,8,5,3,10,4,6,14
250450,Bausen,2,1,1,7,0,7,0,0,0,8
080207,Begues,315,246,69,20,56,-36,86,48,38,71
170139,Begur,221,140,81,31,19,12,104,28,76,169
250463,Belianes,12,5,7,3,4,-1,2,1,1,7
251706,Bellaguarda,16,8,8,0,0,0,3,1,2,10
170182,Bellcaire d'Empordà,67,42,25,3,1,2,3,0,3,30
250479,Bellcaire d'Urgell,49,41,8,8,3,5,18,6,12,25
250485,Bell-lloc d'Urgell,47,42,5,9,7,2,18,13,5,12
250498,Bellmunt d'Urgell,6,6,0,0,0,0,0,0,0,0
430234,Bellmunt del Priorat,16,11,5,0,0,0,1,0,1,6
080214,Bellprat,17,7,10,0,0,0,0,0,0,10
250501,Bellpuig,135,160,-25,32,25,7,73,9,64,46
430249,Bellvei,187,121,66,16,10,6,25,21,4,76
250518,Bellver de Cerdanya,208,82,126,8,9,-1,16,5,11,136
250523,Bellvís,53,45,8,12,3,9,45,45,0,17
250539,Benavent de Segrià,62,46,16,5,3,2,6,3,3,21
430252,Benifallet,20,18,2,1,0,1,17,1,16,19
430265,Benissanet,35,38,-3,4,10,-6,20,2,18,9
080229,Berga,510,552,-42,102,67,35,206,41,165,158
170195,Besalú,88,84,4,9,5,4,35,14,21,29
170209,Bescanó,212,133,79,22,10,12,18,9,9,100
170216,Beuda,12,9,3,1,0,1,4,1,3,7
080235,Bigues i Riells del Fai,547,338,209,27,32,-5,37,43,-6,198
250557,Biosca,5,7,-2,5,0,5,1,0,1,4
170221,"Bisbal d'Empordà, la",375,351,24,29,40,-11,142,84,58,71
430271,"Bisbal de Falset, la",8,4,4,5,0,5,1,0,1,10
430287,"Bisbal del Penedès, la",368,161,207,13,20,-7,36,6,30,230
172348,Biure,15,9,6,2,2,0,5,1,4,10
430290,Blancafort,21,4,17,1,2,-1,3,1,2,18
170237,Blanes,1419,1106,313,256,301,-45,618,391,227,495
170293,Boadella i les Escaules,11,11,0,0,0,0,0,1,-1,-1
170242,Bolvir,119,9,110,3,0,3,2,3,-1,112
430304,Bonastre,90,50,40,7,5,2,8,4,4,46
250576,"Bòrdes, Es",28,9,19,11,3,8,1,0,1,28
170255,Bordils,99,54,45,3,9,-6,18,24,-6,33
250582,"Borges Blanques, les",214,155,59,44,36,8,54,51,3,70
430311,"Borges del Camp, les",104,67,37,11,13,-2,23,1,22,57
170268,Borrassà,35,38,-3,3,4,-1,8,7,1,-3
080240,Borredà,20,23,-3,2,2,0,1,0,1,-2
250595,Bossòst,49,37,12,16,19,-3,20,8,12,21
430326,Bot,23,14,9,1,2,-1,12,2,10,18
430332,Botarell,60,35,25,2,2,0,1,3,-2,23
250560,Bovera,16,6,10,3,0,3,7,0,7,20
430347,Bràfim,28,19,9,2,4,-2,11,0,11,18
170274,Breda,186,117,69,15,5,10,24,19,5,84
080253,"Bruc, el",149,99,50,12,5,7,15,4,11,68
080266,"Brull, el",17,2,15,4,1,3,2,1,1,19
170280,Brunyola i Sant Martí Sapresa,33,26,7,0,0,0,5,3,2,9
430350,Cabacés,19,5,14,0,0,0,1,0,1,15
250609,Cabanabona,2,6,-4,0,1,-1,0,0,0,-5
170314,Cabanelles,14,16,-2,1,0,1,5,1,4,3
170307,Cabanes,48,58,-10,1,7,-6,5,2,3,-13
080272,"Cabanyes, les",52,27,25,2,5,-3,4,1,3,25
250616,Cabó,6,1,5,0,0,0,0,0,0,5
430363,Cabra del Camp,100,45,55,9,11,-2,15,3,12,65
080288,Cabrera d'Anoia,123,85,38,8,14,-6,7,4,3,35
080291,Cabrera de Mar,260,216,44,24,25,-1,31,12,19,62
080305,Cabrils,433,358,75,27,26,1,93,24,69,145
170329,Cadaqués,124,55,69,23,12,11,71,15,56,136
080312,Calaf,83,128,-45,14,12,2,45,30,15,-28
430379,Calafell,2261,1368,893,238,245,-7,524,381,143,1029
080348,Calders,59,37,22,1,3,-2,3,0,3,23
080327,Caldes d'Estrac,328,189,139,18,24,-6,38,33,5,138
170335,Caldes de Malavella,479,272,207,28,44,-16,96,81,15,206
080333,Caldes de Montbui,640,548,92,61,71,-10,88,30,58,140
080351,Calella,914,718,196,92,117,-25,331,261,70,241
080370,Calldetenes,81,78,3,4,8,-4,15,6,9,8
080386,Callús,81,100,-19,8,3,5,13,13,0,-14
080364,Calonge de Segarra,10,3,7,0,0,0,0,0,0,7
170340,Calonge i Sant Antoni,680,466,214,41,61,-20,218,80,138,332
250621,Camarasa,36,29,7,5,3,2,5,2,3,12
439039,Camarles,116,56,60,9,15,-6,36,20,16,70
430385,Cambrils,1326,1081,245,269,330,-61,503,114,389,573
170353,Camós,47,7,40,1,1,0,3,0,3,43
170366,Campdevànol,104,70,34,8,1,7,8,5,3,44
170372,Campelles,22,11,11,0,3,-3,0,0,0,8
080399,Campins,41,52,-11,3,0,3,4,1,3,-5
170388,Campllong,21,27,-6,0,2,-2,3,0,3,-5
170391,Camprodon,194,76,118,23,9,14,39,6,33,165
250637,Canejan,7,8,-1,2,1,1,0,0,0,0
170405,Canet d'Adri,37,22,15,1,1,0,9,0,9,24
080403,Canet de Mar,624,481,143,75,55,20,97,78,19,182
439076,"Canonja, la",195,202,-7,22,22,0,28,18,10,3
080410,Canovelles,724,716,8,79,79,0,247,92,155,163
080425,Cànoves i Samalús,193,140,53,12,10,2,15,14,1,56
170412,Cantallops,11,11,0,0,2,-2,5,1,4,2
080431,Canyelles,390,197,193,19,24,-5,42,25,17,205
430398,Capafonts,17,1,16,0,0,0,0,1,-1,15
430402,Capçanes,11,8,3,0,1,-1,3,0,3,5
080446,Capellades,189,214,-25,37,31,6,48,13,35,16
170427,Capmany,46,43,3,3,2,1,8,1,7,11
080459,Capolat,6,5,1,0,0,0,0,0,0,1
080462,Cardedeu,791,587,204,55,56,-1,106,34,72,275
080478,Cardona,124,89,35,15,22,-7,31,19,12,40
080484,Carme,26,49,-23,4,2,2,8,0,8,-13
430419,Caseres,7,11,-4,0,1,-1,1,0,1,-4
170448,Cassà de la Selva,363,289,74,40,20,20,83,10,73,167
080497,Casserres,104,59,45,10,2,8,8,2,6,59
080575,Castell de l'Areny,6,1,5,0,0,0,0,0,0,5
259046,Castell de Mur,6,9,-3,1,0,1,0,1,-1,-3
250642,Castellar de la Ribera,10,3,7,0,0,0,0,0,0,7
080522,Castellar de n'Hug,14,2,12,1,0,1,0,0,0,13
080500,Castellar del Riu,5,7,-2,0,0,0,1,0,1,-1
080517,Castellar del Vallès,885,604,281,61,102,-41,89,69,20,260
080538,Castellbell i el Vilar,256,111,145,19,24,-5,29,7,22,162
080543,Castellbisbal,412,364,48,42,54,-12,70,30,40,76
080556,Castellcir,71,46,25,0,10,-10,4,2,2,17
250674,Castelldans,28,36,-8,7,4,3,4,16,-12,-17
080569,Castelldefels,2245,2492,-247,449,683,-234,1155,808,347,-134
080581,Castellet i la Gornal,214,123,91,12,19,-7,26,44,-18,66
170464,Castellfollit de la Roca,39,39,0,7,2,5,3,4,-1,4
080608,Castellfollit de Riubregós,7,2,5,0,0,0,0,0,0,5
080594,Castellfollit del Boix,15,13,2,2,4,-2,3,0,3,3
080615,Castellgalí,174,87,87,5,17,-12,6,2,4,79
080620,Castellnou de Bages,80,60,20,2,7,-5,7,0,7,22
250680,Castellnou de Seana,40,16,24,3,5,-2,13,1,12,34
170470,Castelló d'Empúries,450,388,62,82,69,13,521,531,-10,65
250693,Castelló de Farfanya,24,21,3,1,4,-3,3,0,3,3
080636,Castellolí,46,24,22,4,0,4,1,4,-3,23
170486,Castell-Platja d'Aro,814,516,298,90,85,5,358,173,185,488
250707,Castellserà,17,19,-2,1,5,-4,5,0,5,-1
080641,Castellterçol,197,97,100,4,8,-4,25,6,19,115
430424,Castellvell del Camp,152,94,58,2,7,-5,6,11,-5,48
080654,Castellví de la Marca,68,50,18,2,3,-1,14,3,11,28
080667,Castellví de Rosanes,132,71,61,8,7,1,11,2,9,71
430430,"Catllar, el",335,174,161,33,23,10,37,20,17,188
250714,Cava,6,5,1,0,0,0,0,0,0,1
171899,"Cellera de Ter, la",78,53,25,2,4,-2,11,9,2,25
170499,Celrà,214,178,36,30,29,1,63,89,-26,11
080673,Centelles,328,232,96,17,20,-3,47,17,30,123
082687,Cercs,94,42,52,0,1,-1,1,1,0,51
082665,Cerdanyola del Vallès,1616,1831,-215,260,331,-71,650,548,102,-184
080689,Cervelló,516,327,189,30,43,-13,56,23,33,209
250729,Cervera,206,185,21,60,42,18,101,37,64,103
250735,Cervià de les Garrigues,36,22,14,3,4,-1,2,3,-1,12
170502,Cervià de Ter,43,40,3,1,1,0,5,1,4,7
170519,Cistella,12,13,-1,2,2,0,2,0,2,1
250740,Ciutadilla,9,6,3,0,2,-2,0,0,0,1
250753,Clariana de Cardener,7,10,-3,0,0,0,2,4,-2,-5
250766,"Cogul, el",6,8,-2,0,0,0,0,0,0,-2
170545,Colera,35,18,17,6,4,2,13,8,5,24
250772,Coll de Nargó,30,14,16,2,4,-2,5,3,2,16
080692,Collbató,273,155,118,15,20,-5,11,9,2,115
430458,Colldejou,8,7,1,0,0,0,1,0,1,2
080706,Collsuspina,27,7,20,3,1,2,0,0,0,22
170558,Colomers,20,6,14,0,0,0,5,7,-2,12
251636,"Coma i la Pedra, la",36,10,26,0,2,-2,0,0,0,24
251615,Conca de Dalt,28,8,20,0,1,-1,2,1,1,20
430461,Conesa,6,4,2,0,0,0,4,0,4,6
430477,Constantí,243,263,-20,39,38,1,93,26,67,48
080713,Copons,17,14,3,0,0,0,0,2,-2,1
430483,Corbera d'Ebre,24,23,1,3,3,0,6,9,-3,-2
080728,Corbera de Llobregat,694,554,140,55,75,-20,128,41,87,207
250788,Corbins,47,30,17,7,7,0,27,5,22,39
170577,Corçà,67,53,14,4,3,1,4,2,2,17
080734,Cornellà de Llobregat,2777,3309,-532,394,559,-165,1060,152,908,211
170561,Cornellà del Terri,123,105,18,4,5,-1,23,8,15,32
430496,Cornudella de Montsant,53,26,27,10,8,2,11,0,11,40
430509,Creixell,370,230,140,19,17,2,41,19,22,164
170583,Crespià,31,13,18,2,1,1,3,6,-3,16
179011,"Cruïlles, Monells i Sant Sadurní de l'Heura",115,50,65,4,3,1,8,10,-2,64
080749,Cubelles,999,707,292,67,105,-38,126,21,105,359
250791,Cubells,32,7,25,2,0,2,3,1,2,29
430516,Cunit,1262,746,516,86,121,-35,218,79,139,620
170600,Darnius,31,25,6,5,3,2,5,0,5,13
170617,Das,16,11,5,2,0,2,3,1,2,9
439018,Deltebre,330,252,78,60,42,18,72,142,-70,26
080752,Dosrius,363,275,88,18,36,-18,28,2,26,96
430537,Duesaigües,13,21,-8,0,2,-2,4,4,0,-10
170622,"Escala, l'",466,260,206,60,64,-4,218,57,161,363
080765,Esparreguera,787,661,126,84,127,-43,130,111,19,102
170638,Espinelves,22,9,13,3,2,1,5,1,4,18
250812,"Espluga Calba, l'",14,11,3,2,1,1,4,0,4,8
430542,"Espluga de Francolí, l'",119,106,13,11,8,3,18,12,6,22
080771,Esplugues de Llobregat,1863,2147,-284,184,281,-97,581,265,316,-65
170643,Espolla,11,9,2,0,0,0,4,1,3,5
170656,Esponellà,19,10,9,1,1,0,5,0,5,14
250827,Espot,13,9,4,0,3,-3,6,0,6,7
080787,"Espunyola, l'",17,1,16,0,0,0,0,0,0,16
082541,"Esquirol, l'",90,65,25,6,10,-4,12,1,11,32
250886,Estamariu,5,2,3,0,0,0,2,1,1,4
080790,"Estany, l'",34,19,15,1,0,1,1,3,-2,14
250851,Estaràs,23,4,19,0,0,0,0,0,0,19
250864,Esterri d'Àneu,54,28,26,5,3,2,10,9,1,29
250870,Esterri de Cardós,5,5,0,0,0,0,0,0,0,0
430555,Falset,71,71,0,25,12,13,23,8,15,28
170059,"Far d'Empordà, el",24,14,10,2,1,1,5,1,4,15
250899,Farrera,8,3,5,4,0,4,0,0,0,9
430568,"Fatarella, la",4,7,-3,4,4,0,3,0,3,0
430574,"Febró, la",4,2,2,0,0,0,0,0,0,2
081347,Figaró-Montmany,88,77,11,2,4,-2,5,10,-5,4
080804,Fígols,5,2,3,0,0,0,0,0,0,3
259084,Fígols i Alinyà,21,10,11,1,0,1,5,2,3,15
430580,"Figuera, la",8,4,4,0,0,0,0,0,0,4
170669,Figueres,1304,1640,-336,275,359,-84,731,557,174,-246
430593,Figuerola del Camp,21,13,8,0,0,0,4,0,4,12
170675,Flaçà,65,47,18,9,2,7,13,5,8,33
430607,Flix,132,79,53,21,14,7,40,8,32,92
250925,"Floresta, la",10,3,7,1,0,1,1,0,1,9
080826,Fogars de la Selva,128,61,67,9,7,2,9,4,5,74
080811,Fogars de Montclús,21,25,-4,2,1,1,2,0,2,-1
170681,Foixà,17,21,-4,0,0,0,3,0,3,-1
080832,Folgueroles,77,59,18,1,0,1,2,2,0,19
250931,Fondarella,47,29,18,1,4,-3,6,4,2,17
080847,Fonollosa,76,50,26,3,1,2,10,1,9,37
170694,Fontanals de Cerdanya,91,26,65,6,1,5,4,2,2,72
170708,Fontanilles,15,3,12,1,0,1,0,0,0,13
170715,Fontcoberta,57,49,8,2,2,0,2,8,-6,2
080850,Font-rubí,76,58,18,3,9,-6,35,14,21,33
250946,Foradada,16,17,-1,0,3,-3,3,0,3,-1
179026,Forallac,113,88,25,4,4,0,16,14,2,27
430614,Forès,6,1,5,1,0,1,0,0,0,6
170736,Fornells de la Selva,114,85,29,11,7,4,8,4,4,37
170741,Fortià,54,44,10,2,0,2,9,22,-13,-1
080863,"Franqueses del Vallès, les",866,806,60,72,79,-7,172,163,9,62
430629,Freginals,16,26,-10,2,1,1,13,0,13,4
250962,"Fuliola, la",44,39,5,5,4,1,14,9,5,11
250978,Fulleda,3,4,-1,0,0,0,0,0,0,-1
080902,Gaià,19,10,9,1,2,-1,0,0,0,8
430635,"Galera, la",31,33,-2,2,3,-1,7,1,6,3
080879,Gallifa,24,8,16,0,0,0,1,0,1,17
430640,Gandesa,96,61,35,30,25,5,28,23,5,45
430653,Garcia,30,23,7,2,5,-3,3,0,3,7
430666,"Garidells, els",17,7,10,2,1,1,0,0,0,11
080885,"Garriga, la",624,527,97,87,89,-2,163,114,49,144
170754,Garrigàs,31,19,12,5,1,4,0,0,0,16
170767,Garrigoles,12,11,1,0,2,-2,3,0,3,2
170773,Garriguella,79,31,48,3,4,-1,25,1,24,71
080898,Gavà,1495,1606,-111,257,286,-29,469,292,177,37
250984,Gavet de la Conca,20,11,9,1,1,0,1,1,0,9
080919,Gelida,345,315,30,44,52,-8,68,23,45,67
170789,Ger,62,13,49,5,2,3,3,1,2,54
259123,Gimenells i el Pla de la Font,47,32,15,4,2,2,13,7,6,23
430672,Ginestar,27,9,18,2,0,2,23,11,12,32
170792,Girona,3001,4237,-1236,619,716,-97,1627,1284,343,-990
080924,Gironella,158,148,10,12,26,-14,42,19,23,19
080930,Gisclareny,2,1,1,0,0,0,0,0,0,1
430688,Godall,21,16,5,10,2,8,7,21,-14,-1
250997,Golmés,58,48,10,8,7,1,14,22,-8,3
170806,Gombrèn,8,3,5,2,2,0,2,0,2,7
251001,Gósol,27,8,19,6,0,6,3,0,3,28
080945,"Granada, la",73,69,4,5,11,-6,15,7,8,6
251018,"Granadella, la",19,19,0,5,1,4,6,1,5,9
080958,Granera,11,4,7,1,0,1,0,0,0,8
251023,"Granja d'Escarp, la",13,22,-9,21,7,14,30,25,5,10
080961,Granollers,2267,2290,-23,345,385,-40,864,511,353,290
251039,Granyanella,6,4,2,0,0,0,2,0,2,4
251057,Granyena de les Garrigues,20,0,20,0,2,-2,4,0,4,22
251044,Granyena de Segarra,13,4,9,0,1,-1,3,0,3,11
430691,Gratallops,10,6,4,2,1,1,0,0,0,5
080977,Gualba,112,81,31,11,8,3,13,2,11,45
170813,Gualta,26,18,8,2,1,1,23,4,19,28
080996,Guardiola de Berguedà,46,55,-9,6,2,4,5,3,2,-3
430705,"Guiamets, els",25,12,13,1,4,-3,1,1,0,10
170828,Guils de Cerdanya,70,21,49,2,1,1,0,3,-3,47
251095,Guimerà,13,14,-1,2,0,2,2,0,2,3
259031,"Guingueta d'Àneu, la",21,14,7,0,0,0,6,1,5,12
251109,Guissona,149,207,-58,62,20,42,126,95,31,15
251116,Guixers,1,6,-5,0,0,0,0,0,0,-5
081000,Gurb,78,72,6,5,11,-6,4,8,-4,-4
430712,Horta de Sant Joan,27,21,6,8,9,-1,7,0,7,12
081017,"Hospitalet de Llobregat, l'",8596,12275,-3679,1422,2127,-705,5806,527,5279,895
081629,"Hostalets de Pierola, els",233,126,107,10,7,3,15,4,11,121
170834,Hostalric,177,198,-21,24,5,19,43,2,41,39
081022,Igualada,1443,1357,86,245,228,17,485,126,359,462
251155,Isona i Conca Dellà,48,33,15,10,0,10,20,17,3,28
170849,Isòvol,49,18,31,3,2,1,4,0,4,36
251137,Ivars d'Urgell,54,33,21,5,8,-3,28,18,10,28
251121,Ivars de Noguera,10,5,5,1,1,0,1,1,0,5
251142,Ivorra,6,2,4,0,0,0,0,0,0,4
170852,Jafre,10,9,1,0,2,-2,2,0,2,1
170865,"Jonquera, la",117,130,-13,33,20,13,108,80,28,28
081038,Jorba,57,56,1,3,2,1,2,5,-3,-1
259101,Josa i Tuixén,7,6,1,0,1,-1,0,0,0,0
170871,Juià,29,25,4,2,0,2,3,15,-12,-6
251180,Juncosa,8,3,5,2,2,0,5,1,4,9
251193,Juneda,92,84,8,6,14,-8,66,61,5,5
251214,Les,47,40,7,14,6,8,19,9,10,25
251229,Linyola,66,46,20,17,9,8,21,7,14,42
081043,"Llacuna, la",60,34,26,4,3,1,6,5,1,28
170887,Lladó,34,31,3,1,5,-4,7,1,6,5
251235,Lladorre,18,8,10,0,0,0,0,2,-2,8
251240,Lladurs,9,0,9,0,0,0,0,0,0,9
081056,"Llagosta, la",354,510,-156,45,79,-34,100,141,-41,-231
170890,Llagostera,404,248,156,31,34,-3,113,51,62,215
170904,Llambilles,35,21,14,1,0,1,1,0,1,16
170911,Llanars,26,26,0,4,4,0,9,9,0,0
170926,Llançà,206,155,51,33,40,-7,98,19,79,123
251253,Llardecans,9,13,-4,1,1,0,2,3,-1,-5
251266,Llavorsí,25,20,5,4,6,-2,4,1,3,6
251207,Lleida,2126,2827,-701,1056,1219,-163,2143,1662,481,-383
170932,Llers,69,59,10,2,6,-4,15,16,-1,5
251272,Lles de Cerdanya,39,16,23,0,1,-1,0,0,0,22
081075,Lliçà d'Amunt,817,554,263,35,53,-18,48,45,3,248
081081,Lliçà de Vall,307,244,63,14,16,-2,26,9,17,78
251288,Llimiana,12,6,6,0,0,0,1,1,0,6
081069,Llinars del Vallès,527,416,111,43,43,0,70,54,16,127
170947,Llívia,165,75,90,7,13,-6,18,16,2,86
430727,"Lloar, el",11,2,9,0,0,0,0,0,0,9
251291,Llobera,4,4,0,0,0,0,0,0,0,0
430733,Llorac,5,3,2,0,0,0,0,0,0,2
430748,Llorenç del Penedès,93,89,4,9,5,4,12,10,2,10
170950,Lloret de Mar,1065,974,91,251,277,-26,1060,2042,-982,-917
170963,"Llosses, les",15,18,-3,0,0,0,2,1,1,-2
081094,Lluçà,10,13,-3,0,0,0,0,0,0,-3
171024,Maçanet de Cabrenys,37,18,19,6,2,4,14,1,13,36
171030,Maçanet de la Selva,535,299,236,57,49,8,84,16,68,312
170979,Madremanya,19,14,5,0,2,-2,5,0,5,8
170985,Maià de Montcal,45,32,13,1,3,-2,7,0,7,18
251333,Maials,18,8,10,7,1,6,17,6,11,27
251305,Maldà,13,5,8,1,0,1,3,0,3,12
081108,Malgrat de Mar,842,586,256,86,97,-11,198,86,112,357
081115,Malla,4,2,2,0,0,0,0,0,0,2
081120,Manlleu,520,581,-61,101,109,-8,238,93,145,76
081136,Manresa,2214,2205,9,488,430,58,1182,773,409,476
430764,Marçà,47,27,20,6,10,-4,6,1,5,21
430751,Margalef,5,5,0,1,2,-1,0,0,0,-1
082423,Marganell,21,15,6,0,0,0,0,0,0,6
081141,Martorell,884,1027,-143,159,217,-58,457,176,281,80
081154,Martorelles,211,181,30,7,19,-12,38,16,22,40
430770,Mas de Barberans,21,12,9,3,6,-3,12,0,12,18
171002,Masarac,16,13,3,1,1,0,0,0,0,3
430786,Masdenverge,68,52,16,17,7,10,18,0,18,44
081167,"Masies de Roda, les",25,37,-12,1,1,0,7,6,1,-11
081173,"Masies de Voltregà, les",142,95,47,4,3,1,9,2,7,55
430799,Masllorenç,31,31,0,2,0,2,5,0,5,7
081189,"Masnou, el",1016,905,111,101,125,-24,202,161,41,128
430803,"Masó, la",9,6,3,0,0,0,1,0,1,4
430810,Maspujols,40,26,14,1,2,-1,0,3,-3,10
081192,Masquefa,560,327,233,28,57,-29,42,11,31,235
430825,"Masroig, el",23,22,1,5,1,4,15,0,15,20
251312,Massalcoreig,16,8,8,9,15,-6,12,1,11,13
171019,Massanes,57,46,11,1,3,-2,3,2,1,10
251327,Massoteres,11,9,2,4,3,1,7,0,7,10
081206,Matadepera,438,290,148,24,38,-14,48,16,32,166
081213,Mataró,2800,3043,-243,585,800,-215,1719,1615,104,-354
081228,Mediona,214,142,72,14,14,0,19,6,13,85
251348,Menàrguens,15,30,-15,2,9,-7,7,1,6,-16
170998,Meranges,3,5,-2,0,0,0,0,0,0,-2
171058,Mieres,22,18,4,2,2,0,0,0,0,4
430831,"Milà, el",6,2,4,0,5,-5,0,0,0,-1
251351,Miralcamp,20,34,-14,7,2,5,8,2,6,-3
430846,Miravet,12,28,-16,5,3,2,4,3,1,-13
081385,Moià,292,200,92,38,18,20,77,56,21,133
430859,"Molar, el",14,13,1,4,0,4,1,2,-1,4
081234,Molins de Rei,850,727,123,109,115,-6,206,78,128,245
251370,Mollerussa,387,469,-82,105,92,13,250,62,188,119
171061,Mollet de Peralada,16,12,4,0,3,-3,1,0,1,2
081249,Mollet del Vallès,1361,1517,-156,215,256,-41,489,398,91,-106
171077,Molló,21,12,9,0,0,0,4,0,4,13
251364,"Molsosa, la",0,0,0,0,0,0,0,0,0,0
081287,Monistrol de Calders,36,12,24,0,1,-1,3,5,-2,21
081271,Monistrol de Montserrat,200,164,36,10,22,-12,40,13,27,51
171096,Montagut i Oix,51,31,20,2,1,1,4,0,4,25
430862,Montblanc,224,164,60,26,23,3,44,20,24,87
430884,Montbrió del Camp,193,142,51,7,6,1,15,3,12,64
081252,Montcada i Reixac,1231,1238,-7,146,180,-34,407,353,54,13
081304,Montclar,0,1,-1,0,0,0,0,0,0,-1
251399,Montellà i Martinet,61,39,22,4,4,0,1,3,-2,20
081311,Montesquiu,71,48,23,1,6,-5,9,0,9,27
251403,Montferrer i Castellbò,87,43,44,3,11,-8,55,42,13,49
430897,Montferri,32,35,-3,0,2,-2,1,1,0,-5
251386,Montgai,30,9,21,1,3,-2,2,0,2,21
081265,Montgat,604,575,29,59,72,-13,116,12,104,120
081326,Montmajor,29,25,4,1,0,1,6,1,5,10
081332,Montmaneu,14,3,11,0,0,0,0,0,0,11
430901,"Montmell, el",230,92,138,14,13,1,18,1,17,156
081350,Montmeló,253,262,-9,20,36,-16,42,26,16,-9
251425,Montoliu de Lleida,18,10,8,0,5,-5,6,1,5,8
251410,Montoliu de Segarra,23,12,11,2,0,2,0,4,-4,9
251431,Montornès de Segarra,2,3,-1,0,1,-1,0,0,0,-2
081363,Montornès del Vallès,532,427,105,67,64,3,128,86,42,150
430918,Mont-ral,15,10,5,0,1,-1,0,2,-2,2
171100,Mont-ras,88,91,-3,4,4,0,9,6,3,0
430923,Mont-roig del Camp,826,582,244,160,130,30,274,409,-135,139
081379,Montseny,34,23,11,2,1,1,3,2,1,13
430939,Móra d'Ebre,163,179,-16,43,36,7,66,97,-31,-40
430944,Móra la Nova,122,89,33,10,19,-9,27,17,10,34
430957,"Morell, el",168,189,-21,29,22,7,31,18,13,-1
430960,"Morera de Montsant, la",14,9,5,0,1,-1,3,0,3,7
081290,Muntanyola,59,37,22,2,3,-1,2,1,1,22
081398,Mura,20,7,13,0,0,0,0,0,0,13
251459,Nalec,7,5,2,0,0,0,0,0,0,2
250254,Naut Aran,84,40,44,80,24,56,15,10,5,105
081402,Navarcles,221,162,59,14,24,-10,29,9,20,69
081419,Navàs,146,170,-24,10,14,-4,49,27,22,-6
171117,Navata,74,60,14,6,7,-1,19,17,2,15
251462,Navès,25,16,9,0,0,0,3,0,3,12
081424,"Nou de Berguedà, la",21,8,13,0,0,0,1,0,1,14
430976,"Nou de Gaià, la",23,16,7,3,1,2,7,1,6,15
430982,Nulles,29,21,8,4,2,2,1,0,1,11
251484,Odèn,5,5,0,1,0,1,0,0,0,1
081430,Òdena,177,163,14,14,10,4,28,20,8,26
171122,Ogassa,10,10,0,0,1,-1,1,1,0,-1
081458,Olèrdola,238,152,86,11,27,-16,34,11,23,93
081461,Olesa de Bonesvalls,158,80,78,6,3,3,6,2,4,85
081477,Olesa de Montserrat,724,681,43,108,110,-2,139,33,106,147
251497,Oliana,58,44,14,16,14,2,37,15,22,38
251500,Oliola,4,7,-3,1,0,1,0,0,0,-2
251517,Olius,42,52,-10,1,8,-7,2,2,0,-17
081483,Olivella,317,161,156,25,29,-4,94,66,28,180
081496,Olost,33,27,6,1,6,-5,8,10,-2,-1
171143,Olot,877,724,153,265,161,104,614,95,519,776
251522,"Oluges, les",7,6,1,0,0,0,0,0,0,1
081445,Olvan,58,36,22,3,2,1,0,0,0,23
251538,"Omellons, els",6,8,-2,0,1,-1,0,0,0,-3
251543,"Omells de na Gaia, els",1,2,-1,1,0,1,0,0,0,0
171156,Ordis,15,8,7,1,0,1,4,0,4,12
251556,Organyà,22,28,-6,5,2,3,10,2,8,5
081509,Orís,25,8,17,0,1,-1,1,1,0,16
081516,Oristà,18,23,-5,2,2,0,4,0,4,-1
081521,Orpí,7,5,2,1,0,1,1,0,1,4
081537,Òrrius,51,30,21,2,0,2,1,4,-3,20
251569,Os de Balaguer,59,28,31,9,6,3,0,0,0,34
171169,Osor,37,31,6,1,2,-1,0,0,0,5
251575,Ossó de Sió,2,4,-2,0,0,0,0,0,0,-2
081542,Pacs del Penedès,41,44,-3,3,5,-2,8,3,5,0
081555,Palafolls,393,376,17,28,31,-3,40,9,31,45
171175,Palafrugell,688,574,114,92,83,9,357,343,14,137
171181,Palamós,802,706,96,88,73,15,196,88,108,219
251581,"Palau d'Anglesola, el",72,42,30,14,10,4,28,18,10,44
171194,Palau de Santa Eulàlia,15,0,15,4,0,4,2,0,2,21
171215,Palau-sator,24,14,10,5,1,4,4,0,4,18
171208,Palau-saverdera,85,70,15,9,3,6,37,8,29,50
081568,Palau-solità i Plegamans,613,476,137,58,60,-2,78,69,9,144
431009,"Pallaresos, els",256,153,103,10,15,-5,6,9,-3,95
081574,Pallejà,447,387,60,25,51,-26,72,23,49,83
430995,"Palma d'Ebre, la",8,11,-3,2,1,1,7,4,3,1
089058,"Palma de Cervelló, la",175,145,30,10,16,-6,11,4,7,31
171236,Palol de Revardit,21,19,2,0,0,0,1,2,-1,1
171241,Pals,161,71,90,15,7,8,56,32,24,122
081580,"Papiol, el",142,125,17,25,14,11,47,16,31,59
171254,Pardines,4,7,-3,0,0,0,0,0,0,-3
081593,Parets del Vallès,669,750,-81,51,80,-29,86,70,16,-94
171267,Parlavà,33,14,19,5,0,5,0,0,0,24
431016,Passanant i Belltall,15,6,9,0,1,-1,0,0,0,8
171289,Pau,34,20,14,1,4,-3,12,0,12,23
431021,Paüls,17,7,10,1,0,1,8,0,8,19
171292,Pedret i Marzà,5,9,-4,1,1,0,1,1,0,-4
251641,Penelles,17,8,9,1,1,0,4,8,-4,5
171306,"Pera, la",32,18,14,3,0,3,2,0,2,19
081607,Perafita,21,11,10,1,1,0,1,3,-2,8
431037,Perafort,71,55,16,9,9,0,8,0,8,24
171328,Peralada,114,69,45,8,5,3,13,4,9,57
251654,Peramola,21,10,11,1,9,-8,12,0,12,15
431042,"Perelló, el",102,83,19,12,14,-2,65,7,58,75
081614,Piera,947,635,312,66,113,-47,107,6,101,366
431055,"Piles, les",14,3,11,0,4,-4,1,0,1,8
081635,Pineda de Mar,1286,974,312,128,153,-25,346,211,135,422
431068,"Pinell de Brai, el",20,24,-4,6,2,4,7,0,7,7
251667,Pinell de Solsonès,1,4,-3,0,1,-1,0,1,-1,-5
251673,Pinós,12,6,6,3,0,3,0,0,0,9
431074,Pira,17,15,2,3,0,3,0,4,-4,1
431080,"Pla de Santa Maria, el",108,127,-19,9,12,-3,31,16,15,-7
081640,"Pla del Penedès, el",92,73,19,5,7,-2,10,4,6,23
171334,"Planes d'Hostoles, les",77,64,13,9,9,0,14,14,0,13
171349,Planoles,17,10,7,5,0,5,3,13,-10,2
259118,"Plans de Sió, els",31,17,14,0,0,0,2,0,2,16
251689,"Poal, el",24,21,3,5,0,5,1,7,-6,2
251692,"Pobla de Cérvoles, la",26,13,13,0,2,-2,3,1,2,13
081653,"Pobla de Claramunt, la",121,94,27,3,3,0,7,1,6,33
081666,"Pobla de Lillet, la",39,35,4,2,2,0,0,1,-1,3
431093,"Pobla de Mafumet, la",217,181,36,31,24,7,15,10,5,48
431107,"Pobla de Massaluca, la",22,5,17,9,1,8,2,0,2,27
431114,"Pobla de Montornès, la",265,155,110,17,15,2,19,4,15,127
251713,"Pobla de Segur, la",151,98,53,24,24,0,55,36,19,72
431129,Poboleda,24,19,5,3,0,3,4,1,3,11
081672,Polinyà,296,299,-3,24,47,-23,43,20,23,-3
431135,"Pont d'Armentera, el",30,24,6,2,1,1,2,0,2,9
250306,"Pont de Bar, el",28,3,25,1,2,-1,0,0,0,24
171352,Pont de Molins,34,17,17,1,0,1,2,4,-2,16
251734,"Pont de Suert, el",96,38,58,35,29,6,36,10,26,90
081825,"Pont de Vilomara i Rocafort, el",191,88,103,17,12,5,21,13,8,116
431418,Pontils,24,9,15,0,0,0,2,0,2,17
081688,Pontons,45,49,-4,6,3,3,6,5,1,0
171365,Pontós,16,14,2,1,3,-2,2,3,-1,-1
251728,Ponts,79,80,-1,21,15,6,45,36,9,14
171371,Porqueres,209,179,30,2,8,-6,27,3,24,48
431140,Porrera,19,15,4,1,1,0,2,2,0,4
171404,"Port de la Selva, el",89,48,41,12,7,5,18,10,8,54
171387,Portbou,57,36,21,14,8,6,28,11,17,44
251749,"Portella, la",24,23,1,11,3,8,14,5,9,18
431153,Pradell de la Teixeta,5,0,5,0,1,-1,4,0,4,8
431166,Prades,58,40,18,1,1,0,9,1,8,26
431172,Prat de Comte,8,4,4,1,0,1,2,0,2,7
081691,"Prat de Llobregat, el",1622,1486,136,340,414,-74,584,300,284,346
431188,Pratdip,43,31,12,3,2,1,15,28,-13,0
081712,Prats de Lluçanès,114,77,37,6,5,1,19,8,11,49
081705,"Prats de Rei, els",25,14,11,1,0,1,0,1,-1,11
251752,Prats i Sansor,39,10,29,1,0,1,4,1,3,33
251765,Preixana,21,18,3,3,1,2,1,3,-2,3
251771,Preixens,29,18,11,0,4,-4,4,3,1,8
082303,Premià de Dalt,451,409,42,31,52,-21,71,82,-11,10
081727,Premià de Mar,1027,914,113,109,155,-46,299,164,135,202
171390,"Preses, les",79,56,23,1,4,-3,11,13,-2,18
251790,Prullans,26,13,13,2,1,1,7,0,7,21
171411,Puigcerdà,333,265,68,72,87,-15,200,118,82,135
081748,Puigdàlber,40,21,19,1,0,1,3,0,3,23
251804,Puiggròs,4,14,-10,0,0,0,0,0,0,-10
431191,Puigpelat,67,43,24,3,2,1,3,1,2,27
081751,Puig-reig,200,168,32,22,15,7,41,12,29,68
251811,Puigverd d'Agramunt,24,16,8,2,7,-5,5,0,5,8
251826,Puigverd de Lleida,63,31,32,4,2,2,18,22,-4,30
081764,Pujalt,13,15,-2,0,0,0,1,0,1,-1
081770,"Quar, la",4,3,1,0,0,0,0,0,0,1
171426,Quart,186,182,4,2,5,-3,29,13,16,17
170433,Queralbs,12,9,3,0,0,0,3,0,3,6
431205,Querol,54,26,28,7,5,2,5,1,4,34
171432,Rabós,28,6,22,0,1,-1,2,4,-2,19
081786,Rajadell,34,19,15,2,1,1,3,0,3,19
431212,Rasquera,19,10,9,6,1,5,22,5,17,31
171447,Regencós,25,13,12,2,0,2,0,1,-1,13
081799,Rellinars,106,37,69,2,3,-1,1,1,0,68
431227,Renau,4,11,-7,0,0,0,0,0,0,-7
431233,Reus,2226,2393,-167,551,501,50,1325,749,576,459
251832,Rialp,51,30,21,2,4,-2,6,2,4,23
431248,"Riba, la",21,30,-9,6,1,5,1,4,-3,-7
431251,Riba-roja d'Ebre,24,21,3,12,4,8,20,0,20,31
259059,Ribera d'Ondara,16,12,4,2,3,-1,1,5,-4,-1
251850,Ribera d'Urgellet,41,42,-1,6,10,-4,34,5,29,24
171450,Ribes de Freser,84,55,29,7,4,3,17,6,11,43
171463,Riells i Viabrea,343,232,111,33,25,8,23,11,12,131
431264,"Riera de Gaià, la",53,58,-5,5,8,-3,11,1,10,2
251863,Riner,20,8,12,1,0,1,1,1,0,13
171479,Ripoll,238,266,-28,34,45,-11,113,12,101,62
081803,Ripollet,1108,1138,-30,171,217,-46,432,406,26,-50
259139,Riu de Cerdanya,7,6,1,0,0,0,0,0,0,1
171485,Riudarenes,148,84,64,7,10,-3,25,1,24,85
171498,Riudaura,46,13,33,2,4,-2,3,2,1,32
431270,Riudecanyes,63,38,25,3,6,-3,16,2,14,36
431286,Riudecols,77,55,22,12,4,8,13,6,7,37
171501,Riudellots de la Selva,69,60,9,7,3,4,14,15,-1,12
431299,Riudoms,277,182,95,27,9,18,44,16,28,141
171518,Riumors,17,22,-5,0,1,-1,2,0,2,-4
081810,"Roca del Vallès, la",340,405,-65,36,44,-8,40,22,18,-55
431303,Rocafort de Queralt,18,8,10,9,1,8,3,0,3,21
431310,Roda de Berà,678,336,342,44,49,-5,83,14,69,406
081831,Roda de Ter,213,248,-35,47,30,17,75,33,42,24
431325,Rodonyà,35,26,9,2,6,-4,7,0,7,12
431331,Roquetes,291,290,1,28,16,12,103,38,65,78
171523,Roses,624,586,38,158,183,-25,549,539,10,23
251898,Rosselló,120,128,-8,31,29,2,30,102,-72,-78
431346,"Rourell, el",46,28,18,1,0,1,12,0,12,31
081846,Rubí,2142,2143,-1,300,482,-182,752,360,392,209
081859,Rubió,9,15,-6,0,0,0,0,0,0,-6
171539,Rupià,39,9,30,2,0,2,1,3,-2,30
089019,Rupit i Pruit,21,1,20,1,0,1,1,0,1,22
081878,Sabadell,5292,5338,-46,1074,1134,-60,2423,1612,811,705
081884,Sagàs,5,0,5,0,0,0,0,0,0,5
251902,Salàs de Pallars,24,12,12,4,0,4,6,0,6,22
081901,Saldes,29,21,8,0,1,-1,0,0,0,7
171544,Sales de Llierca,11,5,6,1,5,-4,3,0,3,5
081918,Sallent,165,130,35,14,13,1,38,37,1,37
431359,Salomó,25,21,4,2,3,-1,7,1,6,9
439057,Salou,1230,1111,119,342,378,-36,741,537,204,287
171557,Salt,1137,1392,-255,143,183,-40,687,141,546,251
251919,Sanaüja,23,8,15,3,0,3,1,0,1,19
081944,Sant Adrià de Besòs,1489,1689,-200,167,243,-76,484,217,267,-9
081957,Sant Agustí de Lluçanès,6,3,3,0,0,0,0,0,0,3
081960,Sant Andreu de la Barca,763,877,-114,101,193,-92,187,173,14,-192
081976,Sant Andreu de Llavaneres,623,519,104,45,87,-42,99,49,50,112
171576,Sant Andreu Salou,1,4,-3,1,0,1,0,0,0,-2
171833,Sant Aniol de Finestres,21,20,1,0,0,0,5,0,5,6
081982,Sant Antoni de Vilamajor,479,281,198,27,32,-5,37,16,21,214
081995,Sant Bartomeu del Grau,29,19,10,1,3,-2,20,2,18,26
082009,Sant Boi de Llobregat,2051,2362,-311,319,473,-154,698,496,202,-263
082016,Sant Boi de Lluçanès,38,37,1,0,1,-1,5,1,4,4
431362,Sant Carles de la Ràpita,489,387,102,142,128,14,193,22,171,287
082037,Sant Cebrià de Vallalta,298,191,107,9,17,-8,22,8,14,113
082021,Sant Celoni,729,650,79,88,77,11,147,174,-27,63
082042,Sant Climent de Llobregat,165,144,21,11,17,-6,31,10,21,36
171582,Sant Climent Sescebes,47,32,15,14,32,-18,11,1,10,7
082055,Sant Cugat del Vallès,3518,2704,814,424,602,-178,1472,319,1153,1789
082068,Sant Cugat Sesgarrigues,42,38,4,1,1,0,3,2,1,5
251961,Sant Esteve de la Sarga,6,3,3,0,0,0,0,0,0,3
082074,Sant Esteve de Palautordera,205,98,107,9,9,0,26,7,19,126
082080,Sant Esteve Sesrovires,399,289,110,29,32,-3,44,16,28,135
171595,Sant Feliu de Buixalleu,49,37,12,5,2,3,3,4,-1,14
082107,Sant Feliu de Codines,399,308,91,26,34,-8,53,34,19,102
171609,Sant Feliu de Guíxols,811,669,142,98,131,-33,404,331,73,182
082114,Sant Feliu de Llobregat,1387,1351,36,189,233,-44,373,160,213,205
171616,Sant Feliu de Pallerols,75,89,-14,4,4,0,59,6,53,39
082129,Sant Feliu Sasserra,30,22,8,0,0,0,7,2,5,13
171621,Sant Ferriol,17,16,1,1,0,1,9,0,9,11
082093,Sant Fost de Campsentelles,556,297,259,19,35,-16,44,9,35,278
082135,Sant Fruitós de Bages,389,307,82,19,37,-18,58,12,46,110
171637,Sant Gregori,191,140,51,13,7,6,28,0,28,85
251924,Sant Guim de Freixenet,63,38,25,11,3,8,4,3,1,34
251977,Sant Guim de la Plana,6,2,4,0,0,0,8,0,8,12
171642,Sant Hilari Sacalm,147,122,25,17,24,-7,97,28,69,87
082153,Sant Hipòlit de Voltregà,139,127,12,18,10,8,32,28,4,24
081939,Sant Iscle de Vallalta,139,72,67,9,4,5,27,6,21,93
439023,Sant Jaume d'Enveja,169,116,53,21,12,9,33,18,15,77
082166,Sant Jaume de Frontanyà,0,1,-1,0,0,0,0,0,0,-1
171655,Sant Jaume de Llierca,24,32,-8,1,5,-4,2,0,2,-10
431378,Sant Jaume dels Domenys,190,143,47,13,16,-3,14,5,9,53
171674,Sant Joan de les Abadesses,114,82,32,17,5,12,26,2,24,68
171680,Sant Joan de Mollet,22,20,2,2,2,0,3,1,2,4
082188,Sant Joan de Vilatorrada,287,329,-42,24,38,-14,45,34,11,-45
082172,Sant Joan Despí,1165,1218,-53,110,208,-98,258,203,55,-96
171851,Sant Joan les Fonts,117,101,16,13,3,10,13,18,-5,21
171668,Sant Jordi Desvalls,63,22,41,4,10,-6,7,0,7,42
089030,Sant Julià de Cerdanyola,10,3,7,1,1,0,1,0,1,8
171693,Sant Julià de Ramis,198,172,26,16,10,6,19,21,-2,30
082205,Sant Julià de Vilatorta,106,71,35,3,9,-6,9,8,1,30
179032,Sant Julià del Llor i Bonmatí,87,57,30,1,13,-12,11,17,-6,12
082212,Sant Just Desvern,1308,738,570,106,115,-9,338,65,273,834
082227,Sant Llorenç d'Hortons,137,123,14,12,1,11,16,3,13,38
171714,Sant Llorenç de la Muga,21,19,2,1,0,1,8,0,8,11
251930,Sant Llorenç de Morunys,72,20,52,1,8,-7,7,3,4,49
082233,Sant Llorenç Savall,193,78,115,15,6,9,8,7,1,125
082251,Sant Martí d'Albars,11,20,-9,0,0,0,1,0,1,-8
082248,Sant Martí de Centelles,65,61,4,5,2,3,7,7,0,7
171729,Sant Martí de Llémena,45,28,17,1,1,0,6,1,5,22
259025,Sant Martí de Riucorb,19,8,11,0,0,0,1,1,0,11
082264,Sant Martí de Tous,50,38,12,1,1,0,2,1,1,13
082270,Sant Martí Sarroca,162,128,34,6,9,-3,22,19,3,34
082286,Sant Martí Sesgueioles,16,11,5,0,0,0,1,0,1,6
171735,Sant Martí Vell,8,11,-3,1,0,1,0,2,-2,-4
082299,Sant Mateu de Bages,38,31,7,0,0,0,7,0,7,14
171740,Sant Miquel de Campmajor,15,9,6,2,0,2,3,0,3,11
171753,Sant Miquel de Fluvià,35,31,4,3,5,-2,4,3,1,3
171766,Sant Mori,9,18,-9,2,0,2,2,0,2,-5
171772,Sant Pau de Segúries,63,25,38,4,1,3,2,0,2,43
082310,Sant Pere de Ribes,1456,1131,325,176,153,23,476,325,151,499
082325,Sant Pere de Riudebitlles,115,70,45,13,6,7,6,11,-5,47
082331,Sant Pere de Torelló,92,73,19,13,7,6,8,4,4,29
082346,Sant Pere de Vilamajor,330,181,149,12,26,-14,18,11,7,142
171788,Sant Pere Pescador,75,101,-26,20,8,12,52,35,17,3
081897,Sant Pere Sallavinera,18,7,11,0,0,0,0,0,0,11
082359,Sant Pol de Mar,352,222,130,40,26,14,90,57,33,177
082362,Sant Quintí de Mediona,137,88,49,3,12,-9,50,10,40,80
082378,Sant Quirze de Besora,55,57,-2,5,2,3,15,8,7,8
082384,Sant Quirze del Vallès,690,711,-21,72,77,-5,74,54,20,-6
082397,Sant Quirze Safaja,77,51,26,2,0,2,5,3,2,30
251945,Sant Ramon,30,13,17,2,4,-2,7,0,7,22
082401,Sant Sadurní d'Anoia,367,318,49,30,40,-10,82,49,33,72
082418,Sant Sadurní d'Osormort,5,6,-1,0,0,0,1,1,0,-1
080983,Sant Salvador de Guardiola,199,134,65,10,8,2,31,29,2,69
082628,Sant Vicenç de Castellet,477,361,116,30,40,-10,116,15,101,207
082649,Sant Vicenç de Montalt,465,337,128,22,33,-11,65,29,36,153
082652,Sant Vicenç de Torelló,107,83,24,2,7,-5,15,8,7,26
082634,Sant Vicenç dels Horts,806,844,-38,94,120,-26,128,43,85,21
431384,Santa Bàrbara,149,135,14,39,24,15,47,10,37,66
082439,Santa Cecília de Voltregà,5,6,-1,0,0,0,2,0,2,1
082444,Santa Coloma de Cervelló,317,270,47,30,43,-13,51,10,41,75
171805,Santa Coloma de Farners,424,381,43,66,52,14,160,53,107,164
082457,Santa Coloma de Gramenet,3482,4243,-761,493,832,-339,1922,1198,724,-376
431397,Santa Coloma de Queralt,115,97,18,16,14,2,28,2,26,46
171812,Santa Cristina d'Aro,360,228,132,17,19,-2,90,47,43,173
082460,Santa Eugènia de Berga,80,80,0,12,4,8,14,28,-14,-6
082476,Santa Eulàlia de Riuprimer,80,53,27,5,4,1,12,1,11,39
082482,Santa Eulàlia de Ronçana,415,296,119,23,21,2,30,7,23,144
082495,Santa Fe del Penedès,16,11,5,1,0,1,4,1,3,9
171827,Santa Llogaia d'Àlguema,26,16,10,0,6,-6,2,0,2,6
082508,Santa Margarida de Montbui,449,427,22,32,45,-13,99,75,24,33
082515,Santa Margarida i els Monjos,302,316,-14,29,41,-12,51,74,-23,-49
082589,Santa Maria d'Oló,53,20,33,1,2,-1,11,8,3,35
082536,Santa Maria de Besora,9,6,3,0,0,0,2,0,2,5
082567,Santa Maria de Martorelles,32,28,4,3,2,1,0,1,-1,4
082554,Santa Maria de Merlès,13,14,-1,0,0,0,0,1,-1,-2
082573,Santa Maria de Miralles,11,4,7,0,1,-1,1,0,1,7
082592,Santa Maria de Palautordera,451,402,49,31,32,-1,84,54,30,78
431401,Santa Oliva,213,132,81,17,21,-4,30,1,29,106
171848,Santa Pau,58,70,-12,5,9,-4,2,4,-2,-18
082606,Santa Perpètua de Mogoda,786,787,-1,101,132,-31,159,126,33,1
082613,Santa Susanna,269,183,86,17,32,-15,65,52,13,84
081923,Santpedor,191,180,11,17,20,-3,11,9,2,10
431423,Sarral,50,54,-4,15,4,11,17,3,14,21
171864,Sarrià de Ter,214,224,-10,10,17,-7,37,10,27,10
252017,Sarroca de Bellera,8,3,5,0,0,0,1,0,1,6
252000,Sarroca de Lleida,11,7,4,2,0,2,1,0,1,7
171870,"Saus, Camallera i Llampaies",74,43,31,1,4,-3,2,8,-6,22
431439,Savallà del Comtat,0,0,0,1,0,1,0,0,0,1
431444,"Secuita, la",89,62,27,5,13,-8,3,4,-1,18
171886,"Selva de Mar, la",16,3,13,2,1,1,2,5,-3,11
431457,"Selva del Camp, la",194,160,34,12,15,-3,16,44,-28,3
431460,Senan,0,1,-1,0,0,0,0,0,0,-1
430445,"Sénia, la",69,76,-7,53,78,-25,77,55,22,-10
252022,Senterada,17,9,8,1,1,0,3,0,3,11
250352,"Sentiu de Sió, la",21,9,12,4,2,2,0,0,0,14
082671,Sentmenat,418,293,125,32,52,-20,34,44,-10,95
171903,Serinyà,48,40,8,4,1,3,9,2,7,18
252043,Seròs,21,22,-1,36,23,13,32,43,-11,1
171910,Serra de Daró,21,9,12,1,1,0,2,0,2,14
171925,Setcases,18,5,13,0,0,0,6,0,6,19
252038,"Seu d'Urgell, la",371,344,27,147,160,-13,267,94,173,187
082690,Seva,239,101,138,12,16,-4,38,4,34,168
252056,Sidamon,29,20,9,4,4,0,5,1,4,13
171931,Sils,390,250,140,29,29,0,71,39,32,172
082704,Sitges,1620,1255,365,181,220,-39,834,160,674,1000
170524,Siurana,9,4,5,0,0,0,0,0,0,5
082711,Sobremunt,5,3,2,0,1,-1,0,0,0,1
252069,"Soleràs, el",17,5,12,1,1,0,3,5,-2,10
431476,Solivella,36,30,6,3,3,0,6,0,6,12
252075,Solsona,273,216,57,52,27,25,107,55,52,134
082726,Sora,7,9,-2,1,0,1,0,0,0,-1
252081,Soriguera,24,16,8,2,0,2,3,0,3,13
252094,Sort,100,56,44,14,17,-3,30,2,28,69
252108,Soses,49,52,-3,23,7,16,35,19,16,29
082732,Subirats,173,114,59,7,10,-3,25,9,16,72
252115,Sudanell,29,17,12,7,2,5,5,0,5,22
252120,Sunyer,6,12,-6,2,2,0,4,10,-6,-12
082747,Súria,114,113,1,25,37,-12,55,12,43,32
171946,Susqueda,12,6,6,1,0,1,2,1,1,8
082763,Tagamanent,25,17,8,0,0,0,4,0,4,12
082779,Talamanca,20,9,11,0,1,-1,3,0,3,13
252154,Talarn,39,24,15,70,191,-121,1,0,1,-105
252167,Talavera,17,9,8,0,0,0,0,0,0,8
171959,"Tallada d'Empordà, la",32,22,10,2,2,0,2,1,1,11
082785,Taradell,245,163,82,16,11,5,41,28,13,100
431482,Tarragona,3100,3719,-619,955,1092,-137,2203,1676,527,-229
252173,Tàrrega,519,402,117,142,97,45,241,117,124,286
252189,Tarrés,9,5,4,0,0,0,1,0,1,5
252192,Tarroja de Segarra,4,4,0,0,0,0,0,0,0,0
082750,Tavèrnoles,27,25,2,1,0,1,2,0,2,5
082802,Tavertet,13,1,12,0,2,-2,0,0,0,10
082819,Teià,349,248,101,27,26,1,55,32,23,125
252206,Térmens,37,31,6,4,6,-2,13,28,-15,-11
171962,Terrades,29,14,15,1,11,-10,1,0,1,6
082798,Terrassa,4527,5180,-653,1047,1241,-194,2395,1124,1271,424
082824,Tiana,390,300,90,24,32,-8,54,31,23,105
252213,Tírvia,6,6,0,0,0,0,0,0,0,0
252228,Tiurana,2,6,-4,0,0,0,0,0,0,-4
431495,Tivenys,27,23,4,2,2,0,12,0,12,16
431508,Tivissa,37,42,-5,3,8,-5,28,19,9,-1
082830,Tona,295,264,31,20,32,-12,68,33,35,54
252234,Torà,45,64,-19,14,6,8,16,15,1,-10
082845,Tordera,937,700,237,77,83,-6,140,12,128,359
082858,Torelló,441,328,113,67,50,17,164,43,121,251
252249,"Torms, els",11,1,10,0,0,0,0,0,0,10
252252,Tornabous,24,15,9,3,3,0,15,17,-2,7
252271,"Torre de Cabdella, la",29,19,10,0,3,-3,0,4,-4,3
082861,"Torre de Claramunt, la",314,179,135,11,16,-5,8,3,5,135
431515,"Torre de Fontaubella, la",6,8,-2,2,1,1,1,0,1,0
431520,"Torre de l'Espanyol, la",23,15,8,4,4,0,3,4,-1,7
252265,Torrebesses,19,11,8,0,0,0,32,7,25,33
431536,Torredembarra,934,616,318,135,109,26,293,105,188,532
252287,Torrefarrera,157,140,17,27,23,4,20,42,-22,-1
259078,Torrefeta i Florejacs,33,27,6,0,1,-1,4,1,3,8
252304,Torregrossa,51,52,-1,6,11,-5,16,8,8,2
252311,Torrelameu,31,22,9,5,1,4,26,5,21,34
082877,Torrelavit,55,45,10,2,0,2,11,9,2,14
082883,Torrelles de Foix,226,115,111,19,17,2,25,27,-2,111
082896,Torrelles de Llobregat,295,212,83,22,47,-25,28,8,20,78
171978,Torrent,9,6,3,2,0,2,0,1,-1,4
252326,Torres de Segre,58,55,3,31,19,12,146,120,26,41
252332,Torre-serona,13,13,0,5,4,1,4,8,-4,-3
171984,Torroella de Fluvià,80,63,17,1,2,-1,8,4,4,20
171997,Torroella de Montgrí,473,344,129,77,76,1,226,103,123,253
431541,Torroja del Priorat,8,6,2,0,4,-4,0,1,-1,-3
172001,Tortellà,36,30,6,1,1,0,0,11,-11,-5
431554,Tortosa,863,715,148,276,296,-20,629,46,583,711
172018,Toses,19,7,12,1,0,1,0,0,0,13
172023,Tossa de Mar,201,132,69,62,48,14,139,20,119,202
252347,Tremp,210,192,18,45,55,-10,74,30,44,52
172044,Ullà,66,70,-4,4,5,-1,33,28,5,0
082900,Ullastrell,105,88,17,1,4,-3,5,3,2,16
172057,Ullastret,15,27,-12,0,1,-1,1,0,1,-12
431567,Ulldecona,167,140,27,82,190,-108,110,130,-20,-101
431573,Ulldemolins,18,10,8,0,1,-1,2,0,2,9
172039,Ultramort,12,10,2,0,0,0,2,0,2,4
172060,Urús,21,4,17,0,1,-1,0,0,0,16
082917,Vacarisses,539,296,243,27,33,-6,35,19,16,253
170144,"Vajol, la",9,12,-3,0,1,-1,6,1,5,1
172076,"Vall d'en Bas, la",135,103,32,12,7,5,13,3,10,47
172082,"Vall de Bianya, la",81,46,35,7,2,5,7,2,5,45
250432,"Vall de Boí, la",67,35,32,12,11,1,10,2,8,41
259010,Vall de Cardós,34,6,28,1,4,-3,2,0,2,27
082922,Vallbona d'Anoia,74,38,36,6,12,-6,4,5,-1,29
252385,Vallbona de les Monges,7,9,-2,0,0,0,1,0,1,-1
082938,Vallcebre,25,13,12,0,1,-1,0,1,-1,10
431589,Vallclara,6,2,4,0,0,0,0,0,0,4
252402,Vallfogona de Balaguer,67,46,21,4,11,-7,6,7,-1,13
171707,Vallfogona de Ripollès,25,8,17,2,0,2,0,1,-1,18
431592,Vallfogona de Riucorb,4,2,2,0,0,0,0,0,0,2
082943,Vallgorguina,233,172,61,7,15,-8,29,5,24,77
082956,Vallirana,749,499,250,58,95,-37,62,64,-2,211
172095,Vall-llobrega,69,43,26,6,2,4,4,3,1,31
431606,Vallmoll,117,73,44,9,8,1,8,5,3,48
082969,Vallromanes,131,114,17,12,18,-6,26,11,15,26
431613,Valls,682,698,-16,93,102,-9,269,137,132,107
259062,"Valls d'Aguilar, les",30,6,24,1,1,0,5,2,3,27
252398,"Valls de Valira, les",45,31,14,4,12,-8,31,7,24,30
431628,Vandellòs i l'Hospitalet de l'Infant,275,238,37,56,36,20,53,45,8,65
259097,"Vansa i Fórnols, la",16,9,7,1,0,1,0,0,0,8
082975,Veciana,5,3,2,1,0,1,1,0,1,4
431634,"Vendrell, el",1913,1402,511,223,249,-26,414,127,287,772
172109,Ventalló,107,48,59,4,9,-5,13,2,11,65
252424,Verdú,36,29,7,0,5,-5,4,14,-10,-8
172116,Verges,54,50,4,2,2,0,14,2,12,16
431649,Vespella de Gaià,45,10,35,2,0,2,3,0,3,40
082981,Vic,1242,1614,-372,422,285,137,1009,880,129,-106
172121,Vidrà,15,2,13,0,4,-4,0,0,0,9
172137,Vidreres,491,382,109,38,44,-6,128,59,69,172
252430,Vielha e Mijaran,159,165,-6,146,113,33,92,57,35,62
431652,Vilabella,23,31,-8,0,0,0,6,16,-10,-18
172142,Vilabertran,35,49,-14,0,6,-6,5,2,3,-17
172155,Vilablareix,218,67,151,4,10,-6,9,6,3,148
082994,Vilada,22,11,11,2,3,-1,3,1,2,12
172174,Viladamat,39,26,13,2,0,2,1,0,1,16
172168,Viladasens,9,9,0,1,0,1,3,0,3,4
083015,Viladecans,1749,1822,-73,284,461,-177,397,330,67,-183
083008,Viladecavalls,354,253,101,8,27,-19,28,27,1,83
172180,Vilademuls,58,55,3,6,1,5,8,11,-3,5
172207,Viladrau,83,20,63,8,7,1,5,3,2,66
172214,Vilafant,274,210,64,17,30,-13,33,22,11,62
083054,Vilafranca del Penedès,1118,1177,-59,142,173,-31,375,275,100,10
252445,Vilagrassa,31,17,14,0,1,-1,2,0,2,15
172235,Vilajuïga,55,43,12,4,2,2,7,4,3,17
431750,Vilalba dels Arcs,11,6,5,4,0,4,7,0,7,16
083067,Vilalba Sasserra,51,36,15,6,3,3,6,0,6,24
252458,Vilaller,23,17,6,8,7,1,9,2,7,14
172240,Vilallonga de Ter,17,28,-11,1,1,0,1,0,1,-10
431665,Vilallonga del Camp,109,107,2,4,14,-10,11,9,2,-6
172253,Vilamacolum,24,32,-8,4,2,2,15,14,1,-5
172266,Vilamalla,51,46,5,5,2,3,2,14,-12,-4
172272,Vilamaniscle,16,17,-1,0,1,-1,1,2,-1,-3
252477,Vilamòs,17,18,-1,5,7,-2,3,6,-3,-6
172288,Vilanant,32,22,10,1,0,1,3,0,3,14
431671,Vilanova d'Escornalbou,31,25,6,8,2,6,3,1,2,14
252483,Vilanova de Bellpuig,55,28,27,0,3,-3,7,0,7,31
252496,Vilanova de l'Aguda,7,5,2,0,0,0,0,0,0,2
252542,Vilanova de la Barca,44,45,-1,14,3,11,137,92,45,55
252509,Vilanova de Meià,27,44,-17,10,2,8,36,9,27,18
431687,Vilanova de Prades,10,7,3,1,0,1,1,0,1,5
083036,Vilanova de Sau,12,7,5,0,0,0,1,1,0,5
252516,Vilanova de Segrià,41,34,7,7,3,4,5,9,-4,7
083020,Vilanova del Camí,529,398,131,52,46,6,79,27,52,189
089024,Vilanova del Vallès,268,197,71,24,24,0,23,17,6,77
083073,Vilanova i la Geltrú,2082,1816,266,244,386,-142,629,470,159,283
431690,Vilaplana,15,20,-5,0,1,-1,1,2,-1,-7
431704,Vila-rodona,69,52,17,3,5,-2,18,1,17,32
172305,Vila-sacra,65,46,19,6,5,1,7,9,-2,18
252521,Vila-sana,49,18,31,6,2,4,5,1,4,39
431711,Vila-seca,797,742,55,154,191,-37,215,26,189,207
082140,Vilassar de Dalt,365,352,13,33,32,1,53,20,33,47
082191,Vilassar de Mar,784,707,77,71,93,-22,101,91,10,65
172229,Vilaür,7,3,4,0,0,0,1,0,1,5
431726,Vilaverd,22,17,5,1,6,-5,6,0,6,6
431732,"Vilella Alta, la",8,2,6,0,1,-1,1,1,0,5
431747,"Vilella Baixa, la",9,5,4,0,2,-2,5,0,5,7
172333,Vilobí d'Onyar,104,121,-17,10,9,1,19,15,4,-12
083041,Vilobí del Penedès,62,44,18,5,2,3,6,1,5,26
172327,Vilopriu,32,12,20,5,2,3,8,6,2,25
252537,"Vilosell, el",30,13,17,4,0,4,1,2,-1,20
431763,Vimbodí i Poblet,27,27,0,2,4,-2,7,3,4,2
252555,Vinaixa,18,14,4,0,1,-1,16,0,16,19
431779,Vinebre,16,14,2,0,2,-2,7,0,7,7
431785,Vinyols i els Arcs,164,104,60,12,16,-4,14,4,10,66
083089,Viver i Serrateix,8,2,6,0,0,0,0,0,0,6
430521,Xerta,32,20,12,6,0,6,11,12,-1,17

