Codi,Literal,Migracions internes  amb la resta de Catalunya  immigracions,Migracions internes  amb la resta de Catalunya  emigracions,Migracions internes  amb la resta de Catalunya  saldo migratori,Migracions internes  amb la resta d'Espanya  immigracions,Migracions internes  amb la resta d'Espanya  emigracions,Migracions internes  amb la resta d'Espanya  saldo migratori,Migracions externes  immigracions,Migracions externes  emigracions,Migracions externes  saldo migratori,Saldo migratori total
250019,Abella de la Conca,11,5,6,0,0,0,0,0,0,6
080018,Abrera,448,464,-16,71,67,4,52,67,-15,-27
250024,Àger,22,24,-2,2,0,2,6,5,1,1
250030,Agramunt,122,146,-24,20,25,-5,23,81,-58,-87
080023,Aguilar de Segarra,16,13,3,0,0,0,2,0,2,5
170010,Agullana,42,44,-2,7,5,2,4,5,-1,-1
080142,Aiguafreda,135,130,5,9,9,0,8,5,3,8
430017,Aiguamúrcia,33,43,-10,6,3,3,1,1,0,-7
170025,Aiguaviva,16,26,-10,0,0,0,3,1,2,-8
250387,Aitona,60,48,12,42,15,27,50,68,-18,21
250045,"Alamús, els",28,14,14,6,0,6,3,16,-13,7
250058,Alàs i Cerc,8,9,-1,4,3,1,4,3,1,1
250061,"Albagés, l'",9,17,-8,2,1,1,0,1,-1,-8
170031,Albanyà,9,12,-3,0,0,0,0,0,0,-3
250077,Albatàrrec,85,91,-6,37,28,9,50,64,-14,-11
250083,Albesa,35,41,-6,8,4,4,7,27,-20,-22
250096,"Albi, l'",7,32,-25,3,2,1,2,4,-2,-26
430022,Albinyana,116,115,1,25,16,9,4,15,-11,-1
430038,"Albiol, l'",22,22,0,1,0,1,0,2,-2,-1
170046,Albons,29,46,-17,3,2,1,10,0,10,-6
430043,Alcanar,197,216,-19,93,137,-44,79,473,-394,-457
250100,Alcanó,3,2,1,1,1,0,0,0,0,1
250117,Alcarràs,354,294,60,171,128,43,200,124,76,179
250122,Alcoletge,164,157,7,27,33,-6,23,18,5,6
430056,Alcover,153,157,-4,33,19,14,26,54,-28,-18
439044,"Aldea, l'",137,136,1,28,38,-10,62,155,-93,-102
430069,Aldover,26,27,-1,7,5,2,5,3,2,3
430075,"Aleixar, l'",58,50,8,1,2,-1,2,2,0,7
080039,Alella,422,365,57,40,49,-9,58,89,-31,17
430081,Alfara de Carles,8,15,-7,1,0,1,1,0,1,-5
250138,Alfarràs,74,78,-4,22,25,-3,15,9,6,-1
250143,Alfés,7,11,-4,1,0,1,1,1,0,-3
430094,Alforja,116,90,26,0,7,-7,5,2,3,22
250156,Algerri,19,16,3,1,3,-2,0,0,0,1
250169,Alguaire,90,102,-12,28,24,4,19,21,-2,-10
250175,Alins,7,18,-11,1,0,1,1,5,-4,-14
430108,Alió,23,24,-1,4,0,4,1,0,1,4
250194,Almacelles,114,112,2,82,101,-19,27,29,-2,-19
250208,Almatret,6,13,-7,0,1,-1,1,2,-1,-9
250215,Almenar,71,109,-38,60,57,3,33,48,-15,-50
430115,Almoster,48,39,9,5,5,0,2,2,0,9
250220,Alòs de Balaguer,7,12,-5,0,0,0,0,1,-1,-6
170062,Alp,72,114,-42,15,13,2,7,19,-12,-52
080044,Alpens,12,11,1,1,0,1,1,1,0,2
250236,Alpicat,181,173,8,29,37,-8,19,20,-1,-1
250241,Alt Àneu,15,21,-6,2,0,2,1,1,0,-4
430120,Altafulla,288,203,85,20,39,-19,16,40,-24,42
170078,Amer,70,81,-11,11,11,0,18,4,14,3
430136,"Ametlla de Mar, l'",152,154,-2,46,71,-25,73,33,40,13
080057,"Ametlla del Vallès, l'",406,337,69,19,30,-11,37,51,-14,44
439060,"Ampolla, l'",179,150,29,35,31,4,47,30,17,50
430141,Amposta,485,572,-87,126,233,-107,117,218,-101,-295
170084,Anglès,172,211,-39,10,15,-5,38,63,-25,-69
250273,Anglesola,45,48,-3,6,7,-1,4,1,3,-1
250292,Arbeca,61,73,-12,6,13,-7,16,5,11,-8
430167,"Arboç, l'",254,255,-1,21,37,-16,51,56,-5,-22
430154,Arbolí,5,10,-5,0,0,0,0,0,0,-5
170097,Arbúcies,152,248,-96,18,44,-26,73,18,55,-67
080060,Arenys de Mar,809,664,145,107,78,29,77,72,5,179
080076,Arenys de Munt,402,342,60,25,30,-5,28,18,10,65
170101,Argelaguer,27,21,6,2,0,2,0,6,-6,2
080082,Argençola,4,9,-5,0,0,0,1,3,-2,-7
430173,"Argentera, l'",6,9,-3,0,0,0,1,0,1,-2
080095,Argentona,502,396,106,50,43,7,29,48,-19,94
170118,"Armentera, l'",61,49,12,4,1,3,9,1,8,23
430189,Arnes,9,8,1,3,6,-3,0,0,0,-2
250313,Arres,1,1,0,10,0,10,1,0,1,11
250328,Arsèguel,1,3,-2,0,0,0,0,2,-2,-4
080109,Artés,219,185,34,44,32,12,37,38,-1,45
250334,Artesa de Lleida,34,37,-3,6,6,0,9,7,2,-1
250349,Artesa de Segre,101,117,-16,10,30,-20,26,10,16,-20
430192,Ascó,51,37,14,3,3,0,1,1,0,14
250365,Aspa,7,6,1,0,0,0,0,0,0,1
250371,"Avellanes i Santa Linya, les",30,28,2,5,0,5,2,1,1,8
080116,Avià,80,100,-20,1,6,-5,4,8,-4,-29
080121,Avinyó,58,75,-17,7,10,-3,9,3,6,-14
170123,Avinyonet de Puigventós,69,57,12,3,7,-4,5,2,3,11
080137,Avinyonet del Penedès,71,93,-22,8,12,-4,13,5,8,-18
080155,Badalona,6686,7858,-1172,1310,1419,-109,2554,3913,-1359,-2640
089045,Badia del Vallès,467,489,-22,65,85,-20,52,36,16,-26
080168,Bagà,59,99,-40,6,8,-2,1,4,-3,-45
250390,Baix Pallars,15,22,-7,3,4,-1,2,0,2,-6
250404,Balaguer,459,498,-39,125,144,-19,197,339,-142,-200
080174,Balenyà,141,148,-7,8,9,-1,17,20,-3,-11
080180,Balsareny,90,92,-2,7,6,1,3,9,-6,-7
430206,Banyeres del Penedès,139,126,13,7,24,-17,13,11,2,-2
170157,Banyoles,569,479,90,84,72,12,196,524,-328,-226
250411,Barbens,24,28,-4,3,3,0,16,3,13,9
430213,Barberà de la Conca,18,27,-9,4,3,1,3,0,3,-5
082520,Barberà del Vallès,1129,1235,-106,186,167,19,116,184,-68,-155
080193,Barcelona,33949,37065,-3116,14800,13095,1705,34593,36374,-1781,-3192
250426,"Baronia de Rialb, la",6,19,-13,0,2,-2,0,7,-7,-22
170160,Bàscara,36,34,2,3,0,3,1,2,-1,4
250447,Bassella,7,8,-1,0,0,0,0,0,0,-1
430228,Batea,33,24,9,10,9,1,5,106,-101,-91
250450,Bausen,0,3,-3,0,0,0,0,0,0,-3
080207,Begues,293,256,37,38,39,-1,33,68,-35,1
170139,Begur,141,185,-44,16,12,4,50,60,-10,-50
250463,Belianes,19,14,5,0,2,-2,1,4,-3,0
251706,Bellaguarda,2,6,-4,1,1,0,0,0,0,-4
170182,Bellcaire d'Empordà,33,42,-9,3,5,-2,0,9,-9,-20
250479,Bellcaire d'Urgell,62,48,14,2,13,-11,11,5,6,9
250485,Bell-lloc d'Urgell,59,63,-4,20,9,11,18,26,-8,-1
250498,Bellmunt d'Urgell,3,8,-5,0,0,0,1,0,1,-4
430234,Bellmunt del Priorat,6,9,-3,1,1,0,0,0,0,-3
080214,Bellprat,0,10,-10,0,0,0,0,0,0,-10
250501,Bellpuig,162,181,-19,35,39,-4,34,15,19,-4
430249,Bellvei,183,147,36,16,11,5,21,13,8,49
250518,Bellver de Cerdanya,76,139,-63,4,11,-7,6,8,-2,-72
250523,Bellvís,51,69,-18,13,9,4,40,36,4,-10
250539,Benavent de Segrià,55,67,-12,19,11,8,3,13,-10,-14
430252,Benifallet,0,12,-12,0,1,-1,0,0,0,-13
430265,Benissanet,24,47,-23,9,8,1,25,21,4,-18
080229,Berga,398,492,-94,64,70,-6,70,96,-26,-126
170195,Besalú,81,73,8,4,9,-5,10,10,0,3
170209,Bescanó,184,172,12,12,15,-3,14,11,3,12
170216,Beuda,22,5,17,0,3,-3,4,7,-3,11
080235,Bigues i Riells del Fai,375,310,65,37,27,10,18,31,-13,62
250557,Biosca,5,6,-1,0,0,0,0,1,-1,-2
170221,"Bisbal d'Empordà, la",371,393,-22,54,60,-6,73,233,-160,-188
430271,"Bisbal de Falset, la",1,1,0,0,0,0,2,1,1,1
430287,"Bisbal del Penedès, la",238,208,30,24,37,-13,14,2,12,29
172348,Biure,13,10,3,1,0,1,0,1,-1,3
430290,Blancafort,13,18,-5,0,2,-2,2,0,2,-5
170237,Blanes,1363,1424,-61,290,302,-12,431,638,-207,-280
170293,Boadella i les Escaules,11,12,-1,0,0,0,2,0,2,1
170242,Bolvir,29,34,-5,3,0,3,2,0,2,0
430304,Bonastre,30,51,-21,3,8,-5,2,14,-12,-38
250576,"Bòrdes, Es",9,6,3,3,2,1,0,2,-2,2
170255,Bordils,93,108,-15,4,5,-1,21,46,-25,-41
250582,"Borges Blanques, les",249,187,62,19,28,-9,31,79,-48,5
430311,"Borges del Camp, les",63,106,-43,4,10,-6,11,4,7,-42
170268,Borrassà,34,28,6,1,1,0,10,0,10,16
080240,Borredà,23,29,-6,1,0,1,2,5,-3,-8
250595,Bossòst,31,55,-24,19,30,-11,1,13,-12,-47
430326,Bot,2,19,-17,4,3,1,1,10,-9,-25
430332,Botarell,44,47,-3,6,4,2,3,12,-9,-10
250560,Bovera,11,6,5,0,1,-1,1,0,1,5
430347,Bràfim,15,27,-12,2,6,-4,9,7,2,-14
170274,Breda,158,153,5,21,12,9,22,17,5,19
080253,"Bruc, el",107,127,-20,10,10,0,3,17,-14,-34
080266,"Brull, el",9,12,-3,1,0,1,0,1,-1,-3
170280,Brunyola i Sant Martí Sapresa,17,16,1,0,3,-3,1,0,1,-1
430350,Cabacés,3,7,-4,0,0,0,2,1,1,-3
250609,Cabanabona,2,15,-13,2,0,2,2,0,2,-9
170314,Cabanelles,18,23,-5,0,2,-2,2,0,2,-5
170307,Cabanes,49,45,4,7,5,2,1,8,-7,-1
080272,"Cabanyes, les",20,38,-18,0,0,0,4,0,4,-14
250616,Cabó,11,5,6,0,1,-1,1,1,0,5
430363,Cabra del Camp,66,95,-29,2,10,-8,2,6,-4,-41
080288,Cabrera d'Anoia,119,92,27,6,7,-1,6,1,5,31
080291,Cabrera de Mar,202,204,-2,33,25,8,22,30,-8,-2
080305,Cabrils,327,298,29,15,31,-16,49,33,16,29
170329,Cadaqués,67,78,-11,21,26,-5,38,111,-73,-89
080312,Calaf,76,99,-23,13,9,4,34,57,-23,-42
430379,Calafell,1415,1600,-185,184,267,-83,303,298,5,-263
080348,Calders,38,51,-13,2,1,1,1,1,0,-12
080327,Caldes d'Estrac,202,169,33,13,21,-8,19,38,-19,6
170335,Caldes de Malavella,407,309,98,41,31,10,35,45,-10,98
080333,Caldes de Montbui,626,603,23,87,102,-15,59,99,-40,-32
080351,Calella,822,852,-30,127,108,19,286,321,-35,-46
080370,Calldetenes,96,141,-45,10,14,-4,9,8,1,-48
080386,Callús,178,83,95,15,8,7,5,13,-8,94
080364,Calonge de Segarra,8,7,1,0,0,0,0,0,0,1
170340,Calonge i Sant Antoni,540,522,18,68,52,16,159,199,-40,-6
250621,Camarasa,22,38,-16,0,6,-6,2,4,-2,-24
439039,Camarles,58,67,-9,6,15,-9,16,4,12,-6
430385,Cambrils,1455,1182,273,370,391,-21,397,617,-220,32
170353,Camós,17,22,-5,0,1,-1,0,2,-2,-8
170366,Campdevànol,72,79,-7,8,5,3,4,6,-2,-6
170372,Campelles,7,11,-4,0,0,0,1,0,1,-3
080399,Campins,44,61,-17,1,4,-3,3,5,-2,-22
170388,Campllong,29,31,-2,5,0,5,4,4,0,3
170391,Camprodon,80,157,-77,17,9,8,9,9,0,-69
250637,Canejan,3,2,1,1,0,1,0,0,0,2
170405,Canet d'Adri,35,16,19,3,5,-2,3,1,2,19
080403,Canet de Mar,586,508,78,57,63,-6,79,84,-5,67
439076,"Canonja, la",300,224,76,28,26,2,16,104,-88,-10
080410,Canovelles,770,804,-34,93,115,-22,202,220,-18,-74
080425,Cànoves i Samalús,162,159,3,8,16,-8,4,9,-5,-10
170412,Cantallops,11,6,5,0,0,0,0,2,-2,3
080431,Canyelles,246,241,5,18,24,-6,21,14,7,6
430398,Capafonts,3,3,0,0,1,-1,0,0,0,-1
430402,Capçanes,10,7,3,0,2,-2,2,2,0,1
080446,Capellades,186,258,-72,32,20,12,8,22,-14,-74
170427,Capmany,32,27,5,1,3,-2,12,3,9,12
080459,Capolat,5,6,-1,0,0,0,0,0,0,-1
080462,Cardedeu,713,610,103,67,65,2,75,83,-8,97
080478,Cardona,85,110,-25,10,21,-11,12,19,-7,-43
080484,Carme,34,28,6,1,1,0,1,0,1,7
430419,Caseres,6,9,-3,1,2,-1,0,0,0,-4
170448,Cassà de la Selva,361,317,44,54,44,10,90,128,-38,16
080497,Casserres,62,66,-4,1,0,1,1,1,0,-3
080575,Castell de l'Areny,6,3,3,0,0,0,0,0,0,3
259046,Castell de Mur,9,11,-2,1,0,1,0,0,0,-1
250642,Castellar de la Ribera,4,9,-5,0,0,0,0,0,0,-5
080522,Castellar de n'Hug,8,16,-8,3,0,3,0,1,-1,-6
080500,Castellar del Riu,7,6,1,0,0,0,0,0,0,1
080517,Castellar del Vallès,637,677,-40,77,72,5,63,104,-41,-76
080538,Castellbell i el Vilar,200,202,-2,19,12,7,4,1,3,8
080543,Castellbisbal,370,342,28,80,74,6,37,71,-34,0
080556,Castellcir,84,56,28,0,1,-1,3,6,-3,24
250674,Castelldans,41,36,5,2,13,-11,8,14,-6,-12
080569,Castelldefels,2718,2227,491,733,588,145,1066,1407,-341,295
080581,Castellet i la Gornal,140,153,-13,10,4,6,12,26,-14,-21
170464,Castellfollit de la Roca,44,46,-2,3,2,1,9,9,0,-1
080608,Castellfollit de Riubregós,4,5,-1,0,0,0,1,1,0,-1
080594,Castellfollit del Boix,14,10,4,2,1,1,0,1,-1,4
080615,Castellgalí,110,114,-4,16,17,-1,2,3,-1,-6
080620,Castellnou de Bages,65,55,10,5,2,3,1,0,1,14
250680,Castellnou de Seana,14,30,-16,1,6,-5,1,2,-1,-22
170470,Castelló d'Empúries,373,477,-104,104,104,0,416,776,-360,-464
250693,Castelló de Farfanya,32,21,11,0,0,0,0,0,0,11
080636,Castellolí,27,21,6,7,0,7,1,0,1,14
170486,Castell-Platja d'Aro,588,617,-29,79,77,2,292,294,-2,-29
250707,Castellserà,31,31,0,3,4,-1,7,1,6,5
080641,Castellterçol,131,110,21,10,3,7,3,23,-20,8
430424,Castellvell del Camp,113,92,21,8,4,4,13,6,7,32
080654,Castellví de la Marca,57,69,-12,5,6,-1,0,9,-9,-22
080667,Castellví de Rosanes,98,72,26,11,11,0,2,1,1,27
430430,"Catllar, el",216,151,65,19,19,0,19,19,0,65
250714,Cava,1,2,-1,1,1,0,0,0,0,-1
171899,"Cellera de Ter, la",55,50,5,8,2,6,8,6,2,13
170499,Celrà,242,240,2,17,14,3,65,65,0,5
080673,Centelles,267,246,21,26,31,-5,13,16,-3,13
082687,Cercs,33,48,-15,2,5,-3,7,5,2,-16
082665,Cerdanyola del Vallès,1697,1798,-101,321,324,-3,684,899,-215,-319
080689,Cervelló,491,397,94,50,47,3,39,61,-22,75
250729,Cervera,223,237,-14,65,77,-12,69,187,-118,-144
250735,Cervià de les Garrigues,18,32,-14,6,3,3,1,0,1,-10
170502,Cervià de Ter,50,26,24,2,3,-1,4,4,0,23
170519,Cistella,19,19,0,0,2,-2,2,5,-3,-5
250740,Ciutadilla,12,6,6,0,0,0,0,4,-4,2
250753,Clariana de Cardener,6,8,-2,0,0,0,0,0,0,-2
250766,"Cogul, el",6,9,-3,0,0,0,2,0,2,-1
170545,Colera,24,29,-5,1,5,-4,6,3,3,-6
250772,Coll de Nargó,11,8,3,2,0,2,7,5,2,7
080692,Collbató,220,158,62,8,16,-8,6,7,-1,53
430458,Colldejou,4,6,-2,1,0,1,0,0,0,-1
080706,Collsuspina,21,22,-1,1,3,-2,1,1,0,-3
170558,Colomers,10,8,2,1,0,1,2,0,2,5
251636,"Coma i la Pedra, la",11,14,-3,0,0,0,0,1,-1,-4
251615,Conca de Dalt,15,19,-4,3,0,3,1,0,1,0
430461,Conesa,4,6,-2,0,0,0,0,0,0,-2
430477,Constantí,270,328,-58,64,62,2,43,35,8,-48
080713,Copons,12,13,-1,0,0,0,1,0,1,0
430483,Corbera d'Ebre,35,41,-6,6,19,-13,9,0,9,-10
080728,Corbera de Llobregat,559,554,5,55,73,-18,66,119,-53,-66
250788,Corbins,44,49,-5,7,6,1,13,4,9,5
170577,Corçà,56,65,-9,4,0,4,7,14,-7,-12
080734,Cornellà de Llobregat,3234,3181,53,486,517,-31,731,1044,-313,-291
170561,Cornellà del Terri,85,110,-25,5,4,1,7,8,-1,-25
430496,Cornudella de Montsant,38,44,-6,1,3,-2,3,12,-9,-17
430509,Creixell,291,259,32,30,49,-19,18,6,12,25
170583,Crespià,9,11,-2,2,1,1,1,1,0,-1
179011,"Cruïlles, Monells i Sant Sadurní de l'Heura",64,49,15,7,5,2,7,9,-2,15
080749,Cubelles,860,803,57,103,109,-6,90,97,-7,44
250791,Cubells,6,13,-7,1,1,0,1,5,-4,-11
430516,Cunit,746,808,-62,64,146,-82,75,220,-145,-289
170600,Darnius,31,29,2,4,6,-2,3,2,1,1
170617,Das,13,14,-1,1,0,1,1,1,0,0
439018,Deltebre,293,218,75,58,73,-15,70,326,-256,-196
080752,Dosrius,277,316,-39,16,37,-21,15,25,-10,-70
430537,Duesaigües,12,15,-3,0,1,-1,1,1,0,-4
170622,"Escala, l'",321,389,-68,57,71,-14,117,64,53,-29
080765,Esparreguera,683,835,-152,126,129,-3,77,183,-106,-261
170638,Espinelves,14,15,-1,1,0,1,3,0,3,3
250812,"Espluga Calba, l'",10,9,1,1,3,-2,0,0,0,-1
430542,"Espluga de Francolí, l'",104,103,1,7,19,-12,16,12,4,-7
080771,Esplugues de Llobregat,2157,2056,101,234,287,-53,398,833,-435,-387
170643,Espolla,13,8,5,4,1,3,3,0,3,11
170656,Esponellà,28,18,10,0,1,-1,1,0,1,10
250827,Espot,10,7,3,3,0,3,0,4,-4,2
080787,"Espunyola, l'",8,10,-2,0,0,0,0,0,0,-2
082541,"Esquirol, l'",71,65,6,8,3,5,6,20,-14,-3
250886,Estamariu,6,11,-5,0,0,0,0,1,-1,-6
080790,"Estany, l'",12,10,2,0,2,-2,0,1,-1,-1
250851,Estaràs,22,3,19,0,0,0,0,0,0,19
250864,Esterri d'Àneu,31,27,4,3,15,-12,6,14,-8,-16
250870,Esterri de Cardós,2,3,-1,0,0,0,1,0,1,0
430555,Falset,43,74,-31,4,8,-4,7,9,-2,-37
170059,"Far d'Empordà, el",34,35,-1,0,3,-3,1,0,1,-3
250899,Farrera,5,6,-1,0,0,0,1,4,-3,-4
430568,"Fatarella, la",11,13,-2,5,5,0,2,1,1,-1
430574,"Febró, la",2,8,-6,0,0,0,0,0,0,-6
081347,Figaró-Montmany,82,58,24,6,8,-2,4,7,-3,19
080804,Fígols,0,0,0,0,1,-1,0,0,0,-1
259084,Fígols i Alinyà,6,6,0,2,1,1,0,4,-4,-3
430580,"Figuera, la",10,2,8,0,0,0,0,0,0,8
170669,Figueres,1733,1519,214,466,375,91,608,820,-212,93
430593,Figuerola del Camp,9,15,-6,0,0,0,0,1,-1,-7
170675,Flaçà,52,60,-8,0,5,-5,10,7,3,-10
430607,Flix,92,110,-18,15,18,-3,31,53,-22,-43
250925,"Floresta, la",6,5,1,0,1,-1,0,0,0,0
080826,Fogars de la Selva,105,94,11,20,5,15,9,4,5,31
080811,Fogars de Montclús,37,27,10,4,4,0,0,5,-5,5
170681,Foixà,10,7,3,3,1,2,1,0,1,6
080832,Folgueroles,54,50,4,4,4,0,6,2,4,8
250931,Fondarella,51,32,19,4,4,0,5,1,4,23
080847,Fonollosa,65,87,-22,2,1,1,4,3,1,-20
170694,Fontanals de Cerdanya,32,50,-18,3,2,1,6,2,4,-13
170708,Fontanilles,10,7,3,0,0,0,3,1,2,5
170715,Fontcoberta,50,49,1,2,3,-1,3,2,1,1
080850,Font-rubí,35,72,-37,1,4,-3,5,13,-8,-48
250946,Foradada,15,15,0,0,1,-1,1,0,1,0
179026,Forallac,127,94,33,6,0,6,11,16,-5,34
430614,Forès,2,5,-3,0,0,0,0,0,0,-3
170736,Fornells de la Selva,87,71,16,4,11,-7,6,3,3,12
170741,Fortià,47,22,25,2,4,-2,3,0,3,26
080863,"Franqueses del Vallès, les",971,1038,-67,106,102,4,141,154,-13,-76
430629,Freginals,4,8,-4,3,5,-2,2,56,-54,-60
250962,"Fuliola, la",51,41,10,10,7,3,4,4,0,13
250978,Fulleda,4,8,-4,0,0,0,1,1,0,-4
080902,Gaià,8,2,6,0,2,-2,2,1,1,5
430635,"Galera, la",15,21,-6,2,4,-2,8,1,7,-1
080879,Gallifa,8,6,2,2,1,1,1,0,1,4
430640,Gandesa,61,57,4,14,16,-2,22,48,-26,-24
430653,Garcia,26,20,6,7,2,5,1,5,-4,7
430666,"Garidells, els",6,9,-3,0,0,0,0,1,-1,-4
080885,"Garriga, la",567,425,142,97,68,29,72,158,-86,85
170754,Garrigàs,31,35,-4,2,2,0,1,1,0,-4
170767,Garrigoles,10,6,4,0,0,0,0,1,-1,3
170773,Garriguella,44,38,6,2,13,-11,11,3,8,3
080898,Gavà,1742,1801,-59,368,328,40,404,520,-116,-135
250984,Gavet de la Conca,14,10,4,2,0,2,1,0,1,7
080919,Gelida,322,286,36,45,27,18,27,51,-24,30
170789,Ger,13,22,-9,0,1,-1,1,17,-16,-26
259123,Gimenells i el Pla de la Font,16,20,-4,16,15,1,3,5,-2,-5
430672,Ginestar,7,18,-11,1,2,-1,5,69,-64,-76
170792,Girona,4032,3728,304,747,747,0,1168,1952,-784,-480
080924,Gironella,108,136,-28,11,25,-14,15,3,12,-30
080930,Gisclareny,1,4,-3,0,0,0,0,0,0,-3
430688,Godall,8,20,-12,3,2,1,2,0,2,-9
250997,Golmés,76,85,-9,7,20,-13,6,17,-11,-33
170806,Gombrèn,4,7,-3,1,1,0,1,1,0,-3
251001,Gósol,9,8,1,0,1,-1,0,0,0,0
080945,"Granada, la",91,86,5,8,6,2,9,8,1,8
251018,"Granadella, la",8,17,-9,0,3,-3,11,2,9,-3
080958,Granera,7,1,6,0,0,0,0,0,0,6
251023,"Granja d'Escarp, la",12,25,-13,6,8,-2,9,5,4,-11
080961,Granollers,2708,2464,244,403,420,-17,690,838,-148,79
251039,Granyanella,5,2,3,0,0,0,0,0,0,3
251057,Granyena de les Garrigues,3,9,-6,0,0,0,0,1,-1,-7
251044,Granyena de Segarra,9,3,6,0,0,0,0,0,0,6
430691,Gratallops,2,6,-4,1,0,1,0,11,-11,-14
080977,Gualba,95,72,23,10,1,9,4,0,4,36
170813,Gualta,38,30,8,1,2,-1,29,37,-8,-1
080996,Guardiola de Berguedà,32,61,-29,6,5,1,2,0,2,-26
430705,"Guiamets, els",10,11,-1,0,0,0,0,0,0,-1
170828,Guils de Cerdanya,31,58,-27,2,2,0,2,1,1,-26
251095,Guimerà,16,8,8,2,2,0,5,6,-1,7
259031,"Guingueta d'Àneu, la",17,16,1,1,4,-3,0,5,-5,-7
251109,Guissona,190,160,30,63,41,22,135,203,-68,-16
251116,Guixers,6,8,-2,0,0,0,0,1,-1,-3
081000,Gurb,65,79,-14,2,6,-4,3,5,-2,-20
430712,Horta de Sant Joan,21,22,-1,7,21,-14,4,13,-9,-24
081017,"Hospitalet de Llobregat, l'",11681,11662,19,2094,2048,46,4344,5194,-850,-785
081629,"Hostalets de Pierola, els",202,202,0,17,8,9,13,5,8,17
170834,Hostalric,246,178,68,20,12,8,26,72,-46,30
081022,Igualada,1341,1256,85,215,226,-11,270,417,-147,-73
251155,Isona i Conca Dellà,26,32,-6,5,5,0,5,18,-13,-19
170849,Isòvol,15,19,-4,0,6,-6,0,2,-2,-12
251137,Ivars d'Urgell,57,58,-1,4,3,1,8,1,7,7
251121,Ivars de Noguera,5,17,-12,1,3,-2,1,0,1,-13
251142,Ivorra,4,6,-2,0,0,0,0,0,0,-2
170852,Jafre,15,15,0,1,1,0,3,0,3,3
170865,"Jonquera, la",111,138,-27,56,37,19,112,122,-10,-18
081038,Jorba,25,45,-20,2,1,1,1,0,1,-18
259101,Josa i Tuixén,7,17,-10,2,0,2,0,3,-3,-11
170871,Juià,49,68,-19,1,2,-1,9,0,9,-11
251180,Juncosa,10,7,3,0,3,-3,0,0,0,0
251193,Juneda,80,103,-23,16,15,1,31,6,25,3
251214,Les,34,26,8,9,14,-5,10,16,-6,-3
251229,Linyola,84,70,14,3,10,-7,24,10,14,21
081043,"Llacuna, la",19,46,-27,7,1,6,5,1,4,-17
170887,Lladó,47,31,16,2,2,0,1,1,0,16
251235,Lladorre,0,7,-7,1,0,1,0,0,0,-6
251240,Lladurs,16,10,6,2,1,1,0,1,-1,6
081056,"Llagosta, la",513,471,42,73,96,-23,102,122,-20,-1
170890,Llagostera,329,316,13,34,38,-4,85,159,-74,-65
170904,Llambilles,20,15,5,0,0,0,1,1,0,5
170911,Llanars,32,27,5,0,0,0,0,0,0,5
170926,Llançà,138,172,-34,36,40,-4,50,62,-12,-50
251253,Llardecans,8,7,1,4,4,0,0,0,0,1
251266,Llavorsí,21,25,-4,7,0,7,4,1,3,6
251207,Lleida,2695,2646,49,1551,1597,-46,1440,2214,-774,-771
170932,Llers,87,62,25,4,10,-6,6,2,4,23
251272,Lles de Cerdanya,12,16,-4,1,0,1,0,1,-1,-4
081075,Lliçà d'Amunt,645,654,-9,63,65,-2,34,52,-18,-29
081081,Lliçà de Vall,238,303,-65,29,26,3,15,18,-3,-65
251288,Llimiana,5,9,-4,1,0,1,1,1,0,-3
081069,Llinars del Vallès,509,423,86,56,41,15,47,86,-39,62
170947,Llívia,59,108,-49,11,8,3,11,11,0,-46
430727,"Lloar, el",2,6,-4,0,0,0,1,0,1,-3
251291,Llobera,3,8,-5,0,0,0,0,0,0,-5
430733,Llorac,9,6,3,0,4,-4,3,6,-3,-4
430748,Llorenç del Penedès,129,103,26,11,9,2,7,16,-9,19
170950,Lloret de Mar,938,1250,-312,330,383,-53,994,942,52,-313
170963,"Llosses, les",11,13,-2,0,0,0,1,4,-3,-5
081094,Lluçà,26,11,15,0,2,-2,2,0,2,15
171024,Maçanet de Cabrenys,49,22,27,3,2,1,10,1,9,37
171030,Maçanet de la Selva,342,467,-125,35,61,-26,28,25,3,-148
170979,Madremanya,14,13,1,2,0,2,0,0,0,3
170985,Maià de Montcal,25,28,-3,0,0,0,7,14,-7,-10
251333,Maials,20,23,-3,6,6,0,8,1,7,4
251305,Maldà,5,9,-4,0,0,0,2,0,2,-2
081108,Malgrat de Mar,786,722,64,112,125,-13,133,147,-14,37
081115,Malla,11,8,3,0,0,0,0,0,0,3
081120,Manlleu,492,503,-11,84,116,-32,158,264,-106,-149
081136,Manresa,1975,2054,-79,411,504,-93,498,861,-363,-535
430764,Marçà,35,31,4,8,4,4,5,3,2,10
430751,Margalef,12,9,3,0,2,-2,0,0,0,1
082423,Marganell,13,28,-15,0,2,-2,3,0,3,-14
081141,Martorell,985,1034,-49,186,197,-11,257,322,-65,-125
081154,Martorelles,215,282,-67,25,19,6,25,23,2,-59
430770,Mas de Barberans,7,15,-8,0,1,-1,3,11,-8,-17
171002,Masarac,16,28,-12,1,0,1,2,0,2,-9
430786,Masdenverge,49,42,7,3,5,-2,3,37,-34,-29
081167,"Masies de Roda, les",31,29,2,2,4,-2,0,1,-1,-1
081173,"Masies de Voltregà, les",115,89,26,7,13,-6,3,1,2,22
430799,Masllorenç,33,37,-4,0,6,-6,2,1,1,-9
081189,"Masnou, el",963,868,95,111,140,-29,124,129,-5,61
430803,"Masó, la",9,9,0,0,0,0,0,0,0,0
430810,Maspujols,37,24,13,2,8,-6,2,0,2,9
081192,Masquefa,402,379,23,54,61,-7,28,66,-38,-22
430825,"Masroig, el",16,20,-4,3,1,2,4,0,4,2
251312,Massalcoreig,20,14,6,10,8,2,8,9,-1,7
171019,Massanes,63,66,-3,1,1,0,6,5,1,-2
251327,Massoteres,5,4,1,0,1,-1,0,2,-2,-2
081206,Matadepera,392,343,49,27,45,-18,19,31,-12,19
081213,Mataró,2940,2991,-51,849,878,-29,1211,1172,39,-41
081228,Mediona,102,132,-30,8,7,1,8,12,-4,-33
251348,Menàrguens,18,33,-15,27,4,23,9,7,2,10
170998,Meranges,8,5,3,0,3,-3,0,2,-2,-2
171058,Mieres,11,17,-6,0,1,-1,0,0,0,-7
430831,"Milà, el",6,3,3,0,0,0,1,0,1,4
251351,Miralcamp,28,45,-17,1,8,-7,9,6,3,-21
430846,Miravet,18,25,-7,3,6,-3,7,5,2,-8
081385,Moià,238,222,16,22,33,-11,25,46,-21,-16
430859,"Molar, el",6,11,-5,0,0,0,1,0,1,-4
081234,Molins de Rei,752,651,101,92,115,-23,148,135,13,91
251370,Mollerussa,467,444,23,105,150,-45,156,176,-20,-42
171061,Mollet de Peralada,21,13,8,2,1,1,1,0,1,10
081249,Mollet del Vallès,1650,1788,-138,274,310,-36,425,667,-242,-416
171077,Molló,11,28,-17,4,1,3,1,1,0,-14
251364,"Molsosa, la",0,3,-3,0,0,0,1,0,1,-2
081287,Monistrol de Calders,27,15,12,1,2,-1,0,0,0,11
081271,Monistrol de Montserrat,150,184,-34,22,19,3,8,17,-9,-40
171096,Montagut i Oix,59,52,7,5,5,0,5,0,5,12
430862,Montblanc,189,210,-21,23,33,-10,42,34,8,-23
430884,Montbrió del Camp,190,189,1,13,16,-3,8,21,-13,-15
081252,Montcada i Reixac,1426,1414,12,174,199,-25,316,654,-338,-351
081304,Montclar,2,3,-1,0,0,0,0,0,0,-1
251399,Montellà i Martinet,18,43,-25,7,6,1,2,7,-5,-29
081311,Montesquiu,24,42,-18,8,5,3,2,1,1,-14
251403,Montferrer i Castellbò,63,53,10,5,3,2,11,19,-8,4
430897,Montferri,26,30,-4,3,4,-1,4,1,3,-2
251386,Montgai,13,30,-17,1,1,0,3,0,3,-14
081265,Montgat,588,452,136,67,60,7,50,33,17,160
081326,Montmajor,18,9,9,1,0,1,2,0,2,12
081332,Montmaneu,1,3,-2,0,1,-1,0,0,0,-3
430901,"Montmell, el",100,152,-52,4,2,2,6,4,2,-48
081350,Montmeló,289,300,-11,47,51,-4,45,35,10,-5
251425,Montoliu de Lleida,23,12,11,1,2,-1,4,3,1,11
251410,Montoliu de Segarra,2,3,-1,0,1,-1,0,0,0,-2
251431,Montornès de Segarra,6,7,-1,0,0,0,0,0,0,-1
081363,Montornès del Vallès,561,596,-35,83,88,-5,133,141,-8,-48
430918,Mont-ral,4,10,-6,2,0,2,0,0,0,-4
171100,Mont-ras,44,71,-27,6,7,-1,6,15,-9,-37
430923,Mont-roig del Camp,631,711,-80,117,142,-25,239,149,90,-15
081379,Montseny,32,23,9,3,0,3,0,0,0,12
430939,Móra d'Ebre,165,136,29,50,47,3,40,92,-52,-20
430944,Móra la Nova,116,104,12,11,25,-14,27,12,15,13
430957,"Morell, el",209,204,5,16,12,4,22,14,8,17
430960,"Morera de Montsant, la",8,5,3,0,1,-1,0,2,-2,0
081290,Muntanyola,32,25,7,1,1,0,1,0,1,8
081398,Mura,9,7,2,3,2,1,1,0,1,4
251459,Nalec,1,9,-8,0,0,0,0,0,0,-8
250254,Naut Aran,38,45,-7,30,34,-4,14,3,11,0
081402,Navarcles,219,160,59,22,16,6,11,26,-15,50
081419,Navàs,192,206,-14,13,29,-16,26,23,3,-27
171117,Navata,76,63,13,5,4,1,13,23,-10,4
251462,Navès,11,2,9,1,0,1,1,2,-1,9
081424,"Nou de Berguedà, la",4,2,2,1,0,1,0,1,-1,2
430976,"Nou de Gaià, la",21,30,-9,3,3,0,2,4,-2,-11
430982,Nulles,30,27,3,0,2,-2,2,2,0,1
251484,Odèn,6,5,1,0,1,-1,4,4,0,0
081430,Òdena,183,189,-6,22,12,10,7,16,-9,-5
171122,Ogassa,5,12,-7,2,0,2,0,0,0,-5
081458,Olèrdola,176,196,-20,8,18,-10,12,19,-7,-37
081461,Olesa de Bonesvalls,86,85,1,5,4,1,3,6,-3,-1
081477,Olesa de Montserrat,778,821,-43,116,149,-33,102,238,-136,-212
251497,Oliana,52,49,3,7,9,-2,16,12,4,5
251500,Oliola,10,3,7,0,0,0,1,0,1,8
251517,Olius,34,33,1,3,2,1,2,11,-9,-7
081483,Olivella,215,231,-16,17,24,-7,51,47,4,-19
081496,Olost,36,30,6,3,2,1,4,0,4,11
171143,Olot,904,825,79,151,177,-26,304,206,98,151
251522,"Oluges, les",3,4,-1,0,0,0,0,0,0,-1
081445,Olvan,38,47,-9,0,1,-1,2,2,0,-10
251538,"Omellons, els",6,6,0,0,0,0,0,0,0,0
251543,"Omells de na Gaia, els",2,2,0,0,0,0,0,1,-1,-1
171156,Ordis,7,7,0,0,0,0,1,1,0,0
251556,Organyà,14,20,-6,0,7,-7,6,7,-1,-14
081509,Orís,21,4,17,2,0,2,0,0,0,19
081516,Oristà,13,12,1,0,0,0,2,0,2,3
081521,Orpí,3,9,-6,3,3,0,0,0,0,-6
081537,Òrrius,47,25,22,7,4,3,1,0,1,26
251569,Os de Balaguer,49,50,-1,6,9,-3,4,4,0,-4
171169,Osor,25,27,-2,4,1,3,1,1,0,1
251575,Ossó de Sió,2,5,-3,1,3,-2,0,0,0,-5
081542,Pacs del Penedès,48,38,10,2,4,-2,2,2,0,8
081555,Palafolls,464,470,-6,46,54,-8,32,49,-17,-31
171175,Palafrugell,628,584,44,111,153,-42,204,247,-43,-41
171181,Palamós,689,685,4,159,130,29,166,187,-21,12
251581,"Palau d'Anglesola, el",53,86,-33,7,11,-4,10,17,-7,-44
171194,Palau de Santa Eulàlia,7,12,-5,1,1,0,1,0,1,-4
171215,Palau-sator,17,14,3,1,1,0,2,0,2,5
171208,Palau-saverdera,92,66,26,8,18,-10,31,32,-1,15
081568,Palau-solità i Plegamans,563,508,55,46,52,-6,40,75,-35,14
431009,"Pallaresos, els",142,149,-7,16,16,0,7,2,5,-2
081574,Pallejà,413,379,34,57,52,5,31,67,-36,3
430995,"Palma d'Ebre, la",7,6,1,0,2,-2,0,0,0,-1
089058,"Palma de Cervelló, la",112,127,-15,10,15,-5,22,10,12,-8
171236,Palol de Revardit,16,16,0,2,2,0,0,0,0,0
171241,Pals,97,109,-12,16,4,12,25,25,0,0
081580,"Papiol, el",153,162,-9,27,23,4,17,28,-11,-16
171254,Pardines,3,3,0,0,0,0,0,0,0,0
081593,Parets del Vallès,709,643,66,87,100,-13,89,93,-4,49
171267,Parlavà,26,15,11,0,1,-1,0,0,0,10
431016,Passanant i Belltall,16,7,9,0,0,0,0,1,-1,8
171289,Pau,23,23,0,0,1,-1,14,27,-13,-14
431021,Paüls,8,8,0,1,4,-3,3,2,1,-2
171292,Pedret i Marzà,12,8,4,0,0,0,0,9,-9,-5
251641,Penelles,15,12,3,5,3,2,3,6,-3,2
171306,"Pera, la",38,14,24,4,0,4,2,2,0,28
081607,Perafita,12,19,-7,0,3,-3,1,0,1,-9
431037,Perafort,51,50,1,9,3,6,6,4,2,9
171328,Peralada,76,101,-25,13,13,0,15,4,11,-14
251654,Peramola,8,11,-3,0,1,-1,0,1,-1,-5
431042,"Perelló, el",69,55,14,11,32,-21,41,41,0,-7
081614,Piera,649,662,-13,67,93,-26,27,83,-56,-95
431055,"Piles, les",13,13,0,6,5,1,2,0,2,3
081635,Pineda de Mar,1195,1086,109,164,166,-2,217,484,-267,-160
431068,"Pinell de Brai, el",11,21,-10,3,3,0,1,5,-4,-14
251667,Pinell de Solsonès,0,5,-5,0,0,0,2,1,1,-4
251673,Pinós,21,12,9,1,0,1,1,1,0,10
431074,Pira,10,18,-8,2,0,2,0,0,0,-6
431080,"Pla de Santa Maria, el",87,83,4,10,11,-1,8,5,3,6
081640,"Pla del Penedès, el",86,54,32,6,6,0,6,5,1,33
171334,"Planes d'Hostoles, les",59,51,8,5,11,-6,2,3,-1,1
171349,Planoles,23,21,2,0,1,-1,0,1,-1,0
259118,"Plans de Sió, els",22,19,3,3,3,0,0,1,-1,2
251689,"Poal, el",21,22,-1,3,0,3,9,1,8,10
251692,"Pobla de Cérvoles, la",12,24,-12,1,0,1,0,1,-1,-12
081653,"Pobla de Claramunt, la",117,125,-8,4,3,1,3,27,-24,-31
081666,"Pobla de Lillet, la",19,41,-22,2,2,0,2,0,2,-20
431093,"Pobla de Mafumet, la",376,215,161,50,28,22,10,25,-15,168
431107,"Pobla de Massaluca, la",2,12,-10,0,0,0,2,3,-1,-11
431114,"Pobla de Montornès, la",158,202,-44,20,14,6,18,6,12,-26
251713,"Pobla de Segur, la",103,112,-9,9,21,-12,14,34,-20,-41
431129,Poboleda,7,5,2,2,1,1,3,7,-4,-1
081672,Polinyà,327,306,21,43,41,2,13,24,-11,12
431135,"Pont d'Armentera, el",12,26,-14,0,3,-3,1,0,1,-16
250306,"Pont de Bar, el",6,11,-5,0,3,-3,0,0,0,-8
171352,Pont de Molins,45,37,8,0,0,0,4,15,-11,-3
251734,"Pont de Suert, el",46,93,-47,35,29,6,14,4,10,-31
081825,"Pont de Vilomara i Rocafort, el",148,157,-9,23,8,15,11,4,7,13
431418,Pontils,9,6,3,1,3,-2,1,0,1,2
081688,Pontons,49,73,-24,0,1,-1,3,3,0,-25
171365,Pontós,20,14,6,2,0,2,2,1,1,9
251728,Ponts,82,61,21,14,13,1,24,31,-7,15
171371,Porqueres,174,158,16,7,16,-9,19,15,4,11
431140,Porrera,14,18,-4,1,0,1,1,3,-2,-5
171404,"Port de la Selva, el",35,38,-3,2,3,-1,11,9,2,-2
171387,Portbou,47,39,8,15,15,0,7,79,-72,-64
251749,"Portella, la",23,36,-13,9,8,1,15,19,-4,-16
431153,Pradell de la Teixeta,0,9,-9,0,0,0,0,1,-1,-10
431166,Prades,22,43,-21,1,2,-1,1,7,-6,-28
431172,Prat de Comte,7,9,-2,0,0,0,1,0,1,-1
081691,"Prat de Llobregat, el",1325,1529,-204,422,440,-18,296,535,-239,-461
431188,Pratdip,27,50,-23,4,5,-1,20,2,18,-6
081712,Prats de Lluçanès,60,80,-20,3,12,-9,2,11,-9,-38
081705,"Prats de Rei, els",15,29,-14,1,1,0,0,1,-1,-15
251752,Prats i Sansor,6,22,-16,1,2,-1,0,8,-8,-25
251765,Preixana,17,9,8,0,4,-4,0,0,0,4
251771,Preixens,17,19,-2,0,1,-1,0,2,-2,-5
082303,Premià de Dalt,495,473,22,60,50,10,44,30,14,46
081727,Premià de Mar,1185,1033,152,157,162,-5,223,255,-32,115
171390,"Preses, les",81,83,-2,0,2,-2,5,8,-3,-7
251790,Prullans,7,14,-7,0,0,0,2,1,1,-6
171411,Puigcerdà,348,328,20,71,98,-27,85,60,25,18
081748,Puigdàlber,13,18,-5,0,1,-1,0,0,0,-6
251804,Puiggròs,14,14,0,0,1,-1,0,0,0,-1
431191,Puigpelat,61,61,0,3,3,0,4,0,4,4
081751,Puig-reig,149,149,0,7,14,-7,11,19,-8,-15
251811,Puigverd d'Agramunt,5,9,-4,0,0,0,2,0,2,-2
251826,Puigverd de Lleida,32,50,-18,4,8,-4,13,9,4,-18
081764,Pujalt,9,1,8,0,3,-3,0,0,0,5
081770,"Quar, la",3,7,-4,0,0,0,0,0,0,-4
171426,Quart,187,142,45,11,12,-1,7,8,-1,43
170433,Queralbs,3,6,-3,0,0,0,0,0,0,-3
431205,Querol,43,50,-7,4,1,3,6,0,6,2
171432,Rabós,11,11,0,0,1,-1,3,0,3,2
081786,Rajadell,27,30,-3,0,5,-5,0,3,-3,-11
431212,Rasquera,15,17,-2,0,3,-3,2,3,-1,-6
171447,Regencós,15,12,3,0,1,-1,3,1,2,4
081799,Rellinars,34,54,-20,0,5,-5,1,0,1,-24
431227,Renau,8,4,4,0,1,-1,0,0,0,3
431233,Reus,2310,2561,-251,592,729,-137,617,1583,-966,-1354
251832,Rialp,35,51,-16,9,5,4,1,0,1,-11
431248,"Riba, la",26,36,-10,2,0,2,2,7,-5,-13
431251,Riba-roja d'Ebre,24,27,-3,8,7,1,2,37,-35,-37
259059,Ribera d'Ondara,17,10,7,0,2,-2,1,0,1,6
251850,Ribera d'Urgellet,49,53,-4,6,5,1,15,15,0,-3
171450,Ribes de Freser,61,68,-7,6,3,3,5,9,-4,-8
171463,Riells i Viabrea,259,221,38,23,23,0,14,11,3,41
431264,"Riera de Gaià, la",105,84,21,13,8,5,9,5,4,30
251863,Riner,9,13,-4,0,0,0,1,0,1,-3
171479,Ripoll,219,252,-33,36,46,-10,65,41,24,-19
081803,Ripollet,1374,1323,51,210,226,-16,349,476,-127,-92
259139,Riu de Cerdanya,4,11,-7,0,0,0,0,0,0,-7
171485,Riudarenes,125,143,-18,13,18,-5,7,1,6,-17
171498,Riudaura,26,16,10,2,0,2,0,0,0,12
431270,Riudecanyes,53,55,-2,2,4,-2,11,5,6,2
431286,Riudecols,52,70,-18,0,2,-2,4,9,-5,-25
171501,Riudellots de la Selva,66,91,-25,9,7,2,24,27,-3,-26
431299,Riudoms,265,193,72,22,17,5,38,54,-16,61
171518,Riumors,24,24,0,3,4,-1,3,0,3,2
081810,"Roca del Vallès, la",471,408,63,39,41,-2,28,24,4,65
431303,Rocafort de Queralt,7,15,-8,0,0,0,1,0,1,-7
431310,Roda de Berà,356,369,-13,40,55,-15,48,43,5,-23
081831,Roda de Ter,171,188,-17,28,15,13,27,35,-8,-12
431325,Rodonyà,37,18,19,5,1,4,1,5,-4,19
431331,Roquetes,320,308,12,30,46,-16,67,81,-14,-18
171523,Roses,504,589,-85,167,214,-47,410,560,-150,-282
251898,Rosselló,128,133,-5,28,38,-10,18,64,-46,-61
431346,"Rourell, el",19,20,-1,1,0,1,0,0,0,0
081846,Rubí,2100,2109,-9,451,503,-52,455,687,-232,-293
081859,Rubió,24,11,13,0,0,0,0,0,0,13
171539,Rupià,19,16,3,0,0,0,1,0,1,4
089019,Rupit i Pruit,20,16,4,0,0,0,0,0,0,4
081878,Sabadell,5539,4810,729,1200,1189,11,1569,2449,-880,-140
081884,Sagàs,6,9,-3,0,0,0,0,0,0,-3
251902,Salàs de Pallars,13,18,-5,0,0,0,0,0,0,-5
081901,Saldes,10,22,-12,1,2,-1,0,1,-1,-14
171544,Sales de Llierca,4,7,-3,0,1,-1,4,0,4,0
081918,Sallent,150,148,2,36,21,15,18,35,-17,0
431359,Salomó,25,9,16,0,0,0,9,2,7,23
439057,Salou,1236,1333,-97,495,484,11,703,820,-117,-203
171557,Salt,1408,1643,-235,187,244,-57,494,680,-186,-478
251919,Sanaüja,11,18,-7,2,0,2,2,5,-3,-8
081944,Sant Adrià de Besòs,1946,1760,186,304,245,59,394,375,19,264
081957,Sant Agustí de Lluçanès,2,4,-2,0,0,0,0,0,0,-2
081960,Sant Andreu de la Barca,967,977,-10,157,174,-17,146,323,-177,-204
081976,Sant Andreu de Llavaneres,586,503,83,66,63,3,82,146,-64,22
171576,Sant Andreu Salou,11,8,3,0,0,0,0,0,0,3
171833,Sant Aniol de Finestres,12,19,-7,2,1,1,1,1,0,-6
081982,Sant Antoni de Vilamajor,358,314,44,15,31,-16,22,30,-8,20
081995,Sant Bartomeu del Grau,45,48,-3,1,1,0,1,10,-9,-12
082009,Sant Boi de Llobregat,2461,2327,134,499,496,3,487,847,-360,-223
082016,Sant Boi de Lluçanès,50,20,30,0,2,-2,0,2,-2,26
431362,Sant Carles de la Ràpita,483,346,137,190,192,-2,121,219,-98,37
082037,Sant Cebrià de Vallalta,156,211,-55,15,16,-1,18,19,-1,-57
082021,Sant Celoni,623,664,-41,88,104,-16,104,138,-34,-91
082042,Sant Climent de Llobregat,127,125,2,11,13,-2,8,6,2,2
171582,Sant Climent Sescebes,45,39,6,29,24,5,6,0,6,17
082055,Sant Cugat del Vallès,3318,2576,742,603,578,25,993,1162,-169,598
082068,Sant Cugat Sesgarrigues,40,45,-5,6,3,3,0,2,-2,-4
251961,Sant Esteve de la Sarga,3,3,0,0,3,-3,2,0,2,-1
082074,Sant Esteve de Palautordera,136,132,4,8,12,-4,9,22,-13,-13
082080,Sant Esteve Sesrovires,321,320,1,40,40,0,22,32,-10,-9
171595,Sant Feliu de Buixalleu,32,37,-5,1,3,-2,1,1,0,-7
082107,Sant Feliu de Codines,302,336,-34,26,30,-4,23,90,-67,-105
171609,Sant Feliu de Guíxols,785,741,44,159,168,-9,412,552,-140,-105
082114,Sant Feliu de Llobregat,1209,1155,54,209,254,-45,256,272,-16,-7
171616,Sant Feliu de Pallerols,51,33,18,3,3,0,10,15,-5,13
082129,Sant Feliu Sasserra,13,28,-15,1,0,1,0,0,0,-14
171621,Sant Ferriol,39,20,19,0,0,0,0,10,-10,9
082093,Sant Fost de Campsentelles,515,346,169,43,42,1,17,50,-33,137
082135,Sant Fruitós de Bages,304,346,-42,26,27,-1,19,22,-3,-46
171637,Sant Gregori,148,156,-8,10,11,-1,10,8,2,-7
251924,Sant Guim de Freixenet,41,46,-5,5,4,1,8,3,5,1
251977,Sant Guim de la Plana,5,12,-7,0,0,0,2,0,2,-5
171642,Sant Hilari Sacalm,155,139,16,15,20,-5,25,60,-35,-24
082153,Sant Hipòlit de Voltregà,121,191,-70,8,2,6,16,20,-4,-68
081939,Sant Iscle de Vallalta,59,78,-19,3,2,1,7,3,4,-14
439023,Sant Jaume d'Enveja,118,101,17,10,13,-3,22,41,-19,-5
082166,Sant Jaume de Frontanyà,0,0,0,0,1,-1,0,0,0,-1
171655,Sant Jaume de Llierca,70,54,16,0,0,0,8,8,0,16
431378,Sant Jaume dels Domenys,130,188,-58,7,11,-4,9,13,-4,-66
171674,Sant Joan de les Abadesses,84,81,3,8,9,-1,3,3,0,2
171680,Sant Joan de Mollet,25,34,-9,9,1,8,0,0,0,-1
082188,Sant Joan de Vilatorrada,328,302,26,45,41,4,50,132,-82,-52
082172,Sant Joan Despí,1229,1081,148,181,156,25,173,221,-48,125
171851,Sant Joan les Fonts,140,96,44,7,22,-15,11,14,-3,26
171668,Sant Jordi Desvalls,35,34,1,8,1,7,6,1,5,13
089030,Sant Julià de Cerdanyola,12,16,-4,0,0,0,0,0,0,-4
171693,Sant Julià de Ramis,169,227,-58,8,12,-4,17,24,-7,-69
082205,Sant Julià de Vilatorta,110,79,31,7,2,5,3,3,0,36
179032,Sant Julià del Llor i Bonmatí,64,76,-12,4,2,2,9,4,5,-5
082212,Sant Just Desvern,770,572,198,87,93,-6,158,242,-84,108
082227,Sant Llorenç d'Hortons,95,98,-3,5,13,-8,16,16,0,-11
171714,Sant Llorenç de la Muga,9,18,-9,0,1,-1,3,1,2,-8
251930,Sant Llorenç de Morunys,34,29,5,4,5,-1,5,11,-6,-2
082233,Sant Llorenç Savall,95,117,-22,7,6,1,6,3,3,-18
082251,Sant Martí d'Albars,4,3,1,0,0,0,0,0,0,1
082248,Sant Martí de Centelles,76,82,-6,3,5,-2,6,7,-1,-9
171729,Sant Martí de Llémena,41,30,11,3,4,-1,2,0,2,12
259025,Sant Martí de Riucorb,22,17,5,2,0,2,4,3,1,8
082264,Sant Martí de Tous,43,44,-1,0,3,-3,0,5,-5,-9
082270,Sant Martí Sarroca,140,167,-27,20,24,-4,11,7,4,-27
082286,Sant Martí Sesgueioles,28,12,16,2,1,1,0,1,-1,16
171735,Sant Martí Vell,16,15,1,3,2,1,1,0,1,3
082299,Sant Mateu de Bages,23,13,10,3,0,3,1,1,0,13
171740,Sant Miquel de Campmajor,15,3,12,0,0,0,0,0,0,12
171753,Sant Miquel de Fluvià,72,52,20,4,5,-1,6,5,1,20
171766,Sant Mori,8,19,-11,0,2,-2,4,2,2,-11
171772,Sant Pau de Segúries,45,49,-4,2,2,0,3,0,3,-1
082310,Sant Pere de Ribes,1176,1180,-4,226,274,-48,288,113,175,123
082325,Sant Pere de Riudebitlles,103,95,8,6,5,1,5,1,4,13
082331,Sant Pere de Torelló,89,77,12,3,13,-10,9,8,1,3
082346,Sant Pere de Vilamajor,198,235,-37,18,15,3,16,24,-8,-42
171788,Sant Pere Pescador,75,87,-12,19,15,4,52,78,-26,-34
081897,Sant Pere Sallavinera,4,6,-2,0,0,0,0,0,0,-2
082359,Sant Pol de Mar,199,222,-23,28,22,6,47,28,19,2
082362,Sant Quintí de Mediona,60,133,-73,4,1,3,18,18,0,-70
082378,Sant Quirze de Besora,59,67,-8,3,3,0,7,3,4,-4
082384,Sant Quirze del Vallès,700,620,80,64,76,-12,79,75,4,72
082397,Sant Quirze Safaja,48,60,-12,1,2,-1,0,0,0,-13
251945,Sant Ramon,5,25,-20,2,3,-1,6,8,-2,-23
082401,Sant Sadurní d'Anoia,334,349,-15,52,64,-12,47,66,-19,-46
082418,Sant Sadurní d'Osormort,2,5,-3,0,1,-1,0,0,0,-4
080983,Sant Salvador de Guardiola,148,147,1,19,19,0,40,36,4,5
082628,Sant Vicenç de Castellet,418,440,-22,53,70,-17,47,77,-30,-69
082649,Sant Vicenç de Montalt,377,305,72,25,22,3,63,50,13,88
082652,Sant Vicenç de Torelló,58,83,-25,6,1,5,4,18,-14,-34
082634,Sant Vicenç dels Horts,987,950,37,148,183,-35,125,246,-121,-119
431384,Santa Bàrbara,100,102,-2,24,23,1,17,65,-48,-49
082439,Santa Cecília de Voltregà,6,9,-3,0,0,0,0,0,0,-3
082444,Santa Coloma de Cervelló,291,281,10,22,36,-14,26,37,-11,-15
171805,Santa Coloma de Farners,376,382,-6,56,64,-8,113,115,-2,-16
082457,Santa Coloma de Gramenet,4800,5361,-561,802,1068,-266,2172,2559,-387,-1214
431397,Santa Coloma de Queralt,78,93,-15,9,8,1,17,12,5,-9
171812,Santa Cristina d'Aro,312,255,57,17,19,-2,54,29,25,80
082460,Santa Eugènia de Berga,98,119,-21,7,2,5,15,5,10,-6
082476,Santa Eulàlia de Riuprimer,83,48,35,3,3,0,4,2,2,37
082482,Santa Eulàlia de Ronçana,359,287,72,28,36,-8,17,26,-9,55
082495,Santa Fe del Penedès,20,15,5,0,0,0,4,6,-2,3
171827,Santa Llogaia d'Àlguema,17,19,-2,1,3,-2,1,0,1,-3
082508,Santa Margarida de Montbui,381,410,-29,34,48,-14,56,51,5,-38
082515,Santa Margarida i els Monjos,328,312,16,47,72,-25,72,73,-1,-10
082589,Santa Maria d'Oló,32,23,9,1,2,-1,3,0,3,11
082536,Santa Maria de Besora,9,11,-2,2,1,1,0,0,0,-1
082567,Santa Maria de Martorelles,67,55,12,3,2,1,2,1,1,14
082554,Santa Maria de Merlès,17,16,1,1,1,0,0,0,0,1
082573,Santa Maria de Miralles,11,6,5,0,0,0,0,0,0,5
082592,Santa Maria de Palautordera,429,385,44,36,52,-16,39,106,-67,-39
431401,Santa Oliva,201,191,10,20,43,-23,12,14,-2,-15
171848,Santa Pau,31,59,-28,10,2,8,7,0,7,-13
082606,Santa Perpètua de Mogoda,977,931,46,143,160,-17,159,336,-177,-148
082613,Santa Susanna,193,199,-6,13,25,-12,38,47,-9,-27
081923,Santpedor,271,255,16,15,9,6,23,20,3,25
431423,Sarral,36,64,-28,2,7,-5,7,21,-14,-47
171864,Sarrià de Ter,275,207,68,26,24,2,23,42,-19,51
252017,Sarroca de Bellera,3,9,-6,2,0,2,2,0,2,-2
252000,Sarroca de Lleida,12,1,11,1,5,-4,0,0,0,7
171870,"Saus, Camallera i Llampaies",60,52,8,0,2,-2,6,2,4,10
431439,Savallà del Comtat,5,4,1,1,0,1,0,0,0,2
431444,"Secuita, la",94,76,18,13,9,4,8,9,-1,21
171886,"Selva de Mar, la",9,14,-5,2,0,2,0,0,0,-3
431457,"Selva del Camp, la",177,140,37,17,20,-3,4,48,-44,-10
431460,Senan,4,6,-2,0,0,0,0,0,0,-2
430445,"Sénia, la",91,95,-4,85,73,12,37,107,-70,-62
252022,Senterada,5,8,-3,1,5,-4,1,3,-2,-9
250352,"Sentiu de Sió, la",15,19,-4,2,4,-2,0,2,-2,-8
082671,Sentmenat,323,324,-1,36,46,-10,25,76,-51,-62
171903,Serinyà,48,51,-3,10,3,7,3,4,-1,3
252043,Seròs,30,28,2,20,22,-2,28,53,-25,-25
171910,Serra de Daró,17,12,5,1,1,0,2,0,2,7
171925,Setcases,8,2,6,0,0,0,1,0,1,7
252038,"Seu d'Urgell, la",376,307,69,164,144,20,111,277,-166,-77
082690,Seva,161,150,11,14,10,4,8,10,-2,13
252056,Sidamon,17,30,-13,1,2,-1,3,0,3,-11
171931,Sils,412,299,113,53,38,15,46,17,29,157
082704,Sitges,1377,1181,196,225,244,-19,489,522,-33,144
170524,Siurana,4,13,-9,1,0,1,1,9,-8,-16
082711,Sobremunt,6,9,-3,0,4,-4,0,0,0,-7
252069,"Soleràs, el",5,6,-1,1,1,0,1,0,1,0
431476,Solivella,18,19,-1,3,0,3,0,4,-4,-2
252075,Solsona,338,271,67,47,75,-28,75,191,-116,-77
082726,Sora,9,12,-3,0,2,-2,4,1,3,-2
252081,Soriguera,30,21,9,2,0,2,0,1,-1,10
252094,Sort,96,74,22,14,16,-2,16,76,-60,-40
252108,Soses,23,45,-22,19,9,10,23,15,8,-4
082732,Subirats,131,110,21,6,9,-3,10,33,-23,-5
252115,Sudanell,19,28,-9,3,5,-2,6,11,-5,-16
252120,Sunyer,15,12,3,7,6,1,5,2,3,7
082747,Súria,84,115,-31,15,26,-11,26,36,-10,-52
171946,Susqueda,0,4,-4,0,0,0,0,0,0,-4
082763,Tagamanent,19,21,-2,3,3,0,2,2,0,-2
082779,Talamanca,6,11,-5,0,0,0,0,0,0,-5
252154,Talarn,28,14,14,28,59,-31,1,1,0,-17
252167,Talavera,4,13,-9,0,1,-1,1,0,1,-9
171959,"Tallada d'Empordà, la",28,22,6,1,0,1,1,5,-4,3
082785,Taradell,184,189,-5,16,15,1,27,36,-9,-13
431482,Tarragona,3380,3514,-134,1235,1271,-36,1240,1047,193,23
252173,Tàrrega,564,528,36,102,136,-34,129,243,-114,-112
252189,Tarrés,3,8,-5,0,0,0,1,0,1,-4
252192,Tarroja de Segarra,3,1,2,1,0,1,0,0,0,3
082750,Tavèrnoles,12,12,0,1,0,1,1,1,0,1
082802,Tavertet,7,7,0,0,0,0,0,0,0,0
082819,Teià,311,254,57,19,29,-10,21,45,-24,23
252206,Térmens,42,43,-1,16,12,4,21,14,7,10
171962,Terrades,35,35,0,0,1,-1,3,0,3,2
082798,Terrassa,5348,5231,117,1255,1516,-261,1467,1814,-347,-491
082824,Tiana,381,299,82,36,34,2,26,19,7,91
252213,Tírvia,4,13,-9,4,1,3,0,0,0,-6
252228,Tiurana,0,1,-1,0,0,0,0,0,0,-1
431495,Tivenys,16,23,-7,2,6,-4,7,0,7,-4
431508,Tivissa,53,48,5,10,1,9,13,6,7,21
082830,Tona,274,301,-27,20,46,-26,34,63,-29,-82
252234,Torà,27,62,-35,7,6,1,3,6,-3,-37
082845,Tordera,882,827,55,119,138,-19,110,156,-46,-10
082858,Torelló,383,358,25,53,58,-5,65,96,-31,-11
252249,"Torms, els",0,0,0,0,0,0,0,0,0,0
252252,Tornabous,14,24,-10,6,3,3,7,26,-19,-26
252271,"Torre de Cabdella, la",40,28,12,3,1,2,2,2,0,14
082861,"Torre de Claramunt, la",181,199,-18,13,9,4,8,5,3,-11
431515,"Torre de Fontaubella, la",10,8,2,2,1,1,0,4,-4,-1
431520,"Torre de l'Espanyol, la",14,24,-10,3,1,2,9,9,0,-8
252265,Torrebesses,6,12,-6,1,0,1,0,1,-1,-6
431536,Torredembarra,836,671,165,128,120,8,111,178,-67,106
252287,Torrefarrera,254,167,87,46,40,6,34,47,-13,80
259078,Torrefeta i Florejacs,14,23,-9,3,0,3,1,0,1,-5
252304,Torregrossa,40,45,-5,15,10,5,17,8,9,9
252311,Torrelameu,24,39,-15,5,3,2,5,0,5,-8
082877,Torrelavit,60,65,-5,2,1,1,4,7,-3,-7
082883,Torrelles de Foix,179,183,-4,6,28,-22,17,15,2,-24
082896,Torrelles de Llobregat,278,206,72,32,31,1,25,43,-18,55
171978,Torrent,3,14,-11,1,1,0,0,0,0,-11
252326,Torres de Segre,69,59,10,44,31,13,128,88,40,63
252332,Torre-serona,21,10,11,5,1,4,4,1,3,18
171984,Torroella de Fluvià,42,51,-9,5,7,-2,16,18,-2,-13
171997,Torroella de Montgrí,377,386,-9,77,64,13,205,299,-94,-90
431541,Torroja del Priorat,0,11,-11,0,0,0,3,0,3,-8
172001,Tortellà,24,20,4,3,0,3,1,0,1,8
431554,Tortosa,680,818,-138,248,253,-5,457,374,83,-60
172018,Toses,14,9,5,0,0,0,0,2,-2,3
172023,Tossa de Mar,144,210,-66,53,35,18,54,15,39,-9
252347,Tremp,192,200,-8,172,103,69,32,236,-204,-143
172044,Ullà,97,81,16,3,9,-6,27,37,-10,0
082900,Ullastrell,77,69,8,14,13,1,1,1,0,9
172057,Ullastret,16,15,1,3,0,3,1,2,-1,3
431567,Ulldecona,107,136,-29,55,82,-27,56,88,-32,-88
431573,Ulldemolins,11,17,-6,0,1,-1,1,4,-3,-10
172039,Ultramort,13,14,-1,0,0,0,1,0,1,0
172060,Urús,19,14,5,0,1,-1,2,0,2,6
082917,Vacarisses,307,339,-32,19,41,-22,18,12,6,-48
170144,"Vajol, la",4,2,2,0,0,0,1,12,-11,-9
172076,"Vall d'en Bas, la",97,103,-6,5,11,-6,5,5,0,-12
172082,"Vall de Bianya, la",84,78,6,3,2,1,0,4,-4,3
250432,"Vall de Boí, la",28,57,-29,10,11,-1,7,10,-3,-33
259010,Vall de Cardós,8,13,-5,3,2,1,2,4,-2,-6
082922,Vallbona d'Anoia,44,43,1,2,6,-4,2,2,0,-3
252385,Vallbona de les Monges,6,3,3,0,0,0,0,1,-1,2
082938,Vallcebre,17,18,-1,0,4,-4,0,0,0,-5
431589,Vallclara,10,8,2,0,0,0,0,0,0,2
252402,Vallfogona de Balaguer,80,69,11,3,1,2,10,14,-4,9
171707,Vallfogona de Ripollès,4,8,-4,0,1,-1,0,1,-1,-6
431592,Vallfogona de Riucorb,3,9,-6,0,1,-1,1,6,-5,-12
082943,Vallgorguina,138,191,-53,10,14,-4,10,10,0,-57
082956,Vallirana,639,629,10,100,77,23,68,91,-23,10
172095,Vall-llobrega,42,48,-6,1,2,-1,4,0,4,-3
431606,Vallmoll,119,120,-1,12,9,3,6,6,0,2
082969,Vallromanes,131,145,-14,12,14,-2,8,8,0,-16
431613,Valls,760,678,82,136,174,-38,145,153,-8,36
259062,"Valls d'Aguilar, les",4,18,-14,1,0,1,1,1,0,-13
252398,"Valls de Valira, les",39,55,-16,14,5,9,19,42,-23,-30
431628,Vandellòs i l'Hospitalet de l'Infant,336,224,112,62,67,-5,66,112,-46,61
259097,"Vansa i Fórnols, la",17,8,9,3,1,2,1,0,1,12
082975,Veciana,3,4,-1,0,0,0,0,1,-1,-2
431634,"Vendrell, el",1852,1784,68,283,347,-64,241,388,-147,-143
172109,Ventalló,66,67,-1,4,1,3,8,0,8,10
252424,Verdú,30,56,-26,4,7,-3,5,1,4,-25
172116,Verges,40,50,-10,3,1,2,4,8,-4,-12
431649,Vespella de Gaià,26,24,2,5,5,0,5,0,5,7
082981,Vic,1432,1274,158,271,266,5,660,553,107,270
172121,Vidrà,12,6,6,0,0,0,0,1,-1,5
172137,Vidreres,436,422,14,51,36,15,52,43,9,38
252430,Vielha e Mijaran,202,160,42,144,151,-7,58,159,-101,-66
431652,Vilabella,9,17,-8,7,3,4,2,2,0,-4
172142,Vilabertran,53,48,5,2,1,1,2,1,1,7
172155,Vilablareix,104,80,24,6,6,0,3,7,-4,20
082994,Vilada,10,14,-4,0,0,0,0,0,0,-4
172174,Viladamat,8,23,-15,3,2,1,4,6,-2,-16
172168,Viladasens,10,9,1,0,0,0,1,6,-5,-4
083015,Viladecans,1884,1947,-63,389,418,-29,305,501,-196,-288
083008,Viladecavalls,280,301,-21,38,26,12,15,15,0,-9
172180,Vilademuls,54,55,-1,3,2,1,3,2,1,1
172207,Viladrau,20,35,-15,5,4,1,0,1,-1,-15
172214,Vilafant,238,264,-26,24,15,9,13,12,1,-16
083054,Vilafranca del Penedès,1552,1169,383,183,225,-42,305,352,-47,294
252445,Vilagrassa,30,32,-2,6,1,5,1,2,-1,2
172235,Vilajuïga,81,89,-8,10,7,3,6,5,1,-4
431750,Vilalba dels Arcs,5,10,-5,0,2,-2,2,4,-2,-9
083067,Vilalba Sasserra,67,50,17,2,0,2,0,2,-2,17
252458,Vilaller,10,12,-2,9,8,1,4,26,-22,-23
172240,Vilallonga de Ter,11,25,-14,2,1,1,0,1,-1,-14
431665,Vilallonga del Camp,139,148,-9,10,21,-11,9,14,-5,-25
172253,Vilamacolum,22,18,4,2,0,2,2,3,-1,5
172266,Vilamalla,65,51,14,1,3,-2,0,7,-7,5
172272,Vilamaniscle,16,8,8,0,0,0,1,1,0,8
252477,Vilamòs,4,8,-4,5,6,-1,0,2,-2,-7
172288,Vilanant,33,17,16,0,0,0,1,4,-3,13
431671,Vilanova d'Escornalbou,18,37,-19,3,0,3,3,8,-5,-21
252483,Vilanova de Bellpuig,54,25,29,5,5,0,4,8,-4,25
252496,Vilanova de l'Aguda,2,8,-6,0,0,0,0,0,0,-6
252542,Vilanova de la Barca,33,50,-17,11,12,-1,8,11,-3,-21
252509,Vilanova de Meià,15,4,11,0,0,0,1,2,-1,10
431687,Vilanova de Prades,4,7,-3,0,2,-2,0,0,0,-5
083036,Vilanova de Sau,9,30,-21,0,0,0,4,0,4,-17
252516,Vilanova de Segrià,60,42,18,16,8,8,10,6,4,30
083020,Vilanova del Camí,448,514,-66,64,64,0,36,44,-8,-74
089024,Vilanova del Vallès,331,246,85,25,19,6,8,17,-9,82
083073,Vilanova i la Geltrú,2106,1886,220,390,400,-10,405,833,-428,-218
431690,Vilaplana,17,8,9,0,1,-1,3,7,-4,4
431704,Vila-rodona,44,55,-11,5,2,3,15,2,13,5
172305,Vila-sacra,59,46,13,5,1,4,3,3,0,17
252521,Vila-sana,23,34,-11,4,4,0,6,7,-1,-12
431711,Vila-seca,965,867,98,270,225,45,207,216,-9,134
082140,Vilassar de Dalt,357,360,-3,31,36,-5,33,27,6,-2
082191,Vilassar de Mar,893,736,157,90,118,-28,112,127,-15,114
172229,Vilaür,11,8,3,1,0,1,0,0,0,4
431726,Vilaverd,26,35,-9,0,2,-2,0,4,-4,-15
431732,"Vilella Alta, la",1,4,-3,0,0,0,1,0,1,-2
431747,"Vilella Baixa, la",2,13,-11,2,0,2,0,0,0,-9
172333,Vilobí d'Onyar,104,128,-24,38,10,28,18,9,9,13
083041,Vilobí del Penedès,36,55,-19,0,2,-2,8,4,4,-17
172327,Vilopriu,15,10,5,3,0,3,0,0,0,8
252537,"Vilosell, el",11,8,3,0,3,-3,1,1,0,0
431763,Vimbodí i Poblet,33,25,8,1,3,-2,3,8,-5,1
252555,Vinaixa,10,20,-10,6,1,5,5,9,-4,-9
431779,Vinebre,8,33,-25,0,3,-3,6,0,6,-22
431785,Vinyols i els Arcs,117,115,2,20,11,9,8,109,-101,-90
083089,Viver i Serrateix,4,7,-3,0,0,0,0,0,0,-3
430521,Xerta,30,33,-3,5,6,-1,1,8,-7,-11

