Codi,Literal,Migracions internes  amb la resta de Catalunya  immigracions,Migracions internes  amb la resta de Catalunya  emigracions,Migracions internes  amb la resta de Catalunya  saldo migratori,Migracions internes  amb la resta d'Espanya  immigracions,Migracions internes  amb la resta d'Espanya  emigracions,Migracions internes  amb la resta d'Espanya  saldo migratori,Migracions externes  immigracions,Migracions externes  emigracions,Migracions externes  saldo migratori,Saldo migratori total
250019,Abella de la Conca,6,14,-8,0,0,0,4,1,3,-5
080018,Abrera,511,403,108,45,76,-31,50,24,26,103
250024,Àger,18,13,5,3,1,2,9,5,4,11
250030,Agramunt,138,150,-12,21,38,-17,37,46,-9,-38
080023,Aguilar de Segarra,9,7,2,0,0,0,0,2,-2,0
170010,Agullana,36,35,1,4,5,-1,5,6,-1,-1
080142,Aiguafreda,139,107,32,5,18,-13,10,0,10,29
430017,Aiguamúrcia,44,35,9,7,8,-1,4,2,2,10
170025,Aiguaviva,26,17,9,0,0,0,6,2,4,13
250387,Aitona,53,62,-9,30,27,3,37,46,-9,-15
250045,"Alamús, els",46,35,11,5,7,-2,3,9,-6,3
250058,Alàs i Cerc,8,13,-5,0,0,0,5,5,0,-5
250061,"Albagés, l'",16,13,3,1,0,1,0,0,0,4
170031,Albanyà,26,8,18,2,0,2,0,0,0,20
250077,Albatàrrec,89,123,-34,13,13,0,29,10,19,-15
250083,Albesa,23,42,-19,13,1,12,10,12,-2,-9
250096,"Albi, l'",14,24,-10,4,0,4,3,1,2,-4
430022,Albinyana,135,136,-1,8,14,-6,4,3,1,-6
430038,"Albiol, l'",14,11,3,0,0,0,4,1,3,6
170046,Albons,52,30,22,4,2,2,5,0,5,29
430043,Alcanar,201,219,-18,98,182,-84,87,241,-154,-256
250100,Alcanó,15,6,9,0,0,0,0,1,-1,8
250117,Alcarràs,405,316,89,155,114,41,157,121,36,166
250122,Alcoletge,171,152,19,21,26,-5,22,36,-14,0
430056,Alcover,169,159,10,13,22,-9,26,39,-13,-12
439044,"Aldea, l'",124,166,-42,39,43,-4,61,149,-88,-134
430069,Aldover,27,22,5,8,6,2,3,1,2,9
430075,"Aleixar, l'",31,45,-14,6,5,1,2,0,2,-11
080039,Alella,450,404,46,35,46,-11,98,48,50,85
430081,Alfara de Carles,7,9,-2,3,6,-3,2,1,1,-4
250138,Alfarràs,60,85,-25,21,36,-15,15,25,-10,-50
250143,Alfés,10,23,-13,0,1,-1,0,3,-3,-17
430094,Alforja,94,93,1,7,3,4,5,5,0,5
250156,Algerri,29,30,-1,3,2,1,0,0,0,0
250169,Alguaire,57,84,-27,38,29,9,21,9,12,-6
250175,Alins,9,7,2,1,2,-1,3,2,1,2
430108,Alió,33,15,18,3,2,1,0,1,-1,18
250194,Almacelles,137,129,8,78,87,-9,55,19,36,35
250208,Almatret,10,7,3,0,1,-1,3,2,1,3
250215,Almenar,67,88,-21,41,38,3,20,29,-9,-27
430115,Almoster,57,36,21,2,1,1,1,2,-1,21
250220,Alòs de Balaguer,8,6,2,0,0,0,0,1,-1,1
170062,Alp,78,106,-28,10,17,-7,9,12,-3,-38
080044,Alpens,7,8,-1,1,0,1,0,0,0,0
250236,Alpicat,210,179,31,33,29,4,35,28,7,42
250241,Alt Àneu,8,26,-18,2,1,1,1,2,-1,-18
430120,Altafulla,310,216,94,21,31,-10,41,56,-15,69
170078,Amer,79,77,2,8,16,-8,20,6,14,8
430136,"Ametlla de Mar, l'",192,205,-13,45,68,-23,94,23,71,35
080057,"Ametlla del Vallès, l'",405,321,84,24,28,-4,20,32,-12,68
439060,"Ampolla, l'",183,130,53,29,34,-5,41,21,20,68
430141,Amposta,669,566,103,167,180,-13,185,201,-16,74
170084,Anglès,180,216,-36,12,31,-19,47,42,5,-50
250273,Anglesola,39,39,0,7,5,2,3,1,2,4
250292,Arbeca,32,60,-28,11,5,6,18,20,-2,-24
430167,"Arboç, l'",252,250,2,51,47,4,66,45,21,27
430154,Arbolí,8,10,-2,0,3,-3,4,0,4,-1
170097,Arbúcies,136,238,-102,16,34,-18,43,155,-112,-232
080060,Arenys de Mar,765,563,202,98,98,0,121,107,14,216
080076,Arenys de Munt,387,367,20,32,25,7,22,15,7,34
170101,Argelaguer,19,16,3,1,0,1,0,3,-3,1
080082,Argençola,1,8,-7,1,1,0,0,0,0,-7
430173,"Argentera, l'",7,9,-2,0,0,0,0,0,0,-2
080095,Argentona,482,452,30,47,67,-20,40,52,-12,-2
170118,"Armentera, l'",41,42,-1,3,3,0,4,0,4,3
430189,Arnes,10,13,-3,3,3,0,0,0,0,-3
250313,Arres,1,5,-4,0,1,-1,0,0,0,-5
250328,Arsèguel,4,6,-2,0,0,0,0,1,-1,-3
080109,Artés,231,186,45,24,38,-14,35,39,-4,27
250334,Artesa de Lleida,55,34,21,5,7,-2,7,18,-11,8
250349,Artesa de Segre,81,100,-19,11,16,-5,29,42,-13,-37
430192,Ascó,62,51,11,3,10,-7,5,0,5,9
250365,Aspa,7,7,0,0,0,0,0,0,0,0
250371,"Avellanes i Santa Linya, les",28,18,10,5,5,0,8,1,7,17
080116,Avià,102,70,32,7,6,1,8,10,-2,31
080121,Avinyó,70,74,-4,2,9,-7,9,3,6,-5
170123,Avinyonet de Puigventós,76,52,24,6,2,4,8,1,7,35
080137,Avinyonet del Penedès,71,90,-19,7,1,6,8,3,5,-8
080155,Badalona,7245,8158,-913,1304,1574,-270,3135,3744,-609,-1792
089045,Badia del Vallès,460,435,25,87,102,-15,43,49,-6,4
080168,Bagà,51,126,-75,5,7,-2,2,5,-3,-80
250390,Baix Pallars,18,14,4,1,0,1,2,2,0,5
250404,Balaguer,405,596,-191,134,143,-9,189,168,21,-179
080174,Balenyà,172,147,25,14,11,3,18,25,-7,21
080180,Balsareny,101,102,-1,16,6,10,18,11,7,16
430206,Banyeres del Penedès,190,150,40,14,22,-8,12,27,-15,17
170157,Banyoles,601,537,64,108,73,35,172,249,-77,22
250411,Barbens,23,23,0,3,2,1,6,53,-47,-46
430213,Barberà de la Conca,32,25,7,2,6,-4,1,5,-4,-1
082520,Barberà del Vallès,1186,1216,-30,163,166,-3,140,147,-7,-40
080193,Barcelona,34180,39150,-4970,15257,14735,522,37564,34570,2994,-1454
250426,"Baronia de Rialb, la",9,10,-1,6,0,6,2,0,2,7
170160,Bàscara,52,40,12,4,4,0,4,3,1,13
250447,Bassella,14,5,9,3,0,3,0,9,-9,3
430228,Batea,21,28,-7,8,11,-3,4,6,-2,-12
250450,Bausen,0,1,-1,0,0,0,0,0,0,-1
080207,Begues,325,230,95,43,69,-26,32,49,-17,52
170139,Begur,134,145,-11,13,15,-2,42,82,-40,-53
250463,Belianes,11,12,-1,1,1,0,6,2,4,3
251706,Bellaguarda,2,14,-12,0,1,-1,1,0,1,-12
170182,Bellcaire d'Empordà,36,28,8,4,1,3,5,12,-7,4
250479,Bellcaire d'Urgell,30,40,-10,3,6,-3,7,3,4,-9
250485,Bell-lloc d'Urgell,51,68,-17,3,3,0,8,64,-56,-73
250498,Bellmunt d'Urgell,7,5,2,0,1,-1,0,0,0,1
430234,Bellmunt del Priorat,8,19,-11,0,1,-1,1,0,1,-11
080214,Bellprat,0,1,-1,0,0,0,0,1,-1,-2
250501,Bellpuig,170,155,15,35,44,-9,45,19,26,32
430249,Bellvei,130,111,19,12,17,-5,15,16,-1,13
250518,Bellver de Cerdanya,94,201,-107,5,15,-10,21,11,10,-107
250523,Bellvís,63,56,7,11,15,-4,26,39,-13,-10
250539,Benavent de Segrià,42,59,-17,22,17,5,4,9,-5,-17
430252,Benifallet,0,13,-13,0,0,0,0,0,0,-13
430265,Benissanet,40,33,7,7,6,1,16,23,-7,1
080229,Berga,463,497,-34,79,94,-15,76,201,-125,-174
170195,Besalú,83,72,11,12,11,1,12,16,-4,8
170209,Bescanó,231,113,118,13,13,0,8,20,-12,106
170216,Beuda,22,5,17,0,0,0,2,0,2,19
080235,Bigues i Riells del Fai,374,402,-28,33,28,5,23,17,6,-17
250557,Biosca,0,4,-4,1,1,0,0,0,0,-4
170221,"Bisbal d'Empordà, la",374,329,45,40,62,-22,102,99,3,26
430271,"Bisbal de Falset, la",5,9,-4,2,1,1,0,3,-3,-6
430287,"Bisbal del Penedès, la",220,176,44,28,19,9,7,25,-18,35
172348,Biure,6,8,-2,0,2,-2,6,6,0,-4
430290,Blancafort,11,15,-4,2,1,1,3,1,2,-1
170237,Blanes,1499,1396,103,327,311,16,479,719,-240,-121
170293,Boadella i les Escaules,7,15,-8,0,1,-1,3,2,1,-8
170242,Bolvir,10,33,-23,0,2,-2,2,2,0,-25
430304,Bonastre,53,56,-3,6,2,4,2,1,1,2
250576,"Bòrdes, Es",11,13,-2,1,2,-1,1,0,1,-2
170255,Bordils,67,100,-33,9,5,4,38,12,26,-3
250582,"Borges Blanques, les",233,156,77,29,42,-13,21,29,-8,56
430311,"Borges del Camp, les",84,88,-4,7,8,-1,4,8,-4,-9
170268,Borrassà,30,38,-8,5,4,1,8,4,4,-3
080240,Borredà,16,37,-21,5,0,5,2,0,2,-14
250595,Bossòst,38,40,-2,19,19,0,13,5,8,6
430326,Bot,11,15,-4,1,2,-1,0,2,-2,-7
430332,Botarell,29,52,-23,5,9,-4,3,2,1,-26
250560,Bovera,3,17,-14,0,0,0,1,0,1,-13
430347,Bràfim,33,31,2,4,4,0,6,5,1,3
170274,Breda,129,120,9,6,25,-19,16,16,0,-10
080253,"Bruc, el",109,138,-29,6,4,2,7,1,6,-21
080266,"Brull, el",12,10,2,0,0,0,0,0,0,2
170280,Brunyola i Sant Martí Sapresa,20,19,1,0,2,-2,3,2,1,0
430350,Cabacés,11,13,-2,0,1,-1,0,1,-1,-4
250609,Cabanabona,7,2,5,0,0,0,1,0,1,6
170314,Cabanelles,16,12,4,2,0,2,0,1,-1,5
170307,Cabanes,54,63,-9,6,4,2,9,7,2,-5
080272,"Cabanyes, les",50,38,12,3,3,0,5,5,0,12
250616,Cabó,7,1,6,0,0,0,0,0,0,6
430363,Cabra del Camp,83,93,-10,4,2,2,7,1,6,-2
080288,Cabrera d'Anoia,80,98,-18,7,20,-13,0,11,-11,-42
080291,Cabrera de Mar,223,226,-3,34,27,7,26,11,15,19
080305,Cabrils,360,331,29,30,25,5,34,36,-2,32
170329,Cadaqués,53,65,-12,18,16,2,40,51,-11,-21
080312,Calaf,101,94,7,9,14,-5,42,70,-28,-26
430379,Calafell,1559,1517,42,222,252,-30,269,439,-170,-158
080348,Calders,44,47,-3,2,2,0,1,0,1,-2
080327,Caldes d'Estrac,217,198,19,30,27,3,29,32,-3,19
170335,Caldes de Malavella,294,349,-55,33,29,4,37,53,-16,-67
080333,Caldes de Montbui,629,615,14,96,82,14,90,329,-239,-211
080351,Calella,940,822,118,124,156,-32,252,281,-29,57
080370,Calldetenes,98,77,21,9,4,5,4,7,-3,23
080386,Callús,97,100,-3,3,5,-2,11,12,-1,-6
080364,Calonge de Segarra,4,2,2,0,0,0,0,0,0,2
170340,Calonge i Sant Antoni,564,586,-22,85,63,22,160,313,-153,-153
250621,Camarasa,46,31,15,5,11,-6,4,0,4,13
439039,Camarles,75,70,5,6,9,-3,18,3,15,17
430385,Cambrils,1497,1280,217,385,449,-64,462,468,-6,147
170353,Camós,36,17,19,2,0,2,0,0,0,21
170366,Campdevànol,92,83,9,5,10,-5,4,15,-11,-7
170372,Campelles,3,5,-2,4,0,4,0,0,0,2
080399,Campins,64,26,38,2,1,1,6,0,6,45
170388,Campllong,20,33,-13,1,0,1,1,1,0,-12
170391,Camprodon,136,121,15,10,15,-5,8,10,-2,8
250637,Canejan,2,4,-2,2,5,-3,2,0,2,-3
170405,Canet d'Adri,37,41,-4,3,2,1,4,5,-1,-4
080403,Canet de Mar,598,468,130,60,59,1,79,203,-124,7
439076,"Canonja, la",271,216,55,23,30,-7,29,9,20,68
080410,Canovelles,773,855,-82,103,108,-5,187,236,-49,-136
080425,Cànoves i Samalús,147,133,14,20,13,7,6,13,-7,14
170412,Cantallops,18,23,-5,3,1,2,7,1,6,3
080431,Canyelles,238,215,23,35,31,4,20,18,2,29
430398,Capafonts,3,11,-8,1,0,1,0,0,0,-7
430402,Capçanes,10,10,0,1,2,-1,0,0,0,-1
080446,Capellades,183,187,-4,24,33,-9,10,47,-37,-50
170427,Capmany,21,18,3,2,2,0,7,34,-27,-24
080459,Capolat,5,5,0,0,1,-1,0,0,0,-1
080462,Cardedeu,741,637,104,63,90,-27,57,112,-55,22
080478,Cardona,72,125,-53,15,5,10,8,4,4,-39
080484,Carme,31,44,-13,4,6,-2,3,0,3,-12
430419,Caseres,7,13,-6,0,2,-2,0,0,0,-8
170448,Cassà de la Selva,391,331,60,41,58,-17,91,169,-78,-35
080497,Casserres,72,56,16,6,4,2,4,0,4,22
080575,Castell de l'Areny,8,8,0,0,0,0,0,1,-1,-1
259046,Castell de Mur,2,6,-4,1,0,1,0,0,0,-3
250642,Castellar de la Ribera,0,3,-3,0,0,0,1,0,1,-2
080522,Castellar de n'Hug,9,13,-4,0,3,-3,0,1,-1,-8
080500,Castellar del Riu,7,10,-3,0,0,0,0,0,0,-3
080517,Castellar del Vallès,772,689,83,106,123,-17,79,97,-18,48
080538,Castellbell i el Vilar,166,164,2,10,15,-5,8,6,2,-1
080543,Castellbisbal,352,374,-22,59,93,-34,57,62,-5,-61
080556,Castellcir,73,38,35,0,3,-3,11,1,10,42
250674,Castelldans,23,40,-17,5,4,1,10,15,-5,-21
080569,Castelldefels,2500,2451,49,629,715,-86,1110,1172,-62,-99
080581,Castellet i la Gornal,129,111,18,19,11,8,16,24,-8,18
170464,Castellfollit de la Roca,46,32,14,5,2,3,13,6,7,24
080608,Castellfollit de Riubregós,8,5,3,1,1,0,0,2,-2,1
080594,Castellfollit del Boix,17,14,3,1,1,0,2,1,1,4
080615,Castellgalí,139,120,19,13,11,2,3,14,-11,10
080620,Castellnou de Bages,56,32,24,2,2,0,2,3,-1,23
250680,Castellnou de Seana,36,35,1,3,5,-2,6,1,5,4
170470,Castelló d'Empúries,447,501,-54,105,93,12,446,300,146,104
250693,Castelló de Farfanya,27,20,7,2,1,1,1,2,-1,7
080636,Castellolí,15,16,-1,1,2,-1,1,3,-2,-4
170486,Castell-Platja d'Aro,607,556,51,80,101,-21,342,169,173,203
250707,Castellserà,35,35,0,1,2,-1,6,0,6,5
080641,Castellterçol,115,101,14,11,14,-3,10,14,-4,7
430424,Castellvell del Camp,74,90,-16,4,5,-1,4,5,-1,-18
080654,Castellví de la Marca,59,78,-19,5,3,2,9,13,-4,-21
080667,Castellví de Rosanes,92,66,26,8,19,-11,4,6,-2,13
430430,"Catllar, el",191,178,13,15,14,1,10,23,-13,1
250714,Cava,2,3,-1,0,0,0,0,0,0,-1
171899,"Cellera de Ter, la",57,52,5,2,5,-3,3,3,0,2
170499,Celrà,265,219,46,29,25,4,93,91,2,52
080673,Centelles,290,239,51,19,26,-7,20,10,10,54
082687,Cercs,49,57,-8,4,15,-11,3,1,2,-17
082665,Cerdanyola del Vallès,1705,1883,-178,308,360,-52,659,784,-125,-355
080689,Cervelló,470,373,97,57,53,4,24,24,0,101
250729,Cervera,215,262,-47,38,67,-29,69,80,-11,-87
250735,Cervià de les Garrigues,16,23,-7,1,7,-6,0,1,-1,-14
170502,Cervià de Ter,35,32,3,2,2,0,3,1,2,5
170519,Cistella,30,18,12,2,2,0,3,0,3,15
250740,Ciutadilla,10,7,3,0,0,0,0,2,-2,1
250753,Clariana de Cardener,7,14,-7,0,0,0,2,1,1,-6
250766,"Cogul, el",5,6,-1,0,0,0,0,0,0,-1
170545,Colera,15,26,-11,7,2,5,3,2,1,-5
250772,Coll de Nargó,14,14,0,1,1,0,2,8,-6,-6
080692,Collbató,231,149,82,9,15,-6,12,14,-2,74
430458,Colldejou,8,13,-5,0,2,-2,0,1,-1,-8
080706,Collsuspina,12,17,-5,2,0,2,1,4,-3,-6
170558,Colomers,8,8,0,2,0,2,0,1,-1,1
251636,"Coma i la Pedra, la",18,17,1,0,0,0,0,0,0,1
251615,Conca de Dalt,29,16,13,3,0,3,4,0,4,20
430461,Conesa,5,9,-4,3,3,0,0,0,0,-4
430477,Constantí,273,290,-17,60,62,-2,48,135,-87,-106
080713,Copons,7,4,3,0,0,0,0,1,-1,2
430483,Corbera d'Ebre,28,27,1,2,12,-10,17,0,17,8
080728,Corbera de Llobregat,615,581,34,53,99,-46,72,76,-4,-16
250788,Corbins,44,55,-11,22,11,11,9,8,1,1
170577,Corçà,80,84,-4,3,8,-5,10,4,6,-3
080734,Cornellà de Llobregat,3377,3267,110,477,529,-52,815,1347,-532,-474
170561,Cornellà del Terri,114,97,17,9,5,4,2,3,-1,20
430496,Cornudella de Montsant,27,58,-31,3,8,-5,10,8,2,-34
430509,Creixell,291,236,55,31,34,-3,28,13,15,67
170583,Crespià,8,20,-12,1,3,-2,4,0,4,-10
179011,"Cruïlles, Monells i Sant Sadurní de l'Heura",68,60,8,5,7,-2,11,4,7,13
080749,Cubelles,912,791,121,98,105,-7,104,125,-21,93
250791,Cubells,21,8,13,3,3,0,0,0,0,13
430516,Cunit,846,995,-149,90,144,-54,101,160,-59,-262
170600,Darnius,39,24,15,4,4,0,4,1,3,18
170617,Das,18,19,-1,1,1,0,0,4,-4,-5
439018,Deltebre,302,257,45,61,71,-10,49,215,-166,-131
080752,Dosrius,292,269,23,18,38,-20,14,31,-17,-14
430537,Duesaigües,16,8,8,1,1,0,0,3,-3,5
170622,"Escala, l'",335,388,-53,78,73,5,141,52,89,41
080765,Esparreguera,793,810,-17,134,113,21,85,128,-43,-39
170638,Espinelves,9,12,-3,1,1,0,0,0,0,-3
250812,"Espluga Calba, l'",11,5,6,0,2,-2,4,4,0,4
430542,"Espluga de Francolí, l'",97,108,-11,18,9,9,29,19,10,8
080771,Esplugues de Llobregat,2241,2220,21,277,306,-29,444,431,13,5
170643,Espolla,9,15,-6,1,0,1,1,0,1,-4
170656,Esponellà,28,23,5,2,4,-2,3,0,3,6
250827,Espot,11,9,2,1,1,0,1,1,0,2
080787,"Espunyola, l'",11,4,7,2,0,2,0,0,0,9
082541,"Esquirol, l'",67,49,18,8,5,3,5,13,-8,13
250886,Estamariu,9,1,8,0,0,0,0,3,-3,5
080790,"Estany, l'",24,10,14,2,4,-2,4,0,4,16
250851,Estaràs,4,13,-9,1,1,0,0,0,0,-9
250864,Esterri d'Àneu,47,32,15,2,9,-7,9,20,-11,-3
250870,Esterri de Cardós,4,5,-1,0,0,0,0,0,0,-1
430555,Falset,72,69,3,12,19,-7,15,11,4,0
170059,"Far d'Empordà, el",26,20,6,5,2,3,2,2,0,9
250899,Farrera,1,9,-8,0,1,-1,0,0,0,-9
430568,"Fatarella, la",3,22,-19,1,2,-1,0,0,0,-20
430574,"Febró, la",2,2,0,0,0,0,0,0,0,0
081347,Figaró-Montmany,94,81,13,12,9,3,6,7,-1,15
080804,Fígols,0,2,-2,0,0,0,1,0,1,-1
259084,Fígols i Alinyà,9,13,-4,0,1,-1,3,4,-1,-6
430580,"Figuera, la",3,8,-5,0,0,0,0,0,0,-5
170669,Figueres,1691,1606,85,467,434,33,684,902,-218,-100
430593,Figuerola del Camp,22,14,8,4,0,4,0,1,-1,11
170675,Flaçà,56,63,-7,4,4,0,7,11,-4,-11
430607,Flix,117,101,16,19,29,-10,23,14,9,15
250925,"Floresta, la",7,8,-1,1,0,1,0,0,0,0
080826,Fogars de la Selva,88,119,-31,6,23,-17,14,7,7,-41
080811,Fogars de Montclús,57,32,25,1,1,0,4,0,4,29
170681,Foixà,22,8,14,0,1,-1,0,2,-2,11
080832,Folgueroles,70,70,0,2,2,0,8,5,3,3
250931,Fondarella,18,18,0,3,7,-4,0,0,0,-4
080847,Fonollosa,57,67,-10,7,4,3,5,0,5,-2
170694,Fontanals de Cerdanya,29,41,-12,4,2,2,1,2,-1,-11
170708,Fontanilles,2,4,-2,2,0,2,1,0,1,1
170715,Fontcoberta,81,32,49,4,1,3,4,3,1,53
080850,Font-rubí,36,58,-22,3,5,-2,7,0,7,-17
250946,Foradada,4,4,0,4,1,3,1,0,1,4
179026,Forallac,97,101,-4,3,4,-1,8,12,-4,-9
430614,Forès,0,1,-1,0,0,0,0,0,0,-1
170736,Fornells de la Selva,87,78,9,7,17,-10,10,19,-9,-10
170741,Fortià,31,16,15,4,3,1,2,12,-10,6
080863,"Franqueses del Vallès, les",1002,1051,-49,108,112,-4,129,155,-26,-79
430629,Freginals,12,25,-13,4,11,-7,8,0,8,-12
250962,"Fuliola, la",26,43,-17,8,6,2,9,4,5,-10
250978,Fulleda,8,4,4,0,0,0,0,0,0,4
080902,Gaià,4,10,-6,2,0,2,0,0,0,-4
430635,"Galera, la",29,24,5,6,7,-1,4,34,-30,-26
080879,Gallifa,10,10,0,0,0,0,0,0,0,0
430640,Gandesa,67,54,13,10,12,-2,21,37,-16,-5
430653,Garcia,16,27,-11,2,2,0,3,10,-7,-18
430666,"Garidells, els",0,8,-8,1,2,-1,1,1,0,-9
080885,"Garriga, la",561,475,86,69,86,-17,69,51,18,87
170754,Garrigàs,45,15,30,0,1,-1,4,0,4,33
170767,Garrigoles,4,13,-9,0,0,0,1,0,1,-8
170773,Garriguella,46,33,13,8,8,0,7,1,6,19
080898,Gavà,1777,1743,34,316,401,-85,456,571,-115,-166
250984,Gavet de la Conca,13,14,-1,0,1,-1,1,0,1,-1
080919,Gelida,341,306,35,38,43,-5,31,47,-16,14
170789,Ger,20,41,-21,0,3,-3,5,2,3,-21
259123,Gimenells i el Pla de la Font,17,30,-13,1,6,-5,3,8,-5,-23
430672,Ginestar,10,35,-25,2,0,2,6,8,-2,-25
170792,Girona,3668,3977,-309,740,807,-67,1313,1494,-181,-557
080924,Gironella,118,147,-29,11,19,-8,11,7,4,-33
080930,Gisclareny,1,3,-2,0,0,0,0,0,0,-2
430688,Godall,8,19,-11,1,6,-5,3,0,3,-13
250997,Golmés,85,45,40,8,8,0,5,31,-26,14
170806,Gombrèn,6,15,-9,0,1,-1,0,0,0,-10
251001,Gósol,16,19,-3,0,1,-1,0,0,0,-4
080945,"Granada, la",101,95,6,7,6,1,9,19,-10,-3
251018,"Granadella, la",26,26,0,3,1,2,4,3,1,3
080958,Granera,1,7,-6,0,0,0,0,0,0,-6
251023,"Granja d'Escarp, la",20,25,-5,9,11,-2,18,14,4,-3
080961,Granollers,2735,2667,68,365,438,-73,716,986,-270,-275
251039,Granyanella,2,3,-1,0,0,0,0,0,0,-1
251057,Granyena de les Garrigues,7,9,-2,0,0,0,2,2,0,-2
251044,Granyena de Segarra,2,5,-3,0,0,0,0,0,0,-3
430691,Gratallops,6,7,-1,0,1,-1,0,0,0,-2
080977,Gualba,89,60,29,10,9,1,8,3,5,35
170813,Gualta,25,20,5,5,0,5,33,37,-4,6
080996,Guardiola de Berguedà,44,60,-16,8,6,2,4,0,4,-10
430705,"Guiamets, els",13,19,-6,0,0,0,0,1,-1,-7
170828,Guils de Cerdanya,45,40,5,6,2,4,1,1,0,9
251095,Guimerà,4,12,-8,0,0,0,0,0,0,-8
259031,"Guingueta d'Àneu, la",6,19,-13,0,4,-4,5,3,2,-15
251109,Guissona,154,153,1,50,46,4,135,173,-38,-33
251116,Guixers,6,2,4,0,0,0,0,0,0,4
081000,Gurb,74,84,-10,3,4,-1,4,5,-1,-12
430712,Horta de Sant Joan,16,20,-4,7,10,-3,4,16,-12,-19
081017,"Hospitalet de Llobregat, l'",11369,12265,-896,2154,2127,27,4773,3695,1078,209
081629,"Hostalets de Pierola, els",220,197,23,8,11,-3,12,6,6,26
170834,Hostalric,192,207,-15,30,46,-16,30,49,-19,-50
081022,Igualada,1289,1342,-53,244,240,4,288,467,-179,-228
251155,Isona i Conca Dellà,28,33,-5,10,6,4,10,1,9,8
170849,Isòvol,13,20,-7,0,1,-1,3,0,3,-5
251137,Ivars d'Urgell,36,46,-10,8,14,-6,8,9,-1,-17
251121,Ivars de Noguera,17,15,2,4,1,3,1,13,-12,-7
251142,Ivorra,5,2,3,0,0,0,0,0,0,3
170852,Jafre,9,24,-15,0,1,-1,2,4,-2,-18
170865,"Jonquera, la",91,144,-53,31,19,12,90,132,-42,-83
081038,Jorba,43,30,13,1,0,1,1,0,1,15
259101,Josa i Tuixén,7,6,1,4,4,0,0,0,0,1
170871,Juià,44,52,-8,1,2,-1,17,1,16,7
251180,Juncosa,9,21,-12,0,1,-1,1,0,1,-12
251193,Juneda,75,72,3,15,20,-5,23,15,8,6
251214,Les,39,56,-17,20,21,-1,6,6,0,-18
251229,Linyola,84,81,3,6,15,-9,33,26,7,1
081043,"Llacuna, la",53,39,14,1,3,-2,4,0,4,16
170887,Lladó,40,27,13,1,1,0,3,2,1,14
251235,Lladorre,8,3,5,1,2,-1,0,0,0,4
251240,Lladurs,13,5,8,0,0,0,0,0,0,8
081056,"Llagosta, la",484,595,-111,90,72,18,91,143,-52,-145
170890,Llagostera,306,289,17,54,63,-9,75,57,18,26
170904,Llambilles,51,27,24,0,1,-1,4,4,0,23
170911,Llanars,24,36,-12,1,2,-1,0,2,-2,-15
170926,Llançà,159,182,-23,34,34,0,62,114,-52,-75
251253,Llardecans,6,6,0,0,2,-2,1,0,1,-1
251266,Llavorsí,11,13,-2,8,5,3,5,2,3,4
251207,Lleida,2908,2898,10,1772,1743,29,1676,1562,114,153
170932,Llers,75,52,23,10,1,9,14,11,3,35
251272,Lles de Cerdanya,10,12,-2,0,2,-2,2,0,2,-2
081075,Lliçà d'Amunt,636,577,59,53,53,0,36,32,4,63
081081,Lliçà de Vall,328,281,47,10,25,-15,22,26,-4,28
251288,Llimiana,3,15,-12,0,0,0,0,0,0,-12
081069,Llinars del Vallès,545,416,129,53,64,-11,50,70,-20,98
170947,Llívia,78,127,-49,10,21,-11,8,5,3,-57
430727,"Lloar, el",4,4,0,0,2,-2,0,0,0,-2
251291,Llobera,8,2,6,2,0,2,0,0,0,8
430733,Llorac,5,13,-8,8,2,6,0,0,0,-2
430748,Llorenç del Penedès,137,118,19,15,4,11,6,16,-10,20
170950,Lloret de Mar,981,1289,-308,353,407,-54,1129,944,185,-177
170963,"Llosses, les",6,9,-3,0,1,-1,0,0,0,-4
081094,Lluçà,5,25,-20,0,1,-1,0,0,0,-21
171024,Maçanet de Cabrenys,25,27,-2,4,1,3,14,0,14,15
171030,Maçanet de la Selva,370,354,16,34,59,-25,30,19,11,2
170979,Madremanya,23,12,11,2,0,2,3,1,2,15
170985,Maià de Montcal,34,25,9,0,1,-1,3,1,2,10
251333,Maials,26,23,3,10,8,2,2,11,-9,-4
251305,Maldà,6,7,-1,0,0,0,0,0,0,-1
081108,Malgrat de Mar,804,801,3,110,149,-39,143,155,-12,-48
081115,Malla,8,13,-5,0,0,0,0,2,-2,-7
081120,Manlleu,528,551,-23,80,107,-27,143,155,-12,-62
081136,Manresa,2109,2281,-172,429,495,-66,543,729,-186,-424
430764,Marçà,27,34,-7,3,3,0,0,2,-2,-9
430751,Margalef,4,4,0,0,0,0,2,1,1,1
082423,Marganell,24,22,2,0,1,-1,2,2,0,1
081141,Martorell,933,996,-63,210,281,-71,304,297,7,-127
081154,Martorelles,202,220,-18,19,32,-13,16,62,-46,-77
430770,Mas de Barberans,15,14,1,1,1,0,5,3,2,3
171002,Masarac,18,14,4,1,1,0,2,0,2,6
430786,Masdenverge,66,66,0,9,0,9,11,7,4,13
081167,"Masies de Roda, les",21,29,-8,4,2,2,1,6,-5,-11
081173,"Masies de Voltregà, les",110,88,22,12,5,7,9,0,9,38
430799,Masllorenç,38,39,-1,0,1,-1,1,2,-1,-3
081189,"Masnou, el",865,831,34,123,123,0,139,157,-18,16
430803,"Masó, la",18,20,-2,0,0,0,0,1,-1,-3
430810,Maspujols,32,20,12,2,1,1,1,0,1,14
081192,Masquefa,411,400,11,51,50,1,31,29,2,14
430825,"Masroig, el",11,8,3,2,4,-2,3,2,1,2
251312,Massalcoreig,10,10,0,10,9,1,6,9,-3,-2
171019,Massanes,50,46,4,2,8,-6,2,3,-1,-3
251327,Massoteres,9,5,4,1,1,0,0,0,0,4
081206,Matadepera,426,291,135,17,32,-15,14,31,-17,103
081213,Mataró,3162,3078,84,839,923,-84,1099,1449,-350,-350
081228,Mediona,176,147,29,19,11,8,8,12,-4,33
251348,Menàrguens,27,27,0,7,6,1,9,5,4,5
170998,Meranges,10,5,5,0,0,0,0,0,0,5
171058,Mieres,17,14,3,0,0,0,4,0,4,7
430831,"Milà, el",6,6,0,0,1,-1,0,0,0,-1
251351,Miralcamp,40,59,-19,6,5,1,5,13,-8,-26
430846,Miravet,15,25,-10,3,5,-2,15,3,12,0
081385,Moià,249,216,33,26,39,-13,25,82,-57,-37
430859,"Molar, el",10,5,5,1,0,1,2,0,2,8
081234,Molins de Rei,722,765,-43,98,106,-8,165,151,14,-37
251370,Mollerussa,494,479,15,160,170,-10,129,65,64,69
171061,Mollet de Peralada,5,7,-2,0,0,0,1,0,1,-1
081249,Mollet del Vallès,1685,1660,25,319,325,-6,383,828,-445,-426
171077,Molló,23,16,7,1,4,-3,3,1,2,6
251364,"Molsosa, la",4,1,3,0,0,0,0,0,0,3
081287,Monistrol de Calders,24,32,-8,1,1,0,2,1,1,-7
081271,Monistrol de Montserrat,150,156,-6,19,32,-13,16,26,-10,-29
171096,Montagut i Oix,34,51,-17,0,1,-1,3,2,1,-17
430862,Montblanc,236,189,47,34,50,-16,30,64,-34,-3
430884,Montbrió del Camp,249,154,95,23,21,2,9,1,8,105
081252,Montcada i Reixac,1584,1306,278,174,233,-59,333,430,-97,122
081304,Montclar,12,6,6,0,0,0,0,0,0,6
251399,Montellà i Martinet,28,49,-21,1,0,1,4,3,1,-19
081311,Montesquiu,38,48,-10,6,4,2,2,1,1,-7
251403,Montferrer i Castellbò,43,56,-13,12,4,8,9,30,-21,-26
430897,Montferri,28,42,-14,4,7,-3,3,7,-4,-21
251386,Montgai,15,19,-4,2,0,2,0,0,0,-2
081265,Montgat,614,465,149,56,72,-16,50,50,0,133
081326,Montmajor,17,18,-1,0,2,-2,0,1,-1,-4
081332,Montmaneu,4,17,-13,0,1,-1,0,0,0,-14
430901,"Montmell, el",95,119,-24,14,18,-4,5,10,-5,-33
081350,Montmeló,320,295,25,49,55,-6,31,40,-9,10
251425,Montoliu de Lleida,14,14,0,3,4,-1,2,0,2,1
251410,Montoliu de Segarra,8,4,4,0,0,0,0,1,-1,3
251431,Montornès de Segarra,14,3,11,0,0,0,0,0,0,11
081363,Montornès del Vallès,563,602,-39,99,125,-26,128,163,-35,-100
430918,Mont-ral,13,10,3,1,1,0,1,0,1,4
171100,Mont-ras,59,79,-20,3,4,-1,3,15,-12,-33
430923,Mont-roig del Camp,656,671,-15,141,135,6,287,113,174,165
081379,Montseny,31,14,17,2,2,0,0,1,-1,16
430939,Móra d'Ebre,160,173,-13,38,50,-12,29,115,-86,-111
430944,Móra la Nova,83,102,-19,7,25,-18,36,19,17,-20
430957,"Morell, el",214,285,-71,33,19,14,20,17,3,-54
430960,"Morera de Montsant, la",9,11,-2,1,3,-2,0,1,-1,-5
081290,Muntanyola,30,37,-7,1,3,-2,2,2,0,-9
081398,Mura,12,31,-19,0,1,-1,0,0,0,-20
251459,Nalec,6,0,6,0,0,0,2,0,2,8
250254,Naut Aran,62,62,0,31,24,7,8,18,-10,-3
081402,Navarcles,226,197,29,30,36,-6,14,18,-4,19
081419,Navàs,197,179,18,33,36,-3,27,28,-1,14
171117,Navata,70,61,9,1,7,-6,15,30,-15,-12
251462,Navès,6,13,-7,0,0,0,2,0,2,-5
081424,"Nou de Berguedà, la",1,1,0,0,0,0,1,1,0,0
430976,"Nou de Gaià, la",32,32,0,7,2,5,3,1,2,7
430982,Nulles,29,33,-4,3,1,2,3,0,3,1
251484,Odèn,6,7,-1,0,1,-1,6,4,2,0
081430,Òdena,208,174,34,12,13,-1,9,12,-3,30
171122,Ogassa,12,9,3,0,0,0,0,0,0,3
081458,Olèrdola,188,172,16,6,19,-13,21,17,4,7
081461,Olesa de Bonesvalls,60,72,-12,13,17,-4,3,14,-11,-27
081477,Olesa de Montserrat,793,861,-68,142,169,-27,103,215,-112,-207
251497,Oliana,38,37,1,11,7,4,9,8,1,6
251500,Oliola,12,7,5,2,0,2,4,0,4,11
251517,Olius,39,24,15,1,1,0,1,0,1,16
081483,Olivella,238,246,-8,24,20,4,53,131,-78,-82
081496,Olost,31,30,1,4,1,3,3,6,-3,1
171143,Olot,909,846,63,161,196,-35,301,82,219,247
251522,"Oluges, les",5,3,2,0,2,-2,0,0,0,0
081445,Olvan,31,34,-3,0,6,-6,3,1,2,-7
251538,"Omellons, els",4,7,-3,1,0,1,1,0,1,-1
251543,"Omells de na Gaia, els",2,5,-3,0,0,0,0,0,0,-3
171156,Ordis,6,11,-5,0,3,-3,2,0,2,-6
251556,Organyà,33,34,-1,9,3,6,4,22,-18,-13
081509,Orís,11,23,-12,1,3,-2,0,0,0,-14
081516,Oristà,25,31,-6,0,0,0,6,0,6,0
081521,Orpí,2,8,-6,0,1,-1,1,0,1,-6
081537,Òrrius,25,21,4,2,4,-2,2,0,2,4
251569,Os de Balaguer,63,29,34,4,7,-3,4,2,2,33
171169,Osor,25,17,8,1,4,-3,4,0,4,9
251575,Ossó de Sió,4,3,1,0,2,-2,0,0,0,-1
081542,Pacs del Penedès,38,27,11,2,1,1,5,2,3,15
081555,Palafolls,423,412,11,32,45,-13,40,30,10,8
171175,Palafrugell,639,613,26,112,168,-56,227,194,33,3
171181,Palamós,722,588,134,88,157,-69,198,190,8,73
251581,"Palau d'Anglesola, el",52,55,-3,9,16,-7,15,22,-7,-17
171194,Palau de Santa Eulàlia,4,3,1,0,1,-1,0,0,0,0
171215,Palau-sator,26,18,8,4,0,4,3,0,3,15
171208,Palau-saverdera,68,76,-8,6,5,1,22,31,-9,-16
081568,Palau-solità i Plegamans,512,509,3,65,59,6,47,79,-32,-23
431009,"Pallaresos, els",145,111,34,13,17,-4,1,2,-1,29
081574,Pallejà,382,432,-50,56,63,-7,36,48,-12,-69
430995,"Palma d'Ebre, la",8,10,-2,1,0,1,2,6,-4,-5
089058,"Palma de Cervelló, la",122,137,-15,14,11,3,15,90,-75,-87
171236,Palol de Revardit,17,19,-2,0,1,-1,2,2,0,-3
171241,Pals,95,141,-46,5,14,-9,26,19,7,-48
081580,"Papiol, el",189,144,45,8,16,-8,17,28,-11,26
171254,Pardines,2,2,0,0,0,0,2,0,2,2
081593,Parets del Vallès,746,692,54,94,108,-14,68,100,-32,8
171267,Parlavà,33,11,22,0,2,-2,1,0,1,21
431016,Passanant i Belltall,6,12,-6,1,1,0,0,3,-3,-9
171289,Pau,16,28,-12,1,4,-3,7,2,5,-10
431021,Paüls,9,14,-5,3,2,1,0,4,-4,-8
171292,Pedret i Marzà,7,6,1,1,0,1,0,0,0,2
251641,Penelles,12,22,-10,3,2,1,3,3,0,-9
171306,"Pera, la",24,10,14,0,0,0,1,1,0,14
081607,Perafita,20,5,15,1,0,1,0,0,0,16
431037,Perafort,84,82,2,6,4,2,3,16,-13,-9
171328,Peralada,100,82,18,8,5,3,19,7,12,33
251654,Peramola,8,4,4,0,3,-3,0,0,0,1
431042,"Perelló, el",66,61,5,23,13,10,32,20,12,27
081614,Piera,750,663,87,75,90,-15,37,52,-15,57
431055,"Piles, les",12,10,2,0,2,-2,0,0,0,0
081635,Pineda de Mar,1088,1072,16,157,164,-7,245,207,38,47
431068,"Pinell de Brai, el",13,16,-3,1,4,-3,4,1,3,-3
251667,Pinell de Solsonès,4,3,1,0,1,-1,0,0,0,0
251673,Pinós,10,18,-8,0,1,-1,1,0,1,-8
431074,Pira,7,18,-11,7,3,4,0,1,-1,-8
431080,"Pla de Santa Maria, el",84,130,-46,18,12,6,11,8,3,-37
081640,"Pla del Penedès, el",88,64,24,0,5,-5,1,12,-11,8
171334,"Planes d'Hostoles, les",62,49,13,7,18,-11,7,6,1,3
171349,Planoles,11,10,1,1,5,-4,1,0,1,-2
259118,"Plans de Sió, els",18,15,3,6,4,2,0,0,0,5
251689,"Poal, el",11,12,-1,4,3,1,6,4,2,2
251692,"Pobla de Cérvoles, la",6,13,-7,0,2,-2,1,0,1,-8
081653,"Pobla de Claramunt, la",136,159,-23,5,11,-6,10,14,-4,-33
081666,"Pobla de Lillet, la",29,49,-20,0,2,-2,0,8,-8,-30
431093,"Pobla de Mafumet, la",360,139,221,33,44,-11,30,14,16,226
431107,"Pobla de Massaluca, la",10,5,5,1,0,1,1,0,1,7
431114,"Pobla de Montornès, la",155,151,4,24,28,-4,12,11,1,1
251713,"Pobla de Segur, la",67,105,-38,18,25,-7,14,23,-9,-54
431129,Poboleda,17,15,2,5,2,3,1,6,-5,0
081672,Polinyà,280,310,-30,40,54,-14,18,18,0,-44
431135,"Pont d'Armentera, el",27,32,-5,0,3,-3,4,1,3,-5
250306,"Pont de Bar, el",7,7,0,0,0,0,2,2,0,0
171352,Pont de Molins,24,22,2,0,2,-2,1,0,1,1
251734,"Pont de Suert, el",45,74,-29,30,44,-14,14,10,4,-39
081825,"Pont de Vilomara i Rocafort, el",176,165,11,8,29,-21,5,7,-2,-12
431418,Pontils,9,20,-11,0,0,0,1,0,1,-10
081688,Pontons,50,65,-15,3,8,-5,3,3,0,-20
171365,Pontós,8,14,-6,2,0,2,1,1,0,-4
251728,Ponts,105,75,30,12,27,-15,21,31,-10,5
171371,Porqueres,195,185,10,13,10,3,12,12,0,13
431140,Porrera,22,10,12,1,6,-5,1,2,-1,6
171404,"Port de la Selva, el",37,45,-8,6,4,2,11,16,-5,-11
171387,Portbou,22,50,-28,26,15,11,13,7,6,-11
251749,"Portella, la",25,31,-6,12,7,5,10,18,-8,-9
431153,Pradell de la Teixeta,0,4,-4,0,0,0,0,4,-4,-8
431166,Prades,42,29,13,2,3,-1,2,7,-5,7
431172,Prat de Comte,3,8,-5,1,1,0,0,0,0,-5
081691,"Prat de Llobregat, el",1597,1518,79,499,457,42,409,412,-3,118
431188,Pratdip,39,53,-14,4,7,-3,17,6,11,-6
081712,Prats de Lluçanès,75,51,24,10,5,5,4,8,-4,25
081705,"Prats de Rei, els",41,14,27,0,0,0,2,0,2,29
251752,Prats i Sansor,17,23,-6,0,0,0,3,3,0,-6
251765,Preixana,14,16,-2,2,0,2,0,1,-1,-1
251771,Preixens,16,21,-5,1,0,1,0,0,0,-4
082303,Premià de Dalt,504,503,1,44,58,-14,58,24,34,21
081727,Premià de Mar,1187,1193,-6,197,205,-8,234,239,-5,-19
171390,"Preses, les",94,68,26,5,3,2,8,4,4,32
251790,Prullans,8,29,-21,2,1,1,1,1,0,-20
171411,Puigcerdà,300,294,6,87,106,-19,73,125,-52,-65
081748,Puigdàlber,17,31,-14,2,2,0,3,0,3,-11
251804,Puiggròs,19,30,-11,2,0,2,0,2,-2,-11
431191,Puigpelat,68,38,30,9,0,9,3,0,3,42
081751,Puig-reig,183,165,18,18,17,1,19,38,-19,0
251811,Puigverd d'Agramunt,11,18,-7,1,0,1,0,0,0,-6
251826,Puigverd de Lleida,46,46,0,2,4,-2,6,0,6,4
081764,Pujalt,1,3,-2,0,0,0,1,5,-4,-6
081770,"Quar, la",5,5,0,0,0,0,0,0,0,0
171426,Quart,165,105,60,9,15,-6,15,4,11,65
170433,Queralbs,11,6,5,0,0,0,1,0,1,6
431205,Querol,55,60,-5,1,0,1,4,11,-7,-11
171432,Rabós,7,4,3,0,0,0,5,2,3,6
081786,Rajadell,27,33,-6,2,2,0,0,0,0,-6
431212,Rasquera,18,21,-3,4,1,3,5,0,5,5
171447,Regencós,15,11,4,1,0,1,0,6,-6,-1
081799,Rellinars,51,35,16,4,4,0,0,3,-3,13
431227,Renau,7,13,-6,3,2,1,0,0,0,-5
431233,Reus,2570,2609,-39,755,902,-147,674,1305,-631,-817
251832,Rialp,46,30,16,5,7,-2,6,15,-9,5
431248,"Riba, la",9,44,-35,0,1,-1,1,0,1,-35
431251,Riba-roja d'Ebre,27,28,-1,6,5,1,8,1,7,7
259059,Ribera d'Ondara,13,20,-7,1,3,-2,1,3,-2,-11
251850,Ribera d'Urgellet,43,67,-24,7,5,2,14,23,-9,-31
171450,Ribes de Freser,60,59,1,0,9,-9,5,2,3,-5
171463,Riells i Viabrea,228,258,-30,18,18,0,12,20,-8,-38
431264,"Riera de Gaià, la",58,88,-30,5,14,-9,2,25,-23,-62
251863,Riner,13,16,-3,0,0,0,0,2,-2,-5
171479,Ripoll,220,269,-49,53,60,-7,46,79,-33,-89
081803,Ripollet,1378,1462,-84,223,240,-17,343,523,-180,-281
259139,Riu de Cerdanya,12,13,-1,0,0,0,0,0,0,-1
171485,Riudarenes,109,125,-16,15,10,5,10,0,10,-1
171498,Riudaura,27,10,17,1,2,-1,1,1,0,16
431270,Riudecanyes,34,53,-19,4,8,-4,9,0,9,-14
431286,Riudecols,46,46,0,5,3,2,12,7,5,7
171501,Riudellots de la Selva,77,70,7,3,1,2,28,13,15,24
431299,Riudoms,211,236,-25,26,17,9,17,68,-51,-67
171518,Riumors,9,14,-5,1,3,-2,0,1,-1,-8
081810,"Roca del Vallès, la",468,488,-20,38,48,-10,38,40,-2,-32
431303,Rocafort de Queralt,9,11,-2,2,1,1,1,0,1,0
431310,Roda de Berà,474,352,122,54,55,-1,27,49,-22,99
081831,Roda de Ter,186,237,-51,23,33,-10,28,36,-8,-69
431325,Rodonyà,31,42,-11,0,1,-1,0,1,-1,-13
431331,Roquetes,282,311,-29,21,38,-17,69,89,-20,-66
171523,Roses,510,633,-123,172,217,-45,462,388,74,-94
251898,Rosselló,121,135,-14,23,22,1,10,13,-3,-16
431346,"Rourell, el",15,9,6,0,1,-1,1,4,-3,2
081846,Rubí,2326,2154,172,495,574,-79,461,761,-300,-207
081859,Rubió,9,24,-15,0,0,0,0,1,-1,-16
171539,Rupià,12,19,-7,0,3,-3,1,0,1,-9
089019,Rupit i Pruit,7,15,-8,1,0,1,3,6,-3,-10
081878,Sabadell,5673,4963,710,1305,1311,-6,1602,2652,-1050,-346
081884,Sagàs,11,8,3,0,0,0,2,0,2,5
251902,Salàs de Pallars,29,13,16,2,3,-1,1,0,1,16
081901,Saldes,5,13,-8,0,0,0,0,0,0,-8
171544,Sales de Llierca,0,4,-4,0,2,-2,1,1,0,-6
081918,Sallent,137,148,-11,20,35,-15,13,8,5,-21
431359,Salomó,11,16,-5,1,2,-1,1,1,0,-6
439057,Salou,1428,1450,-22,500,579,-79,836,698,138,37
171557,Salt,1346,1681,-335,202,238,-36,583,429,154,-217
251919,Sanaüja,11,16,-5,0,0,0,2,1,1,-4
081944,Sant Adrià de Besòs,2009,1689,320,285,279,6,458,283,175,501
081957,Sant Agustí de Lluçanès,0,3,-3,0,0,0,0,0,0,-3
081960,Sant Andreu de la Barca,888,960,-72,182,198,-16,204,197,7,-81
081976,Sant Andreu de Llavaneres,580,581,-1,46,52,-6,69,52,17,10
171576,Sant Andreu Salou,3,6,-3,0,0,0,0,0,0,-3
171833,Sant Aniol de Finestres,21,14,7,1,0,1,3,3,0,8
081982,Sant Antoni de Vilamajor,341,319,22,25,20,5,28,19,9,36
081995,Sant Bartomeu del Grau,32,54,-22,3,5,-2,2,2,0,-24
082009,Sant Boi de Llobregat,2485,2362,123,499,553,-54,501,721,-220,-151
082016,Sant Boi de Lluçanès,43,11,32,1,6,-5,1,3,-2,25
431362,Sant Carles de la Ràpita,459,350,109,164,212,-48,123,102,21,82
082037,Sant Cebrià de Vallalta,179,199,-20,7,12,-5,27,18,9,-16
082021,Sant Celoni,815,644,171,95,81,14,134,154,-20,165
082042,Sant Climent de Llobregat,131,129,2,17,24,-7,7,11,-4,-9
171582,Sant Climent Sescebes,52,43,9,25,21,4,4,5,-1,12
082055,Sant Cugat del Vallès,3169,2474,695,613,560,53,1045,1113,-68,680
082068,Sant Cugat Sesgarrigues,27,32,-5,4,8,-4,2,0,2,-7
251961,Sant Esteve de la Sarga,4,12,-8,0,0,0,2,1,1,-7
082074,Sant Esteve de Palautordera,98,100,-2,6,7,-1,13,20,-7,-10
082080,Sant Esteve Sesrovires,337,288,49,48,77,-29,32,25,7,27
171595,Sant Feliu de Buixalleu,38,36,2,2,5,-3,1,1,0,-1
082107,Sant Feliu de Codines,281,268,13,20,35,-15,24,103,-79,-81
171609,Sant Feliu de Guíxols,629,674,-45,155,164,-9,352,435,-83,-137
082114,Sant Feliu de Llobregat,1315,1057,258,239,280,-41,231,362,-131,86
171616,Sant Feliu de Pallerols,50,54,-4,6,8,-2,7,7,0,-6
082129,Sant Feliu Sasserra,12,28,-16,2,1,1,2,0,2,-13
171621,Sant Ferriol,21,11,10,3,3,0,4,4,0,10
082093,Sant Fost de Campsentelles,457,338,119,33,29,4,23,17,6,129
082135,Sant Fruitós de Bages,325,320,5,33,25,8,32,15,17,30
171637,Sant Gregori,233,131,102,10,3,7,11,12,-1,108
251924,Sant Guim de Freixenet,30,27,3,4,10,-6,11,4,7,4
251977,Sant Guim de la Plana,3,9,-6,4,1,3,1,0,1,-2
171642,Sant Hilari Sacalm,96,118,-22,13,18,-5,35,34,1,-26
082153,Sant Hipòlit de Voltregà,121,159,-38,10,6,4,13,25,-12,-46
081939,Sant Iscle de Vallalta,82,78,4,1,10,-9,3,4,-1,-6
439023,Sant Jaume d'Enveja,128,103,25,11,15,-4,12,6,6,27
082166,Sant Jaume de Frontanyà,0,2,-2,0,1,-1,0,0,0,-3
171655,Sant Jaume de Llierca,71,36,35,1,4,-3,14,2,12,44
431378,Sant Jaume dels Domenys,157,101,56,14,7,7,8,18,-10,53
171674,Sant Joan de les Abadesses,68,84,-16,5,11,-6,9,4,5,-17
171680,Sant Joan de Mollet,27,19,8,1,0,1,1,4,-3,6
082188,Sant Joan de Vilatorrada,325,322,3,46,54,-8,47,53,-6,-11
082172,Sant Joan Despí,1138,1110,28,196,172,24,174,247,-73,-21
171851,Sant Joan les Fonts,102,113,-11,13,4,9,15,3,12,10
171668,Sant Jordi Desvalls,34,37,-3,0,1,-1,5,1,4,0
089030,Sant Julià de Cerdanyola,5,13,-8,1,3,-2,0,0,0,-10
171693,Sant Julià de Ramis,198,198,0,8,14,-6,18,26,-8,-14
082205,Sant Julià de Vilatorta,145,119,26,4,0,4,13,2,11,41
179032,Sant Julià del Llor i Bonmatí,67,48,19,4,1,3,7,12,-5,17
082212,Sant Just Desvern,838,520,318,109,95,14,177,107,70,402
082227,Sant Llorenç d'Hortons,148,127,21,9,12,-3,8,23,-15,3
171714,Sant Llorenç de la Muga,7,7,0,1,2,-1,3,0,3,2
251930,Sant Llorenç de Morunys,30,45,-15,0,5,-5,10,18,-8,-28
082233,Sant Llorenç Savall,105,110,-5,10,11,-1,4,1,3,-3
082251,Sant Martí d'Albars,2,3,-1,0,0,0,0,0,0,-1
082248,Sant Martí de Centelles,102,95,7,11,8,3,3,9,-6,4
171729,Sant Martí de Llémena,61,44,17,2,0,2,2,1,1,20
259025,Sant Martí de Riucorb,30,18,12,0,4,-4,2,3,-1,7
082264,Sant Martí de Tous,37,32,5,2,3,-1,4,2,2,6
082270,Sant Martí Sarroca,105,124,-19,10,18,-8,15,24,-9,-36
082286,Sant Martí Sesgueioles,15,6,9,2,1,1,2,0,2,12
171735,Sant Martí Vell,3,25,-22,4,2,2,0,0,0,-20
082299,Sant Mateu de Bages,22,19,3,0,0,0,2,0,2,5
171740,Sant Miquel de Campmajor,1,13,-12,2,0,2,0,0,0,-10
171753,Sant Miquel de Fluvià,42,35,7,6,6,0,10,1,9,16
171766,Sant Mori,6,8,-2,0,1,-1,1,0,1,-2
171772,Sant Pau de Segúries,46,29,17,0,2,-2,0,1,-1,14
082310,Sant Pere de Ribes,1312,1273,39,233,234,-1,243,315,-72,-34
082325,Sant Pere de Riudebitlles,65,98,-33,10,5,5,6,5,1,-27
082331,Sant Pere de Torelló,68,106,-38,5,3,2,12,5,7,-29
082346,Sant Pere de Vilamajor,223,195,28,12,10,2,11,35,-24,6
171788,Sant Pere Pescador,83,96,-13,12,7,5,46,41,5,-3
081897,Sant Pere Sallavinera,6,4,2,0,0,0,2,0,2,4
082359,Sant Pol de Mar,206,238,-32,27,24,3,58,18,40,11
082362,Sant Quintí de Mediona,88,85,3,5,9,-4,35,26,9,8
082378,Sant Quirze de Besora,54,64,-10,2,10,-8,15,5,10,-8
082384,Sant Quirze del Vallès,749,626,123,64,48,16,74,97,-23,116
082397,Sant Quirze Safaja,57,61,-4,0,2,-2,4,0,4,-2
251945,Sant Ramon,6,19,-13,3,3,0,4,0,4,-9
082401,Sant Sadurní d'Anoia,447,356,91,53,47,6,73,122,-49,48
082418,Sant Sadurní d'Osormort,5,11,-6,2,0,2,0,0,0,-4
080983,Sant Salvador de Guardiola,130,157,-27,12,23,-11,27,2,25,-13
082628,Sant Vicenç de Castellet,489,445,44,46,60,-14,51,110,-59,-29
082649,Sant Vicenç de Montalt,445,353,92,28,37,-9,49,35,14,97
082652,Sant Vicenç de Torelló,58,70,-12,1,2,-1,8,0,8,-5
082634,Sant Vicenç dels Horts,1022,956,66,153,178,-25,140,121,19,60
431384,Santa Bàrbara,168,134,34,33,19,14,22,88,-66,-18
082439,Santa Cecília de Voltregà,3,2,1,0,0,0,0,0,0,1
082444,Santa Coloma de Cervelló,327,259,68,23,45,-22,35,35,0,46
171805,Santa Coloma de Farners,451,392,59,65,83,-18,125,114,11,52
082457,Santa Coloma de Gramenet,4988,5732,-744,878,1172,-294,2539,2202,337,-701
431397,Santa Coloma de Queralt,63,104,-41,13,9,4,7,34,-27,-64
171812,Santa Cristina d'Aro,226,229,-3,24,21,3,60,51,9,9
082460,Santa Eugènia de Berga,89,109,-20,15,5,10,29,47,-18,-28
082476,Santa Eulàlia de Riuprimer,62,44,18,0,0,0,7,0,7,25
082482,Santa Eulàlia de Ronçana,260,242,18,21,21,0,20,44,-24,-6
082495,Santa Fe del Penedès,6,13,-7,0,0,0,1,0,1,-6
171827,Santa Llogaia d'Àlguema,21,21,0,1,0,1,0,1,-1,0
082508,Santa Margarida de Montbui,388,391,-3,40,47,-7,35,50,-15,-25
082515,Santa Margarida i els Monjos,384,289,95,39,39,0,73,63,10,105
082589,Santa Maria d'Oló,27,27,0,4,1,3,6,0,6,9
082536,Santa Maria de Besora,14,5,9,0,0,0,0,1,-1,8
082567,Santa Maria de Martorelles,41,47,-6,1,1,0,2,0,2,-4
082554,Santa Maria de Merlès,8,3,5,0,2,-2,0,1,-1,2
082573,Santa Maria de Miralles,6,6,0,0,0,0,0,0,0,0
082592,Santa Maria de Palautordera,414,368,46,24,37,-13,49,37,12,45
431401,Santa Oliva,213,203,10,20,21,-1,20,35,-15,-6
171848,Santa Pau,51,50,1,3,5,-2,0,9,-9,-10
082606,Santa Perpètua de Mogoda,845,907,-62,128,160,-32,159,342,-183,-277
082613,Santa Susanna,162,194,-32,30,24,6,45,41,4,-22
081923,Santpedor,310,189,121,29,19,10,13,34,-21,110
431423,Sarral,50,46,4,8,13,-5,10,27,-17,-18
171864,Sarrià de Ter,310,219,91,26,27,-1,25,34,-9,81
252017,Sarroca de Bellera,2,4,-2,1,0,1,0,0,0,-1
252000,Sarroca de Lleida,10,13,-3,0,0,0,3,0,3,0
171870,"Saus, Camallera i Llampaies",54,31,23,0,5,-5,8,0,8,26
431439,Savallà del Comtat,3,6,-3,0,0,0,0,0,0,-3
431444,"Secuita, la",85,59,26,5,13,-8,5,6,-1,17
171886,"Selva de Mar, la",1,10,-9,3,3,0,1,0,1,-8
431457,"Selva del Camp, la",163,145,18,20,26,-6,17,36,-19,-7
431460,Senan,1,6,-5,0,0,0,0,0,0,-5
430445,"Sénia, la",48,73,-25,106,91,15,32,112,-80,-90
252022,Senterada,13,8,5,3,0,3,0,0,0,8
250352,"Sentiu de Sió, la",17,15,2,1,1,0,1,0,1,3
082671,Sentmenat,376,279,97,50,40,10,23,32,-9,98
171903,Serinyà,46,71,-25,5,4,1,4,3,1,-23
252043,Seròs,23,27,-4,32,39,-7,38,24,14,3
171910,Serra de Daró,8,10,-2,0,0,0,2,1,1,-1
171925,Setcases,9,8,1,0,1,-1,5,1,4,4
252038,"Seu d'Urgell, la",354,298,56,152,148,4,132,209,-77,-17
082690,Seva,163,127,36,21,15,6,7,7,0,42
252056,Sidamon,14,22,-8,5,2,3,0,1,-1,-6
171931,Sils,325,333,-8,38,48,-10,34,60,-26,-44
082704,Sitges,1330,1191,139,237,270,-33,445,522,-77,29
170524,Siurana,11,10,1,0,0,0,1,0,1,2
082711,Sobremunt,4,5,-1,0,0,0,0,0,0,-1
252069,"Soleràs, el",13,12,1,2,0,2,3,6,-3,0
431476,Solivella,15,21,-6,0,0,0,1,1,0,-6
252075,Solsona,217,184,33,18,62,-44,60,60,0,-11
082726,Sora,6,12,-6,0,0,0,0,3,-3,-9
252081,Soriguera,23,13,10,2,3,-1,0,0,0,9
252094,Sort,63,100,-37,22,28,-6,23,13,10,-33
252108,Soses,20,49,-29,14,9,5,19,15,4,-20
082732,Subirats,99,124,-25,6,8,-2,7,10,-3,-30
252115,Sudanell,21,32,-11,5,2,3,2,0,2,-6
252120,Sunyer,11,9,2,2,0,2,4,3,1,5
082747,Súria,122,111,11,26,28,-2,25,83,-58,-49
171946,Susqueda,4,7,-3,0,0,0,1,1,0,-3
082763,Tagamanent,20,28,-8,3,2,1,4,2,2,-5
082779,Talamanca,8,15,-7,0,0,0,1,1,0,-7
252154,Talarn,31,34,-3,46,168,-122,1,0,1,-124
252167,Talavera,5,5,0,0,1,-1,0,0,0,-1
171959,"Tallada d'Empordà, la",34,20,14,0,7,-7,3,11,-8,-1
082785,Taradell,194,167,27,17,12,5,24,47,-23,9
431482,Tarragona,3317,3774,-457,1258,1487,-229,1362,712,650,-36
252173,Tàrrega,494,506,-12,130,112,18,144,125,19,25
252189,Tarrés,3,3,0,0,0,0,0,0,0,0
252192,Tarroja de Segarra,3,7,-4,1,0,1,0,0,0,-3
082750,Tavèrnoles,12,10,2,1,1,0,1,0,1,3
082802,Tavertet,4,13,-9,1,0,1,1,2,-1,-9
082819,Teià,258,240,18,21,12,9,10,39,-29,-2
252206,Térmens,38,56,-18,6,8,-2,14,19,-5,-25
171962,Terrades,21,17,4,0,1,-1,2,0,2,5
082798,Terrassa,5535,5219,316,1372,1399,-27,1553,2747,-1194,-905
082824,Tiana,344,299,45,35,34,1,27,40,-13,33
252213,Tírvia,9,5,4,0,0,0,0,0,0,4
252228,Tiurana,4,6,-2,0,0,0,0,0,0,-2
431495,Tivenys,22,18,4,0,3,-3,8,2,6,7
431508,Tivissa,40,38,2,8,5,3,16,22,-6,-1
082830,Tona,257,279,-22,36,30,6,44,56,-12,-28
252234,Torà,31,53,-22,5,8,-3,4,9,-5,-30
082845,Tordera,1004,862,142,117,107,10,93,123,-30,122
082858,Torelló,411,305,106,48,46,2,58,152,-94,14
252249,"Torms, els",0,7,-7,0,0,0,0,0,0,-7
252252,Tornabous,37,25,12,3,2,1,5,4,1,14
252271,"Torre de Cabdella, la",28,26,2,2,3,-1,6,1,5,6
082861,"Torre de Claramunt, la",191,194,-3,17,28,-11,5,19,-14,-28
431515,"Torre de Fontaubella, la",5,7,-2,0,0,0,0,1,-1,-3
431520,"Torre de l'Espanyol, la",24,21,3,8,4,4,6,4,2,9
252265,Torrebesses,10,7,3,0,1,-1,0,0,0,2
431536,Torredembarra,859,652,207,155,130,25,134,286,-152,80
252287,Torrefarrera,207,178,29,36,41,-5,39,19,20,44
259078,Torrefeta i Florejacs,18,25,-7,2,0,2,3,0,3,-2
252304,Torregrossa,74,63,11,9,11,-2,14,27,-13,-4
252311,Torrelameu,19,20,-1,7,3,4,13,2,11,14
082877,Torrelavit,67,57,10,2,6,-4,9,27,-18,-12
082883,Torrelles de Foix,138,188,-50,14,22,-8,21,2,19,-39
082896,Torrelles de Llobregat,268,244,24,37,41,-4,20,29,-9,11
171978,Torrent,3,12,-9,1,1,0,1,0,1,-8
252326,Torres de Segre,61,46,15,25,9,16,86,30,56,87
252332,Torre-serona,35,19,16,8,1,7,0,2,-2,21
171984,Torroella de Fluvià,41,28,13,0,0,0,6,0,6,19
171997,Torroella de Montgrí,354,362,-8,60,73,-13,212,224,-12,-33
431541,Torroja del Priorat,8,13,-5,0,2,-2,1,0,1,-6
172001,Tortellà,17,38,-21,0,2,-2,7,1,6,-17
431554,Tortosa,703,817,-114,244,293,-49,411,980,-569,-732
172018,Toses,1,7,-6,1,1,0,1,0,1,-5
172023,Tossa de Mar,144,202,-58,39,41,-2,70,21,49,-11
252347,Tremp,203,180,23,89,321,-232,32,18,14,-195
172044,Ullà,94,95,-1,6,13,-7,42,20,22,14
082900,Ullastrell,94,57,37,6,3,3,2,0,2,42
172057,Ullastret,16,11,5,0,2,-2,0,0,0,3
431567,Ulldecona,129,151,-22,90,155,-65,74,89,-15,-102
431573,Ulldemolins,15,17,-2,7,2,5,1,1,0,3
172039,Ultramort,14,12,2,4,2,2,0,0,0,4
172060,Urús,5,21,-16,1,0,1,0,3,-3,-18
082917,Vacarisses,318,339,-21,39,35,4,27,34,-7,-24
170144,"Vajol, la",9,8,1,0,0,0,0,1,-1,0
172076,"Vall d'en Bas, la",114,88,26,6,2,4,4,3,1,31
172082,"Vall de Bianya, la",56,75,-19,2,3,-1,1,2,-1,-21
250432,"Vall de Boí, la",22,36,-14,16,26,-10,4,15,-11,-35
259010,Vall de Cardós,11,13,-2,0,1,-1,3,4,-1,-4
082922,Vallbona d'Anoia,42,40,2,6,4,2,6,2,4,8
252385,Vallbona de les Monges,20,9,11,0,0,0,1,0,1,12
082938,Vallcebre,7,17,-10,0,0,0,0,0,0,-10
431589,Vallclara,3,12,-9,0,0,0,0,0,0,-9
252402,Vallfogona de Balaguer,75,56,19,8,10,-2,4,10,-6,11
171707,Vallfogona de Ripollès,12,6,6,0,0,0,0,0,0,6
431592,Vallfogona de Riucorb,3,2,1,0,2,-2,1,1,0,-1
082943,Vallgorguina,168,120,48,9,4,5,22,9,13,66
082956,Vallirana,626,558,68,67,90,-23,73,59,14,59
172095,Vall-llobrega,47,36,11,1,1,0,2,9,-7,4
431606,Vallmoll,65,71,-6,14,5,9,3,12,-9,-6
082969,Vallromanes,154,93,61,7,15,-8,10,8,2,55
431613,Valls,658,693,-35,124,156,-32,167,170,-3,-70
259062,"Valls d'Aguilar, les",28,8,20,1,1,0,2,1,1,21
252398,"Valls de Valira, les",47,42,5,6,4,2,25,7,18,25
431628,Vandellòs i l'Hospitalet de l'Infant,285,239,46,63,52,11,68,107,-39,18
259097,"Vansa i Fórnols, la",9,10,-1,4,0,4,1,0,1,4
082975,Veciana,12,3,9,1,0,1,0,0,0,10
431634,"Vendrell, el",1760,1750,10,323,365,-42,197,178,19,-13
172109,Ventalló,60,41,19,3,6,-3,8,4,4,20
252424,Verdú,42,34,8,1,8,-7,0,2,-2,-1
172116,Verges,47,39,8,3,3,0,11,2,9,17
431649,Vespella de Gaià,30,24,6,7,2,5,0,0,0,11
082981,Vic,1465,1219,246,340,280,60,686,584,102,408
172121,Vidrà,6,1,5,1,0,1,0,0,0,6
172137,Vidreres,413,385,28,43,49,-6,44,19,25,47
252430,Vielha e Mijaran,215,197,18,165,154,11,64,109,-45,-16
431652,Vilabella,18,24,-6,0,5,-5,0,8,-8,-19
172142,Vilabertran,33,30,3,1,4,-3,7,5,2,2
172155,Vilablareix,119,73,46,4,5,-1,7,2,5,50
082994,Vilada,6,22,-16,0,1,-1,0,0,0,-17
172174,Viladamat,33,25,8,0,1,-1,0,0,0,7
172168,Viladasens,13,3,10,0,2,-2,3,1,2,10
083015,Viladecans,2107,1962,145,383,374,9,347,524,-177,-23
083008,Viladecavalls,307,312,-5,14,41,-27,19,18,1,-31
172180,Vilademuls,52,28,24,4,1,3,7,6,1,28
172207,Viladrau,30,49,-19,4,4,0,0,11,-11,-30
172214,Vilafant,289,269,20,14,17,-3,24,6,18,35
083054,Vilafranca del Penedès,1431,1104,327,235,220,15,280,828,-548,-206
252445,Vilagrassa,53,32,21,0,1,-1,2,1,1,21
172235,Vilajuïga,88,54,34,8,2,6,11,4,7,47
431750,Vilalba dels Arcs,3,7,-4,2,0,2,0,0,0,-2
083067,Vilalba Sasserra,46,72,-26,2,4,-2,5,1,4,-24
252458,Vilaller,10,22,-12,11,6,5,1,26,-25,-32
172240,Vilallonga de Ter,19,28,-9,0,3,-3,1,0,1,-11
431665,Vilallonga del Camp,176,155,21,14,27,-13,8,7,1,9
172253,Vilamacolum,18,13,5,5,0,5,3,2,1,11
172266,Vilamalla,64,70,-6,1,1,0,4,3,1,-5
172272,Vilamaniscle,12,7,5,3,0,3,0,1,-1,7
252477,Vilamòs,18,17,1,1,1,0,0,2,-2,-1
172288,Vilanant,34,25,9,2,0,2,1,3,-2,9
431671,Vilanova d'Escornalbou,19,21,-2,0,1,-1,5,7,-2,-5
252483,Vilanova de Bellpuig,24,38,-14,1,5,-4,0,2,-2,-20
252496,Vilanova de l'Aguda,4,9,-5,0,0,0,1,1,0,-5
252542,Vilanova de la Barca,38,59,-21,1,5,-4,19,6,13,-12
252509,Vilanova de Meià,13,10,3,0,1,-1,0,3,-3,-1
431687,Vilanova de Prades,10,5,5,0,1,-1,0,2,-2,2
083036,Vilanova de Sau,10,4,6,0,1,-1,0,2,-2,3
252516,Vilanova de Segrià,76,60,16,6,6,0,8,16,-8,8
083020,Vilanova del Camí,447,465,-18,62,61,1,23,98,-75,-92
089024,Vilanova del Vallès,236,184,52,36,26,10,16,20,-4,58
083073,Vilanova i la Geltrú,2028,1895,133,428,439,-11,424,742,-318,-196
431690,Vilaplana,13,15,-2,4,0,4,1,1,0,2
431704,Vila-rodona,49,60,-11,2,7,-5,5,4,1,-15
172305,Vila-sacra,43,49,-6,6,12,-6,2,6,-4,-16
252521,Vila-sana,27,19,8,1,1,0,4,2,2,10
431711,Vila-seca,1046,977,69,248,293,-45,230,165,65,89
082140,Vilassar de Dalt,371,323,48,28,35,-7,29,44,-15,26
082191,Vilassar de Mar,893,735,158,116,114,2,89,126,-37,123
172229,Vilaür,12,4,8,1,2,-1,0,0,0,7
431726,Vilaverd,46,27,19,2,1,1,0,3,-3,17
431732,"Vilella Alta, la",2,9,-7,0,0,0,0,0,0,-7
431747,"Vilella Baixa, la",8,10,-2,0,0,0,0,5,-5,-7
172333,Vilobí d'Onyar,133,109,24,24,17,7,23,27,-4,27
083041,Vilobí del Penedès,32,36,-4,3,0,3,7,12,-5,-6
172327,Vilopriu,14,27,-13,1,0,1,0,0,0,-12
252537,"Vilosell, el",11,8,3,0,1,-1,0,0,0,2
431763,Vimbodí i Poblet,13,31,-18,0,2,-2,0,6,-6,-26
252555,Vinaixa,9,18,-9,0,0,0,3,0,3,-6
431779,Vinebre,28,36,-8,7,5,2,2,10,-8,-14
431785,Vinyols i els Arcs,123,130,-7,16,7,9,6,2,4,6
083089,Viver i Serrateix,3,6,-3,0,0,0,0,0,0,-3
430521,Xerta,23,26,-3,4,7,-3,5,6,-1,-7

