Codi,Literal,Migracions internes  amb la resta de Catalunya  immigracions,Migracions internes  amb la resta de Catalunya  emigracions,Migracions internes  amb la resta de Catalunya  saldo migratori,Migracions internes  amb la resta d'Espanya  immigracions,Migracions internes  amb la resta d'Espanya  emigracions,Migracions internes  amb la resta d'Espanya  saldo migratori,Migracions externes  immigracions,Migracions externes  emigracions,Migracions externes  saldo migratori,Saldo migratori total
250019,Abella de la Conca,6,7,-1,0,0,0,1,2,-1,-2
080018,Abrera,456,451,5,61,79,-18,57,140,-83,-96
250024,Àger,28,10,18,4,1,3,11,13,-2,19
250030,Agramunt,140,130,10,35,41,-6,85,104,-19,-15
080023,Aguilar de Segarra,7,7,0,0,0,0,0,3,-3,-3
170010,Agullana,58,40,18,5,14,-9,19,1,18,27
080142,Aiguafreda,145,118,27,18,16,2,11,2,9,38
430017,Aiguamúrcia,46,53,-7,9,4,5,9,2,7,5
170025,Aiguaviva,42,28,14,0,1,-1,2,0,2,15
250387,Aitona,56,62,-6,32,32,0,96,52,44,38
250045,"Alamús, els",12,15,-3,8,1,7,5,8,-3,1
250058,Alàs i Cerc,15,15,0,3,0,3,2,2,0,3
250061,"Albagés, l'",13,23,-10,0,0,0,0,0,0,-10
170031,Albanyà,7,11,-4,2,0,2,0,0,0,-2
250077,Albatàrrec,117,85,32,23,31,-8,90,22,68,92
250083,Albesa,38,29,9,12,4,8,34,3,31,48
250096,"Albi, l'",30,19,11,0,1,-1,4,3,1,11
430022,Albinyana,160,120,40,10,15,-5,6,3,3,38
430038,"Albiol, l'",22,12,10,0,1,-1,1,0,1,10
170046,Albons,50,19,31,1,1,0,7,0,7,38
430043,Alcanar,202,250,-48,147,190,-43,135,39,96,5
250100,Alcanó,4,6,-2,0,0,0,0,0,0,-2
250117,Alcarràs,382,285,97,85,70,15,192,117,75,187
250122,Alcoletge,144,102,42,41,21,20,73,12,61,123
430056,Alcover,173,148,25,34,32,2,39,27,12,39
439044,"Aldea, l'",175,112,63,19,27,-8,101,30,71,126
430069,Aldover,15,32,-17,5,7,-2,9,2,7,-12
430075,"Aleixar, l'",23,18,5,1,2,-1,5,0,5,9
080039,Alella,486,365,121,31,41,-10,91,45,46,157
430081,Alfara de Carles,4,7,-3,5,0,5,2,3,-1,1
250138,Alfarràs,61,72,-11,53,37,16,22,27,-5,0
250143,Alfés,26,6,20,2,6,-4,6,0,6,22
430094,Alforja,140,63,77,12,6,6,23,26,-3,80
250156,Algerri,4,16,-12,0,3,-3,4,0,4,-11
250169,Alguaire,82,100,-18,19,20,-1,51,48,3,-16
250175,Alins,10,3,7,2,0,2,4,0,4,13
430108,Alió,8,10,-2,0,0,0,3,1,2,0
250194,Almacelles,151,136,15,100,79,21,85,48,37,73
250208,Almatret,19,15,4,5,1,4,3,1,2,10
250215,Almenar,87,102,-15,29,37,-8,43,43,0,-23
430115,Almoster,56,42,14,3,2,1,11,2,9,24
250220,Alòs de Balaguer,4,4,0,0,0,0,0,0,0,0
170062,Alp,111,97,14,10,23,-13,15,27,-12,-11
080044,Alpens,7,19,-12,2,0,2,3,0,3,-7
250236,Alpicat,216,174,42,13,42,-29,31,35,-4,9
250241,Alt Àneu,20,7,13,3,2,1,1,1,0,14
430120,Altafulla,242,217,25,21,25,-4,33,41,-8,13
170078,Amer,74,80,-6,6,12,-6,20,10,10,-2
430136,"Ametlla de Mar, l'",204,174,30,61,55,6,139,158,-19,17
080057,"Ametlla del Vallès, l'",458,319,139,35,37,-2,58,37,21,158
439060,"Ampolla, l'",169,121,48,38,23,15,63,40,23,86
430141,Amposta,575,510,65,166,208,-42,332,244,88,111
170084,Anglès,152,210,-58,17,27,-10,94,46,48,-20
250273,Anglesola,35,36,-1,1,3,-2,12,3,9,6
250292,Arbeca,49,63,-14,10,4,6,27,3,24,16
430167,"Arboç, l'",263,238,25,35,33,2,71,89,-18,9
430154,Arbolí,3,3,0,0,0,0,0,0,0,0
170097,Arbúcies,170,183,-13,19,46,-27,129,34,95,55
080060,Arenys de Mar,718,642,76,95,111,-16,116,108,8,68
080076,Arenys de Munt,361,286,75,37,27,10,42,17,25,110
170101,Argelaguer,16,29,-13,0,7,-7,1,0,1,-19
080082,Argençola,12,11,1,2,3,-1,3,0,3,3
430173,"Argentera, l'",6,4,2,1,0,1,0,0,0,3
080095,Argentona,446,397,49,29,38,-9,33,35,-2,38
170118,"Armentera, l'",39,32,7,4,7,-3,16,3,13,17
430189,Arnes,28,10,18,5,4,1,2,1,1,20
250313,Arres,2,9,-7,0,0,0,0,0,0,-7
250328,Arsèguel,13,0,13,0,0,0,0,0,0,13
080109,Artés,231,184,47,27,23,4,50,43,7,58
250334,Artesa de Lleida,58,43,15,6,5,1,4,12,-8,8
250349,Artesa de Segre,87,83,4,22,20,2,54,34,20,26
430192,Ascó,63,44,19,14,6,8,11,0,11,38
250365,Aspa,5,12,-7,0,0,0,0,0,0,-7
250371,"Avellanes i Santa Linya, les",20,15,5,1,2,-1,2,7,-5,-1
080116,Avià,98,78,20,0,3,-3,7,13,-6,11
080121,Avinyó,106,63,43,15,10,5,11,1,10,58
170123,Avinyonet de Puigventós,85,49,36,1,6,-5,6,5,1,32
080137,Avinyonet del Penedès,91,68,23,4,14,-10,9,17,-8,5
080155,Badalona,8197,8807,-610,1734,1703,31,4926,5823,-897,-1476
089045,Badia del Vallès,420,484,-64,87,80,7,60,83,-23,-80
080168,Bagà,101,102,-1,11,8,3,13,0,13,15
250390,Baix Pallars,12,20,-8,1,4,-3,4,0,4,-7
250404,Balaguer,451,480,-29,133,149,-16,297,296,1,-44
080174,Balenyà,151,172,-21,20,16,4,17,34,-17,-34
080180,Balsareny,110,115,-5,18,11,7,14,8,6,8
430206,Banyeres del Penedès,143,150,-7,14,23,-9,12,14,-2,-18
170157,Banyoles,633,526,107,97,91,6,354,124,230,343
250411,Barbens,32,35,-3,5,6,-1,17,2,15,11
430213,Barberà de la Conca,20,15,5,3,1,2,5,8,-3,4
082520,Barberà del Vallès,1443,1199,244,220,181,39,286,176,110,393
080193,Barcelona,36485,43798,-7313,16681,14875,1806,44611,48418,-3807,-9314
250426,"Baronia de Rialb, la",4,24,-20,0,0,0,0,0,0,-20
170160,Bàscara,45,37,8,1,4,-3,8,8,0,5
250447,Bassella,11,3,8,0,0,0,1,1,0,8
430228,Batea,26,19,7,4,10,-6,16,5,11,12
250450,Bausen,0,1,-1,0,1,-1,0,0,0,-2
080207,Begues,261,201,60,24,23,1,38,54,-16,45
170139,Begur,148,204,-56,29,27,2,42,37,5,-49
250463,Belianes,14,10,4,0,2,-2,1,2,-1,1
251706,Bellaguarda,6,8,-2,1,0,1,0,0,0,-1
170182,Bellcaire d'Empordà,32,23,9,6,4,2,1,9,-8,3
250479,Bellcaire d'Urgell,52,32,20,4,6,-2,18,2,16,34
250485,Bell-lloc d'Urgell,74,60,14,7,9,-2,21,25,-4,8
250498,Bellmunt d'Urgell,1,7,-6,0,0,0,0,0,0,-6
430234,Bellmunt del Priorat,12,15,-3,0,0,0,3,0,3,0
080214,Bellprat,9,3,6,0,1,-1,0,1,-1,4
250501,Bellpuig,154,180,-26,32,46,-14,98,24,74,34
430249,Bellvei,182,114,68,17,4,13,19,14,5,86
250518,Bellver de Cerdanya,136,102,34,14,14,0,16,14,2,36
250523,Bellvís,38,47,-9,21,24,-3,94,35,59,47
250539,Benavent de Segrià,73,51,22,10,10,0,9,11,-2,20
430252,Benifallet,6,10,-4,3,1,2,2,0,2,0
430265,Benissanet,26,24,2,9,8,1,30,7,23,26
080229,Berga,560,497,63,89,80,9,167,265,-98,-26
170195,Besalú,81,71,10,8,6,2,20,26,-6,6
170209,Bescanó,217,119,98,14,12,2,11,14,-3,97
170216,Beuda,16,10,6,1,0,1,1,8,-7,0
080235,Bigues i Riells del Fai,454,325,129,31,38,-7,23,14,9,131
250557,Biosca,7,15,-8,0,0,0,0,0,0,-8
170221,"Bisbal d'Empordà, la",385,356,29,40,56,-16,150,86,64,77
430271,"Bisbal de Falset, la",10,10,0,0,3,-3,0,0,0,-3
430287,"Bisbal del Penedès, la",160,197,-37,23,27,-4,9,0,9,-32
172348,Biure,2,6,-4,0,0,0,3,0,3,-1
430290,Blancafort,16,19,-3,3,0,3,2,4,-2,-2
170237,Blanes,1390,1459,-69,311,368,-57,539,526,13,-113
170293,Boadella i les Escaules,22,6,16,1,0,1,1,3,-2,15
170242,Bolvir,28,20,8,3,1,2,5,1,4,14
430304,Bonastre,44,52,-8,1,7,-6,9,10,-1,-15
250576,"Bòrdes, Es",21,23,-2,6,0,6,3,0,3,7
170255,Bordils,74,70,4,5,5,0,31,42,-11,-7
250582,"Borges Blanques, les",186,190,-4,24,37,-13,42,29,13,-4
430311,"Borges del Camp, les",84,80,4,8,12,-4,25,1,24,24
170268,Borrassà,32,22,10,1,6,-5,7,6,1,6
080240,Borredà,35,40,-5,2,3,-1,4,0,4,-2
250595,Bossòst,40,48,-8,26,31,-5,11,41,-30,-43
430326,Bot,10,17,-7,2,1,1,5,3,2,-4
430332,Botarell,65,31,34,3,5,-2,18,7,11,43
250560,Bovera,5,7,-2,1,0,1,1,0,1,0
430347,Bràfim,35,34,1,0,1,-1,21,3,18,18
170274,Breda,136,151,-15,10,12,-2,8,6,2,-15
080253,"Bruc, el",146,100,46,11,14,-3,12,9,3,46
080266,"Brull, el",15,14,1,1,4,-3,3,1,2,0
170280,Brunyola i Sant Martí Sapresa,16,15,1,0,0,0,0,1,-1,0
430350,Cabacés,15,8,7,3,0,3,0,0,0,10
250609,Cabanabona,6,4,2,0,0,0,0,0,0,2
170314,Cabanelles,14,14,0,1,0,1,1,1,0,1
170307,Cabanes,21,51,-30,9,4,5,12,1,11,-14
080272,"Cabanyes, les",46,32,14,3,6,-3,0,1,-1,10
250616,Cabó,4,2,2,0,0,0,0,0,0,2
430363,Cabra del Camp,90,56,34,2,9,-7,7,8,-1,26
080288,Cabrera d'Anoia,96,82,14,5,2,3,5,0,5,22
080291,Cabrera de Mar,209,184,25,23,14,9,37,6,31,65
080305,Cabrils,330,236,94,32,24,8,60,33,27,129
170329,Cadaqués,86,62,24,35,17,18,43,38,5,47
080312,Calaf,97,104,-7,12,30,-18,53,56,-3,-28
430379,Calafell,1927,1586,341,230,267,-37,373,394,-21,283
080348,Calders,72,42,30,2,6,-4,5,0,5,31
080327,Caldes d'Estrac,214,185,29,15,14,1,24,51,-27,3
170335,Caldes de Malavella,449,287,162,50,35,15,48,30,18,195
080333,Caldes de Montbui,681,573,108,96,112,-16,88,48,40,132
080351,Calella,939,837,102,138,166,-28,368,396,-28,46
080370,Calldetenes,83,65,18,6,2,4,17,5,12,34
080386,Callús,138,59,79,5,11,-6,23,11,12,85
080364,Calonge de Segarra,3,5,-2,1,0,1,0,0,0,-1
170340,Calonge i Sant Antoni,621,551,70,63,75,-12,191,148,43,101
250621,Camarasa,22,23,-1,3,1,2,2,0,2,3
439039,Camarles,91,71,20,13,9,4,51,16,35,59
430385,Cambrils,1488,1147,341,431,455,-24,637,425,212,529
170353,Camós,16,29,-13,1,2,-1,3,0,3,-11
170366,Campdevànol,123,105,18,4,14,-10,14,11,3,11
170372,Campelles,11,8,3,1,1,0,0,0,0,3
080399,Campins,46,21,25,2,1,1,1,2,-1,25
170388,Campllong,50,14,36,1,1,0,4,2,2,38
170391,Camprodon,115,140,-25,13,33,-20,18,7,11,-34
250637,Canejan,0,1,-1,3,1,2,0,0,0,1
170405,Canet d'Adri,35,25,10,1,0,1,1,3,-2,9
080403,Canet de Mar,710,504,206,63,69,-6,110,35,75,275
080410,Canovelles,794,893,-99,101,174,-73,257,243,14,-158
080425,Cànoves i Samalús,182,116,66,11,22,-11,12,7,5,60
170412,Cantallops,10,14,-4,1,1,0,5,1,4,0
080431,Canyelles,291,223,68,24,22,2,15,18,-3,67
430398,Capafonts,12,4,8,0,0,0,0,0,0,8
430402,Capçanes,18,12,6,4,0,4,5,1,4,14
080446,Capellades,187,218,-31,28,26,2,16,8,8,-21
170427,Capmany,31,8,23,0,2,-2,3,1,2,23
080459,Capolat,8,4,4,0,0,0,0,0,0,4
080462,Cardedeu,758,621,137,90,88,2,96,24,72,211
080478,Cardona,99,98,1,20,14,6,19,2,17,24
080484,Carme,25,30,-5,2,3,-1,0,0,0,-6
430419,Caseres,5,5,0,2,0,2,3,0,3,5
170448,Cassà de la Selva,329,289,40,53,63,-10,134,44,90,120
080497,Casserres,64,72,-8,2,4,-2,14,1,13,3
080575,Castell de l'Areny,1,0,1,0,0,0,0,0,0,1
259046,Castell de Mur,10,6,4,0,0,0,1,0,1,5
250642,Castellar de la Ribera,3,7,-4,0,0,0,0,0,0,-4
080522,Castellar de n'Hug,8,14,-6,1,2,-1,1,3,-2,-9
080500,Castellar del Riu,22,13,9,0,0,0,0,2,-2,7
080517,Castellar del Vallès,808,670,138,78,138,-60,117,152,-35,43
080538,Castellbell i el Vilar,206,181,25,22,22,0,26,7,19,44
080543,Castellbisbal,489,346,143,85,91,-6,95,81,14,151
080556,Castellcir,67,24,43,1,0,1,1,7,-6,38
250674,Castelldans,44,35,9,5,3,2,6,13,-7,4
080569,Castelldefels,2566,2477,89,669,680,-11,1341,1508,-167,-89
080581,Castellet i la Gornal,149,149,0,14,10,4,13,15,-2,2
170464,Castellfollit de la Roca,47,49,-2,6,5,1,12,7,5,4
080608,Castellfollit de Riubregós,10,7,3,1,0,1,0,0,0,4
080594,Castellfollit del Boix,11,27,-16,2,1,1,1,3,-2,-17
080615,Castellgalí,147,122,25,13,3,10,9,19,-10,25
080620,Castellnou de Bages,80,35,45,3,5,-2,0,0,0,43
250680,Castellnou de Seana,26,28,-2,1,2,-1,6,0,6,3
170470,Castelló d'Empúries,447,466,-19,116,96,20,514,429,85,86
250693,Castelló de Farfanya,30,25,5,3,2,1,0,0,0,6
080636,Castellolí,27,8,19,0,3,-3,0,2,-2,14
170486,Castell-Platja d'Aro,568,597,-29,110,116,-6,392,309,83,48
250707,Castellserà,27,38,-11,0,2,-2,11,14,-3,-16
080641,Castellterçol,122,100,22,9,14,-5,12,11,1,18
430424,Castellvell del Camp,136,86,50,14,6,8,7,0,7,65
080654,Castellví de la Marca,45,73,-28,3,5,-2,16,18,-2,-32
080667,Castellví de Rosanes,102,59,43,9,13,-4,3,2,1,40
430430,"Catllar, el",218,163,55,19,28,-9,19,18,1,47
250714,Cava,7,3,4,0,0,0,2,0,2,6
171899,"Cellera de Ter, la",40,63,-23,2,4,-2,14,12,2,-23
170499,Celrà,209,164,45,14,5,9,53,45,8,62
080673,Centelles,252,226,26,31,32,-1,26,9,17,42
082687,Cercs,69,65,4,8,6,2,7,13,-6,0
082665,Cerdanyola del Vallès,1546,1982,-436,297,379,-82,765,696,69,-449
080689,Cervelló,478,349,129,53,62,-9,60,25,35,155
250729,Cervera,256,284,-28,59,71,-12,145,180,-35,-75
250735,Cervià de les Garrigues,24,47,-23,0,1,-1,1,2,-1,-25
170502,Cervià de Ter,28,24,4,0,0,0,6,8,-2,2
170519,Cistella,15,10,5,0,1,-1,4,2,2,6
250740,Ciutadilla,9,13,-4,1,0,1,0,2,-2,-5
250753,Clariana de Cardener,4,6,-2,0,1,-1,0,0,0,-3
250766,"Cogul, el",6,7,-1,0,2,-2,0,0,0,-3
170545,Colera,21,36,-15,3,2,1,7,0,7,-7
250772,Coll de Nargó,13,26,-13,4,1,3,7,8,-1,-11
080692,Collbató,220,188,32,24,23,1,17,14,3,36
430458,Colldejou,5,6,-1,3,1,2,1,2,-1,0
080706,Collsuspina,25,19,6,0,2,-2,0,4,-4,0
170558,Colomers,15,7,8,0,0,0,0,1,-1,7
251636,"Coma i la Pedra, la",7,17,-10,0,0,0,3,3,0,-10
251615,Conca de Dalt,18,22,-4,0,0,0,3,0,3,-1
430461,Conesa,5,10,-5,0,0,0,4,0,4,-1
430477,Constantí,165,271,-106,38,74,-36,69,14,55,-87
080713,Copons,12,8,4,0,0,0,0,1,-1,3
430483,Corbera d'Ebre,23,29,-6,4,1,3,13,0,13,10
080728,Corbera de Llobregat,657,496,161,82,106,-24,128,32,96,233
250788,Corbins,52,30,22,8,9,-1,16,11,5,26
170577,Corçà,72,57,15,6,8,-2,9,9,0,13
080734,Cornellà de Llobregat,3364,3346,18,570,644,-74,1074,923,151,95
170561,Cornellà del Terri,101,76,25,5,3,2,14,5,9,36
430496,Cornudella de Montsant,49,33,16,9,2,7,11,8,3,26
430509,Creixell,252,204,48,28,36,-8,33,5,28,68
170583,Crespià,9,13,-4,0,0,0,5,2,3,-1
179011,"Cruïlles, Monells i Sant Sadurní de l'Heura",41,75,-34,10,6,4,8,8,0,-30
080749,Cubelles,1032,833,199,120,160,-40,110,117,-7,152
250791,Cubells,13,12,1,2,0,2,3,3,0,3
430516,Cunit,1157,932,225,150,135,15,182,176,6,246
170600,Darnius,30,29,1,2,8,-6,3,2,1,-4
170617,Das,22,28,-6,1,0,1,1,0,1,-4
439018,Deltebre,230,198,32,48,67,-19,193,62,131,144
080752,Dosrius,297,231,66,19,42,-23,15,15,0,43
430537,Duesaigües,18,18,0,0,0,0,4,0,4,4
170622,"Escala, l'",393,339,54,102,97,5,218,37,181,240
080765,Esparreguera,754,748,6,104,133,-29,176,78,98,75
170638,Espinelves,7,4,3,0,0,0,1,0,1,4
250812,"Espluga Calba, l'",9,14,-5,5,2,3,4,2,2,0
430542,"Espluga de Francolí, l'",132,136,-4,19,29,-10,21,8,13,-1
080771,Esplugues de Llobregat,2109,2597,-488,331,359,-28,568,422,146,-370
170643,Espolla,11,19,-8,1,2,-1,3,0,3,-6
170656,Esponellà,21,18,3,2,0,2,2,3,-1,4
250827,Espot,12,11,1,0,1,-1,6,8,-2,-2
080787,"Espunyola, l'",11,6,5,1,1,0,0,0,0,5
082541,"Esquirol, l'",42,78,-36,9,2,7,5,9,-4,-33
250886,Estamariu,10,3,7,0,2,-2,0,0,0,5
080790,"Estany, l'",13,16,-3,0,0,0,3,0,3,0
250851,Estaràs,15,10,5,0,5,-5,0,0,0,0
250864,Esterri d'Àneu,65,61,4,15,12,3,18,45,-27,-20
250870,Esterri de Cardós,1,2,-1,0,0,0,0,0,0,-1
430555,Falset,65,73,-8,20,13,7,31,20,11,10
170059,"Far d'Empordà, el",23,15,8,1,3,-2,4,1,3,9
250899,Farrera,5,5,0,1,1,0,0,0,0,0
430568,"Fatarella, la",14,14,0,3,2,1,10,0,10,11
430574,"Febró, la",1,3,-2,0,0,0,0,0,0,-2
081347,Figaró-Montmany,60,48,12,6,6,0,12,2,10,22
080804,Fígols,6,0,6,1,0,1,0,0,0,7
259084,Fígols i Alinyà,8,5,3,0,0,0,1,0,1,4
430580,"Figuera, la",3,10,-7,0,1,-1,0,0,0,-8
170669,Figueres,1561,1537,24,377,450,-73,949,887,62,13
430593,Figuerola del Camp,18,16,2,0,1,-1,4,1,3,4
170675,Flaçà,44,56,-12,2,2,0,14,4,10,-2
430607,Flix,75,116,-41,28,21,7,41,20,21,-13
250925,"Floresta, la",6,8,-2,0,0,0,0,1,-1,-3
080826,Fogars de la Selva,105,106,-1,8,10,-2,5,4,1,-2
080811,Fogars de Montclús,29,42,-13,2,0,2,3,2,1,-10
170681,Foixà,12,19,-7,0,0,0,0,0,0,-7
080832,Folgueroles,58,67,-9,2,0,2,6,5,1,-6
250931,Fondarella,24,31,-7,17,7,10,4,3,1,4
080847,Fonollosa,60,64,-4,2,8,-6,1,0,1,-9
170694,Fontanals de Cerdanya,24,26,-2,2,1,1,0,2,-2,-3
170708,Fontanilles,5,9,-4,0,0,0,1,0,1,-3
170715,Fontcoberta,70,43,27,6,1,5,1,2,-1,31
080850,Font-rubí,53,77,-24,5,5,0,16,2,14,-10
250946,Foradada,6,9,-3,0,1,-1,2,0,2,-2
179026,Forallac,89,78,11,5,4,1,7,4,3,15
430614,Forès,2,2,0,0,0,0,0,0,0,0
170736,Fornells de la Selva,102,69,33,7,5,2,7,1,6,41
170741,Fortià,36,29,7,0,3,-3,5,8,-3,1
080863,"Franqueses del Vallès, les",1033,829,204,92,126,-34,208,168,40,210
430629,Freginals,13,13,0,0,2,-2,11,5,6,4
250962,"Fuliola, la",55,37,18,12,2,10,6,0,6,34
250978,Fulleda,1,12,-11,0,0,0,0,0,0,-11
080902,Gaià,16,8,8,0,1,-1,0,0,0,7
430635,"Galera, la",28,24,4,2,5,-3,14,0,14,15
080879,Gallifa,6,11,-5,1,0,1,5,0,5,1
430640,Gandesa,50,57,-7,11,37,-26,61,38,23,-10
430653,Garcia,11,14,-3,10,10,0,2,0,2,-1
430666,"Garidells, els",2,21,-19,1,0,1,0,0,0,-18
080885,"Garriga, la",502,508,-6,106,89,17,82,47,35,46
170754,Garrigàs,32,45,-13,0,2,-2,6,9,-3,-18
170767,Garrigoles,9,10,-1,0,0,0,1,0,1,0
170773,Garriguella,26,33,-7,2,3,-1,16,9,7,-1
080898,Gavà,1834,1714,120,381,395,-14,481,317,164,270
250984,Gavet de la Conca,20,18,2,0,0,0,3,0,3,5
080919,Gelida,383,264,119,24,29,-5,45,43,2,116
170789,Ger,29,31,-2,1,0,1,7,2,5,4
259123,Gimenells i el Pla de la Font,24,36,-12,4,6,-2,7,2,5,-9
430672,Ginestar,18,31,-13,4,3,1,21,29,-8,-20
170792,Girona,3575,4267,-692,855,940,-85,1832,1985,-153,-930
080924,Gironella,217,157,60,31,24,7,42,5,37,104
080930,Gisclareny,1,2,-1,0,0,0,0,0,0,-1
430688,Godall,13,31,-18,0,2,-2,4,1,3,-17
250997,Golmés,98,88,10,8,14,-6,39,34,5,9
170806,Gombrèn,9,17,-8,0,0,0,1,0,1,-7
251001,Gósol,19,15,4,0,0,0,1,0,1,5
080945,"Granada, la",88,102,-14,2,3,-1,6,11,-5,-20
251018,"Granadella, la",20,19,1,7,0,7,11,1,10,18
080958,Granera,1,0,1,0,0,0,0,0,0,1
251023,"Granja d'Escarp, la",12,19,-7,9,5,4,7,3,4,1
080961,Granollers,2521,2761,-240,443,526,-83,1020,1511,-491,-814
251039,Granyanella,3,13,-10,0,0,0,0,0,0,-10
251057,Granyena de les Garrigues,8,6,2,0,0,0,1,0,1,3
251044,Granyena de Segarra,4,7,-3,0,0,0,0,0,0,-3
430691,Gratallops,7,11,-4,3,2,1,2,0,2,-1
080977,Gualba,116,84,32,6,3,3,5,3,2,37
170813,Gualta,16,18,-2,2,0,2,5,12,-7,-7
080996,Guardiola de Berguedà,59,35,24,2,6,-4,8,2,6,26
430705,"Guiamets, els",16,13,3,1,0,1,5,4,1,5
170828,Guils de Cerdanya,65,36,29,4,4,0,2,0,2,31
251095,Guimerà,8,6,2,0,0,0,3,0,3,5
259031,"Guingueta d'Àneu, la",21,36,-15,2,3,-1,15,13,2,-14
251109,Guissona,177,194,-17,49,41,8,291,188,103,94
251116,Guixers,6,8,-2,0,0,0,0,0,0,-2
081000,Gurb,112,78,34,6,8,-2,11,4,7,39
430712,Horta de Sant Joan,17,10,7,5,9,-4,10,19,-9,-6
081017,"Hospitalet de Llobregat, l'",12079,13446,-1367,2483,2359,124,6371,3081,3290,2047
081629,"Hostalets de Pierola, els",272,168,104,4,17,-13,26,5,21,112
170834,Hostalric,204,236,-32,19,34,-15,67,25,42,-5
081022,Igualada,1384,1303,81,226,304,-78,444,286,158,161
251155,Isona i Conca Dellà,35,40,-5,5,8,-3,12,3,9,1
170849,Isòvol,36,19,17,1,1,0,4,5,-1,16
251137,Ivars d'Urgell,39,73,-34,5,8,-3,33,19,14,-23
251121,Ivars de Noguera,6,6,0,5,7,-2,0,0,0,-2
251142,Ivorra,1,13,-12,1,1,0,0,0,0,-12
170852,Jafre,16,22,-6,2,1,1,4,1,3,-2
170865,"Jonquera, la",97,164,-67,59,31,28,132,161,-29,-68
081038,Jorba,47,40,7,7,5,2,4,14,-10,-1
259101,Josa i Tuixén,4,16,-12,0,1,-1,1,0,1,-12
170871,Juià,28,41,-13,0,1,-1,22,5,17,3
251180,Juncosa,9,28,-19,2,2,0,1,0,1,-18
251193,Juneda,108,83,25,28,23,5,50,13,37,67
251214,Les,57,38,19,15,22,-7,10,14,-4,8
251229,Linyola,62,81,-19,19,22,-3,33,83,-50,-72
081043,"Llacuna, la",38,45,-7,7,2,5,16,1,15,13
170887,Lladó,30,27,3,2,1,1,4,1,3,7
251235,Lladorre,10,3,7,1,2,-1,0,0,0,6
251240,Lladurs,4,14,-10,0,0,0,0,0,0,-10
081056,"Llagosta, la",548,614,-66,89,119,-30,132,162,-30,-126
170890,Llagostera,386,294,92,28,28,0,107,34,73,165
170904,Llambilles,25,15,10,5,0,5,0,0,0,15
170911,Llanars,27,39,-12,1,1,0,5,1,4,-8
170926,Llançà,215,183,32,35,36,-1,80,98,-18,13
251253,Llardecans,14,20,-6,0,0,0,2,0,2,-4
251266,Llavorsí,23,14,9,3,2,1,6,4,2,12
251207,Lleida,2975,3191,-216,1641,1708,-67,2634,1671,963,680
170932,Llers,51,64,-13,3,4,-1,13,0,13,-1
251272,Lles de Cerdanya,11,12,-1,3,7,-4,0,0,0,-5
081075,Lliçà d'Amunt,630,498,132,70,70,0,42,36,6,138
081081,Lliçà de Vall,231,189,42,24,27,-3,16,11,5,44
251288,Llimiana,18,14,4,1,0,1,0,0,0,5
081069,Llinars del Vallès,496,360,136,39,66,-27,76,61,15,124
170947,Llívia,113,88,25,12,12,0,23,12,11,36
430727,"Lloar, el",9,7,2,0,0,0,2,0,2,4
251291,Llobera,3,4,-1,0,1,-1,0,0,0,-2
430733,Llorac,9,9,0,1,0,1,0,0,0,1
430748,Llorenç del Penedès,165,86,79,1,14,-13,12,10,2,68
170950,Lloret de Mar,1275,1450,-175,487,592,-105,1664,987,677,397
170963,"Llosses, les",13,24,-11,1,4,-3,0,0,0,-14
081094,Lluçà,15,13,2,1,0,1,0,0,0,3
171024,Maçanet de Cabrenys,19,30,-11,1,1,0,10,1,9,-2
171030,Maçanet de la Selva,407,318,89,44,78,-34,64,17,47,102
170979,Madremanya,12,4,8,1,0,1,1,0,1,10
170985,Maià de Montcal,32,15,17,2,0,2,1,6,-5,14
251333,Maials,27,23,4,8,6,2,15,3,12,18
251305,Maldà,11,7,4,0,0,0,0,0,0,4
081108,Malgrat de Mar,825,748,77,136,130,6,207,157,50,133
081115,Malla,12,9,3,0,0,0,0,0,0,3
081120,Manlleu,457,606,-149,79,161,-82,226,267,-41,-272
081136,Manresa,1907,2375,-468,471,584,-113,971,747,224,-357
430764,Marçà,25,20,5,2,3,-1,3,0,3,7
430751,Margalef,5,6,-1,2,3,-1,0,0,0,-2
082423,Marganell,21,20,1,2,0,2,7,0,7,10
081141,Martorell,964,1027,-63,188,245,-57,402,310,92,-28
081154,Martorelles,230,257,-27,12,20,-8,18,6,12,-23
430770,Mas de Barberans,7,15,-8,2,5,-3,7,2,5,-6
171002,Masarac,18,9,9,1,0,1,2,1,1,11
430786,Masdenverge,43,40,3,3,5,-2,15,3,12,13
081167,"Masies de Roda, les",39,40,-1,5,1,4,6,2,4,7
081173,"Masies de Voltregà, les",103,122,-19,8,1,7,8,0,8,-4
430799,Masllorenç,29,41,-12,4,6,-2,6,2,4,-10
081189,"Masnou, el",967,825,142,114,133,-19,183,128,55,178
430803,"Masó, la",11,10,1,0,0,0,0,0,0,1
430810,Maspujols,54,12,42,5,4,1,0,0,0,43
081192,Masquefa,386,324,62,21,41,-20,33,18,15,57
430825,"Masroig, el",12,20,-8,1,1,0,12,1,11,3
251312,Massalcoreig,1,5,-4,15,6,9,27,25,2,7
171019,Massanes,41,39,2,7,6,1,5,2,3,6
251327,Massoteres,21,15,6,0,3,-3,3,0,3,6
081206,Matadepera,257,298,-41,12,17,-5,35,21,14,-32
081213,Mataró,3116,2980,136,951,982,-31,1802,1401,401,506
081228,Mediona,138,126,12,21,23,-2,22,13,9,19
251348,Menàrguens,25,27,-2,12,6,6,17,6,11,15
170998,Meranges,1,3,-2,0,0,0,0,1,-1,-3
171058,Mieres,12,22,-10,0,4,-4,0,0,0,-14
430831,"Milà, el",5,9,-4,3,0,3,1,0,1,0
251351,Miralcamp,45,58,-13,10,10,0,19,16,3,-10
430846,Miravet,17,16,1,4,6,-2,10,16,-6,-7
081385,Moià,188,226,-38,33,37,-4,55,34,21,-21
430859,"Molar, el",14,13,1,0,0,0,2,6,-4,-3
081234,Molins de Rei,735,707,28,99,104,-5,192,131,61,84
251370,Mollerussa,516,493,23,185,159,26,375,154,221,270
171061,Mollet de Peralada,3,4,-1,0,1,-1,0,0,0,-2
081249,Mollet del Vallès,1680,1895,-215,356,407,-51,659,765,-106,-372
171077,Molló,14,21,-7,1,1,0,1,0,1,-6
251364,"Molsosa, la",3,2,1,0,0,0,0,1,-1,0
081287,Monistrol de Calders,30,21,9,3,6,-3,1,1,0,6
081271,Monistrol de Montserrat,111,149,-38,20,18,2,40,17,23,-13
171096,Montagut i Oix,61,56,5,7,5,2,11,0,11,18
430862,Montblanc,242,215,27,52,61,-9,99,60,39,57
430884,Montbrió del Camp,144,89,55,6,13,-7,30,6,24,72
081252,Montcada i Reixac,1425,1322,103,241,257,-16,367,313,54,141
081304,Montclar,0,1,-1,0,0,0,0,0,0,-1
251399,Montellà i Martinet,41,34,7,4,0,4,4,4,0,11
081311,Montesquiu,54,46,8,4,10,-6,2,0,2,4
251403,Montferrer i Castellbò,37,51,-14,11,9,2,23,34,-11,-23
430897,Montferri,47,17,30,1,8,-7,1,8,-7,16
251386,Montgai,17,12,5,1,3,-2,1,0,1,4
081265,Montgat,604,397,207,48,52,-4,51,47,4,207
081326,Montmajor,13,15,-2,0,1,-1,4,0,4,1
081332,Montmaneu,3,7,-4,1,3,-2,0,0,0,-6
430901,"Montmell, el",118,109,9,5,10,-5,4,2,2,6
081350,Montmeló,303,281,22,47,68,-21,58,71,-13,-12
251425,Montoliu de Lleida,13,14,-1,3,8,-5,13,0,13,7
251410,Montoliu de Segarra,7,4,3,0,0,0,2,0,2,5
251431,Montornès de Segarra,2,5,-3,0,0,0,0,0,0,-3
081363,Montornès del Vallès,760,621,139,122,147,-25,209,127,82,196
430918,Mont-ral,9,8,1,3,2,1,1,0,1,3
171100,Mont-ras,68,85,-17,1,7,-6,7,4,3,-20
430923,Mont-roig del Camp,801,623,178,165,159,6,316,59,257,441
081379,Montseny,10,19,-9,0,1,-1,3,0,3,-7
430939,Móra d'Ebre,232,151,81,47,68,-21,107,81,26,86
430944,Móra la Nova,93,115,-22,24,21,3,50,2,48,29
430957,"Morell, el",229,165,64,49,43,6,46,30,16,86
430960,"Morera de Montsant, la",10,4,6,0,0,0,2,0,2,8
081290,Muntanyola,39,30,9,0,2,-2,4,0,4,11
081398,Mura,18,17,1,2,0,2,0,0,0,3
251459,Nalec,6,5,1,0,0,0,0,0,0,1
250254,Naut Aran,37,72,-35,43,20,23,11,6,5,-7
081402,Navarcles,211,206,5,21,18,3,25,26,-1,7
081419,Navàs,169,200,-31,7,21,-14,27,45,-18,-63
171117,Navata,75,40,35,9,2,7,19,30,-11,31
251462,Navès,15,10,5,3,1,2,1,0,1,8
081424,"Nou de Berguedà, la",5,9,-4,0,0,0,1,0,1,-3
430976,"Nou de Gaià, la",26,12,14,2,2,0,2,1,1,15
430982,Nulles,50,17,33,1,2,-1,3,1,2,34
251484,Odèn,3,9,-6,0,0,0,4,9,-5,-11
081430,Òdena,215,141,74,12,22,-10,22,7,15,79
171122,Ogassa,6,9,-3,0,0,0,0,0,0,-3
081458,Olèrdola,198,127,71,6,20,-14,12,11,1,58
081461,Olesa de Bonesvalls,82,108,-26,4,12,-8,2,11,-9,-43
081477,Olesa de Montserrat,905,761,144,151,165,-14,182,96,86,216
251497,Oliana,35,49,-14,8,15,-7,30,22,8,-13
251500,Oliola,5,19,-14,0,0,0,2,0,2,-12
251517,Olius,53,29,24,1,1,0,0,2,-2,22
081483,Olivella,253,186,67,37,26,11,41,77,-36,42
081496,Olost,18,31,-13,6,4,2,3,2,1,-10
171143,Olot,774,918,-144,191,305,-114,647,241,406,148
251522,"Oluges, les",4,3,1,0,2,-2,0,1,-1,-2
081445,Olvan,44,34,10,6,2,4,2,3,-1,13
251538,"Omellons, els",18,7,11,1,0,1,1,0,1,13
251543,"Omells de na Gaia, els",3,1,2,1,1,0,0,0,0,2
171156,Ordis,14,6,8,1,1,0,3,0,3,11
251556,Organyà,23,41,-18,7,5,2,16,7,9,-7
081509,Orís,19,9,10,1,0,1,2,1,1,12
081516,Oristà,18,23,-5,1,0,1,0,0,0,-4
081521,Orpí,7,12,-5,0,1,-1,1,0,1,-5
081537,Òrrius,44,29,15,6,4,2,0,0,0,17
251569,Os de Balaguer,42,30,12,1,0,1,0,5,-5,8
171169,Osor,12,12,0,0,0,0,0,0,0,0
251575,Ossó de Sió,9,5,4,0,0,0,1,0,1,5
081542,Pacs del Penedès,49,41,8,4,5,-1,4,1,3,10
081555,Palafolls,455,324,131,46,44,2,39,33,6,139
171175,Palafrugell,703,627,76,134,186,-52,340,236,104,128
171181,Palamós,684,758,-74,121,150,-29,247,223,24,-79
251581,"Palau d'Anglesola, el",68,64,4,5,1,4,34,24,10,18
171194,Palau de Santa Eulàlia,2,10,-8,0,0,0,0,0,0,-8
171215,Palau-sator,7,9,-2,0,2,-2,6,0,6,2
171208,Palau-saverdera,104,67,37,1,8,-7,23,18,5,35
081568,Palau-solità i Plegamans,560,443,117,51,76,-25,70,70,0,92
431009,"Pallaresos, els",216,116,100,18,13,5,6,8,-2,103
081574,Pallejà,424,356,68,66,74,-8,71,41,30,90
430995,"Palma d'Ebre, la",23,18,5,0,2,-2,8,0,8,11
089058,"Palma de Cervelló, la",107,127,-20,15,24,-9,24,2,22,-7
171236,Palol de Revardit,11,13,-2,0,0,0,1,0,1,-1
171241,Pals,94,134,-40,14,14,0,66,21,45,5
081580,"Papiol, el",145,120,25,16,33,-17,31,23,8,16
171254,Pardines,9,5,4,0,0,0,1,0,1,5
081593,Parets del Vallès,701,661,40,83,123,-40,163,139,24,24
171267,Parlavà,15,9,6,1,1,0,3,0,3,9
431016,Passanant i Belltall,16,10,6,4,1,3,0,0,0,9
171289,Pau,17,25,-8,1,0,1,15,18,-3,-10
431021,Paüls,10,19,-9,1,2,-1,1,0,1,-9
171292,Pedret i Marzà,26,12,14,0,1,-1,1,2,-1,12
251641,Penelles,8,15,-7,2,5,-3,11,37,-26,-36
171306,"Pera, la",22,23,-1,3,0,3,4,3,1,3
081607,Perafita,8,19,-11,1,0,1,0,0,0,-10
431037,Perafort,88,47,41,6,5,1,10,0,10,52
171328,Peralada,85,56,29,6,10,-4,22,7,15,40
251654,Peramola,16,10,6,5,0,5,3,4,-1,10
431042,"Perelló, el",66,39,27,14,15,-1,68,13,55,81
081614,Piera,776,604,172,88,86,2,62,15,47,221
431055,"Piles, les",16,15,1,1,0,1,0,0,0,2
081635,Pineda de Mar,990,1088,-98,168,256,-88,354,386,-32,-218
431068,"Pinell de Brai, el",13,15,-2,2,0,2,12,1,11,11
251667,Pinell de Solsonès,10,10,0,1,0,1,0,0,0,1
251673,Pinós,19,9,10,0,0,0,0,1,-1,9
431074,Pira,17,27,-10,0,0,0,0,1,-1,-11
431080,"Pla de Santa Maria, el",131,87,44,11,13,-2,15,3,12,54
081640,"Pla del Penedès, el",93,36,57,6,8,-2,2,0,2,57
171334,"Planes d'Hostoles, les",39,59,-20,4,7,-3,8,2,6,-17
171349,Planoles,25,24,1,1,2,-1,1,0,1,1
259118,"Plans de Sió, els",21,19,2,1,6,-5,3,0,3,0
251689,"Poal, el",9,31,-22,1,5,-4,11,20,-9,-35
251692,"Pobla de Cérvoles, la",8,18,-10,0,4,-4,1,0,1,-13
081653,"Pobla de Claramunt, la",116,91,25,9,14,-5,20,24,-4,16
081666,"Pobla de Lillet, la",48,37,11,3,3,0,1,8,-7,4
431093,"Pobla de Mafumet, la",297,147,150,30,8,22,29,6,23,195
431107,"Pobla de Massaluca, la",7,6,1,0,3,-3,4,1,3,1
431114,"Pobla de Montornès, la",150,132,18,21,31,-10,25,7,18,26
251713,"Pobla de Segur, la",115,113,2,31,31,0,55,19,36,38
431129,Poboleda,24,14,10,2,1,1,6,2,4,15
081672,Polinyà,338,317,21,26,50,-24,52,7,45,42
431135,"Pont d'Armentera, el",20,34,-14,1,9,-8,2,3,-1,-23
250306,"Pont de Bar, el",4,7,-3,0,0,0,1,0,1,-2
171352,Pont de Molins,28,20,8,2,2,0,7,0,7,15
251734,"Pont de Suert, el",67,97,-30,33,42,-9,37,3,34,-5
081825,"Pont de Vilomara i Rocafort, el",156,123,33,9,8,1,14,11,3,37
431418,Pontils,18,34,-16,0,2,-2,0,0,0,-18
081688,Pontons,55,52,3,5,4,1,17,12,5,9
171365,Pontós,8,20,-12,0,0,0,3,0,3,-9
251728,Ponts,71,93,-22,20,22,-2,33,68,-35,-59
171371,Porqueres,167,161,6,9,20,-11,25,22,3,-2
431140,Porrera,15,7,8,1,5,-4,3,0,3,7
171404,"Port de la Selva, el",38,39,-1,8,10,-2,13,29,-16,-19
171387,Portbou,18,41,-23,14,15,-1,19,2,17,-7
251749,"Portella, la",21,26,-5,9,6,3,18,14,4,2
431153,Pradell de la Teixeta,10,3,7,0,0,0,0,0,0,7
431166,Prades,29,46,-17,2,8,-6,11,8,3,-20
431172,Prat de Comte,5,12,-7,1,1,0,3,0,3,-4
081691,"Prat de Llobregat, el",1356,1575,-219,466,482,-16,535,594,-59,-294
431188,Pratdip,24,39,-15,4,2,2,18,2,16,3
081712,Prats de Lluçanès,78,76,2,19,13,6,16,14,2,10
081705,"Prats de Rei, els",31,16,15,0,2,-2,1,0,1,14
251752,Prats i Sansor,15,9,6,2,0,2,0,1,-1,7
251765,Preixana,12,8,4,0,4,-4,1,0,1,1
251771,Preixens,20,28,-8,0,2,-2,0,7,-7,-17
082303,Premià de Dalt,477,424,53,50,59,-9,76,14,62,106
081727,Premià de Mar,1056,1145,-89,185,194,-9,287,196,91,-7
171390,"Preses, les",43,52,-9,5,6,-1,3,4,-1,-11
251790,Prullans,13,9,4,0,5,-5,0,0,0,-1
171411,Puigcerdà,269,313,-44,64,129,-65,134,241,-107,-216
081748,Puigdàlber,31,23,8,3,1,2,0,0,0,10
251804,Puiggròs,6,4,2,0,1,-1,0,0,0,1
431191,Puigpelat,68,51,17,0,6,-6,7,1,6,17
081751,Puig-reig,180,196,-16,13,21,-8,31,40,-9,-33
251811,Puigverd d'Agramunt,5,12,-7,1,0,1,4,3,1,-5
251826,Puigverd de Lleida,73,62,11,3,12,-9,11,10,1,3
081764,Pujalt,5,4,1,1,0,1,2,1,1,3
081770,"Quar, la",1,3,-2,0,1,-1,1,0,1,-2
171426,Quart,213,95,118,3,13,-10,9,7,2,110
170433,Queralbs,2,7,-5,0,1,-1,0,0,0,-6
431205,Querol,25,33,-8,1,7,-6,1,0,1,-13
171432,Rabós,1,20,-19,0,0,0,1,5,-4,-23
081786,Rajadell,37,15,22,3,1,2,0,3,-3,21
431212,Rasquera,9,15,-6,8,8,0,15,0,15,9
171447,Regencós,11,28,-17,0,2,-2,2,0,2,-17
081799,Rellinars,59,52,7,3,0,3,0,0,0,10
431227,Renau,9,3,6,0,0,0,6,0,6,12
431233,Reus,1975,3001,-1026,583,854,-271,1063,521,542,-755
251832,Rialp,20,28,-8,8,10,-2,6,0,6,-4
431248,"Riba, la",28,44,-16,3,6,-3,7,4,3,-16
431251,Riba-roja d'Ebre,27,44,-17,8,10,-2,14,0,14,-5
259059,Ribera d'Ondara,17,14,3,2,0,2,3,0,3,8
251850,Ribera d'Urgellet,71,51,20,11,4,7,23,21,2,29
171450,Ribes de Freser,82,93,-11,7,16,-9,8,2,6,-14
171463,Riells i Viabrea,254,169,85,22,25,-3,21,27,-6,76
431264,"Riera de Gaià, la",86,44,42,15,13,2,14,0,14,58
251863,Riner,9,14,-5,1,0,1,2,0,2,-2
171479,Ripoll,276,340,-64,46,61,-15,76,61,15,-64
081803,Ripollet,1298,1317,-19,260,311,-51,432,513,-81,-151
259139,Riu de Cerdanya,4,6,-2,0,0,0,3,2,1,-1
171485,Riudarenes,146,98,48,10,17,-7,20,1,19,60
171498,Riudaura,16,16,0,2,3,-1,0,0,0,-1
431270,Riudecanyes,59,45,14,6,1,5,9,1,8,27
431286,Riudecols,54,36,18,0,8,-8,15,44,-29,-19
171501,Riudellots de la Selva,62,70,-8,5,8,-3,15,17,-2,-13
431299,Riudoms,239,169,70,11,24,-13,44,54,-10,47
171518,Riumors,14,22,-8,0,1,-1,1,3,-2,-11
081810,"Roca del Vallès, la",474,437,37,49,53,-4,48,48,0,33
431303,Rocafort de Queralt,16,19,-3,0,2,-2,2,0,2,-3
431310,Roda de Berà,371,338,33,59,58,1,54,20,34,68
081831,Roda de Ter,266,173,93,19,31,-12,50,35,15,96
431325,Rodonyà,52,20,32,10,9,1,3,12,-9,24
431331,Roquetes,257,320,-63,38,73,-35,121,44,77,-21
171523,Roses,542,602,-60,212,179,33,583,449,134,107
251898,Rosselló,130,118,12,26,19,7,37,16,21,40
431346,"Rourell, el",21,24,-3,8,1,7,3,0,3,7
081846,Rubí,2247,2207,40,540,625,-85,831,612,219,174
081859,Rubió,25,7,18,1,0,1,1,0,1,20
171539,Rupià,14,12,2,1,1,0,1,3,-2,0
089019,Rupit i Pruit,4,11,-7,0,1,-1,0,0,0,-8
081878,Sabadell,5497,5275,222,1461,1437,24,2300,2096,204,450
081884,Sagàs,9,3,6,0,0,0,0,0,0,6
251902,Salàs de Pallars,13,17,-4,1,10,-9,6,0,6,-7
081901,Saldes,26,31,-5,0,2,-2,0,0,0,-7
171544,Sales de Llierca,2,11,-9,0,0,0,3,0,3,-6
081918,Sallent,173,239,-66,18,36,-18,29,10,19,-65
431359,Salomó,10,20,-10,1,1,0,11,0,11,1
439057,Salou,1455,1221,234,594,579,15,1094,1084,10,259
171557,Salt,1626,1838,-212,295,309,-14,997,732,265,39
251919,Sanaüja,8,8,0,0,0,0,2,0,2,2
081944,Sant Adrià de Besòs,1701,1709,-8,274,286,-12,418,399,19,-1
081957,Sant Agustí de Lluçanès,4,4,0,0,1,-1,0,0,0,-1
081960,Sant Andreu de la Barca,1216,1055,161,184,297,-113,247,123,124,172
081976,Sant Andreu de Llavaneres,492,448,44,51,49,2,114,87,27,73
171576,Sant Andreu Salou,7,6,1,0,0,0,1,0,1,2
171833,Sant Aniol de Finestres,24,12,12,0,1,-1,3,0,3,14
081982,Sant Antoni de Vilamajor,340,300,40,16,23,-7,30,37,-7,26
081995,Sant Bartomeu del Grau,80,57,23,2,10,-8,7,15,-8,7
082009,Sant Boi de Llobregat,2572,2515,57,640,593,47,696,796,-100,4
082016,Sant Boi de Lluçanès,25,24,1,1,0,1,7,1,6,8
431362,Sant Carles de la Ràpita,540,366,174,199,195,4,303,415,-112,66
082037,Sant Cebrià de Vallalta,229,188,41,21,22,-1,20,17,3,43
082021,Sant Celoni,688,724,-36,75,105,-30,157,155,2,-64
082042,Sant Climent de Llobregat,154,133,21,13,23,-10,10,9,1,12
171582,Sant Climent Sescebes,31,32,-1,13,11,2,5,1,4,5
082055,Sant Cugat del Vallès,3701,2296,1405,562,563,-1,1254,829,425,1829
082068,Sant Cugat Sesgarrigues,64,42,22,6,1,5,3,1,2,29
251961,Sant Esteve de la Sarga,8,6,2,0,1,-1,1,1,0,1
082074,Sant Esteve de Palautordera,177,138,39,3,8,-5,22,24,-2,32
082080,Sant Esteve Sesrovires,355,266,89,44,53,-9,27,30,-3,77
171595,Sant Feliu de Buixalleu,25,31,-6,0,13,-13,0,1,-1,-20
082107,Sant Feliu de Codines,328,215,113,29,43,-14,77,63,14,113
171609,Sant Feliu de Guíxols,768,774,-6,132,179,-47,444,447,-3,-56
082114,Sant Feliu de Llobregat,1177,1181,-4,221,279,-58,316,169,147,85
171616,Sant Feliu de Pallerols,34,67,-33,5,14,-9,21,10,11,-31
082129,Sant Feliu Sasserra,34,14,20,0,0,0,3,1,2,22
171621,Sant Ferriol,25,13,12,2,0,2,8,0,8,22
082093,Sant Fost de Campsentelles,489,359,130,19,32,-13,35,23,12,129
082135,Sant Fruitós de Bages,460,319,141,53,49,4,46,29,17,162
171637,Sant Gregori,147,111,36,10,7,3,19,10,9,48
251924,Sant Guim de Freixenet,25,50,-25,2,3,-1,9,1,8,-18
251977,Sant Guim de la Plana,8,3,5,0,0,0,1,0,1,6
171642,Sant Hilari Sacalm,113,153,-40,23,41,-18,79,53,26,-32
082153,Sant Hipòlit de Voltregà,186,119,67,17,15,2,38,26,12,81
081939,Sant Iscle de Vallalta,76,73,3,11,8,3,6,1,5,11
439023,Sant Jaume d'Enveja,108,97,11,15,12,3,20,22,-2,12
082166,Sant Jaume de Frontanyà,0,3,-3,0,0,0,0,0,0,-3
171655,Sant Jaume de Llierca,13,24,-11,3,3,0,1,13,-12,-23
431378,Sant Jaume dels Domenys,142,88,54,5,15,-10,12,8,4,48
171674,Sant Joan de les Abadesses,78,90,-12,14,7,7,6,4,2,-3
171680,Sant Joan de Mollet,23,34,-11,0,3,-3,5,0,5,-9
082188,Sant Joan de Vilatorrada,362,307,55,24,40,-16,71,89,-18,21
082172,Sant Joan Despí,1168,1113,55,194,195,-1,253,205,48,102
171851,Sant Joan les Fonts,128,114,14,13,12,1,33,1,32,47
171668,Sant Jordi Desvalls,34,23,11,2,5,-3,5,0,5,13
089030,Sant Julià de Cerdanyola,12,17,-5,0,0,0,0,0,0,-5
171693,Sant Julià de Ramis,181,158,23,13,13,0,28,39,-11,12
082205,Sant Julià de Vilatorta,80,75,5,7,6,1,10,14,-4,2
179032,Sant Julià del Llor i Bonmatí,69,62,7,5,4,1,14,10,4,12
082212,Sant Just Desvern,614,608,6,102,102,0,239,97,142,148
082227,Sant Llorenç d'Hortons,123,123,0,12,16,-4,18,32,-14,-18
171714,Sant Llorenç de la Muga,13,12,1,0,0,0,3,0,3,4
251930,Sant Llorenç de Morunys,41,37,4,4,2,2,13,14,-1,5
082233,Sant Llorenç Savall,98,95,3,12,15,-3,9,7,2,2
082251,Sant Martí d'Albars,2,6,-4,1,2,-1,0,0,0,-5
082248,Sant Martí de Centelles,96,64,32,8,13,-5,11,7,4,31
171729,Sant Martí de Llémena,29,16,13,2,0,2,7,2,5,20
259025,Sant Martí de Riucorb,14,26,-12,0,0,0,1,0,1,-11
082264,Sant Martí de Tous,29,32,-3,1,0,1,1,0,1,-1
082270,Sant Martí Sarroca,166,147,19,16,16,0,34,23,11,30
082286,Sant Martí Sesgueioles,18,10,8,2,0,2,0,1,-1,9
171735,Sant Martí Vell,15,9,6,0,2,-2,4,0,4,8
082299,Sant Mateu de Bages,14,10,4,1,0,1,0,0,0,5
171740,Sant Miquel de Campmajor,8,11,-3,3,1,2,0,11,-11,-12
171753,Sant Miquel de Fluvià,20,46,-26,6,13,-7,6,5,1,-32
171766,Sant Mori,0,17,-17,1,0,1,4,0,4,-12
171772,Sant Pau de Segúries,35,34,1,3,2,1,8,0,8,10
082310,Sant Pere de Ribes,1247,1355,-108,195,208,-13,348,399,-51,-172
082325,Sant Pere de Riudebitlles,75,93,-18,10,15,-5,17,7,10,-13
082331,Sant Pere de Torelló,86,69,17,14,7,7,13,10,3,27
082346,Sant Pere de Vilamajor,282,184,98,7,16,-9,18,19,-1,88
171788,Sant Pere Pescador,98,62,36,12,22,-10,54,94,-40,-14
081897,Sant Pere Sallavinera,6,7,-1,0,0,0,0,0,0,-1
082359,Sant Pol de Mar,215,220,-5,22,41,-19,53,13,40,16
082362,Sant Quintí de Mediona,94,77,17,9,14,-5,30,25,5,17
082378,Sant Quirze de Besora,71,88,-17,2,8,-6,10,3,7,-16
082384,Sant Quirze del Vallès,683,608,75,79,104,-25,105,59,46,96
082397,Sant Quirze Safaja,47,55,-8,0,5,-5,3,0,3,-10
251945,Sant Ramon,14,11,3,3,4,-1,12,3,9,11
082401,Sant Sadurní d'Anoia,405,324,81,53,74,-21,95,106,-11,49
082418,Sant Sadurní d'Osormort,1,6,-5,0,1,-1,0,0,0,-6
080983,Sant Salvador de Guardiola,153,150,3,7,12,-5,16,9,7,5
082628,Sant Vicenç de Castellet,418,360,58,53,43,10,94,41,53,121
082649,Sant Vicenç de Montalt,423,288,135,23,33,-10,47,26,21,146
082652,Sant Vicenç de Torelló,81,53,28,4,6,-2,4,5,-1,25
082634,Sant Vicenç dels Horts,1014,806,208,167,230,-63,197,75,122,267
431384,Santa Bàrbara,120,113,7,32,30,2,74,49,25,34
082439,Santa Cecília de Voltregà,4,10,-6,0,0,0,1,0,1,-5
082444,Santa Coloma de Cervelló,281,277,4,29,48,-19,45,23,22,7
171805,Santa Coloma de Farners,400,391,9,83,47,36,235,18,217,262
082457,Santa Coloma de Gramenet,5608,6501,-893,1047,1263,-216,3549,1265,2284,1175
431397,Santa Coloma de Queralt,103,118,-15,19,20,-1,28,22,6,-10
171812,Santa Cristina d'Aro,324,309,15,27,31,-4,88,74,14,25
082460,Santa Eugènia de Berga,94,83,11,7,5,2,28,17,11,24
082476,Santa Eulàlia de Riuprimer,57,43,14,1,1,0,6,2,4,18
082482,Santa Eulàlia de Ronçana,335,315,20,17,32,-15,20,16,4,9
082495,Santa Fe del Penedès,7,11,-4,0,0,0,0,0,0,-4
171827,Santa Llogaia d'Àlguema,28,30,-2,2,3,-1,1,1,0,-3
082508,Santa Margarida de Montbui,372,423,-51,52,57,-5,77,114,-37,-93
082515,Santa Margarida i els Monjos,388,395,-7,36,59,-23,52,119,-67,-97
082589,Santa Maria d'Oló,42,50,-8,1,8,-7,7,1,6,-9
082536,Santa Maria de Besora,16,14,2,0,0,0,1,0,1,3
082567,Santa Maria de Martorelles,55,66,-11,4,4,0,0,1,-1,-12
082554,Santa Maria de Merlès,8,6,2,0,0,0,1,0,1,3
082573,Santa Maria de Miralles,10,5,5,0,0,0,0,1,-1,4
082592,Santa Maria de Palautordera,520,392,128,41,41,0,77,27,50,178
431401,Santa Oliva,242,168,74,17,17,0,38,34,4,78
171848,Santa Pau,55,50,5,3,4,-1,4,8,-4,0
082606,Santa Perpètua de Mogoda,874,999,-125,187,191,-4,318,207,111,-18
082613,Santa Susanna,213,168,45,20,29,-9,53,36,17,53
081923,Santpedor,326,184,142,19,13,6,32,41,-9,139
431423,Sarral,64,58,6,6,2,4,15,25,-10,0
171864,Sarrià de Ter,329,217,112,19,24,-5,38,35,3,110
252017,Sarroca de Bellera,9,3,6,0,0,0,0,0,0,6
252000,Sarroca de Lleida,9,8,1,6,3,3,1,0,1,5
171870,"Saus, Camallera i Llampaies",31,36,-5,1,4,-3,2,1,1,-7
431439,Savallà del Comtat,3,3,0,0,0,0,0,0,0,0
431444,"Secuita, la",82,60,22,3,4,-1,2,5,-3,18
171886,"Selva de Mar, la",9,11,-2,0,4,-4,1,0,1,-5
431457,"Selva del Camp, la",199,121,78,23,27,-4,23,3,20,94
431460,Senan,2,4,-2,0,0,0,1,0,1,-1
430445,"Sénia, la",73,59,14,89,112,-23,93,230,-137,-146
252022,Senterada,5,11,-6,2,1,1,3,0,3,-2
250352,"Sentiu de Sió, la",17,15,2,0,0,0,3,0,3,5
082671,Sentmenat,411,239,172,49,47,2,55,34,21,195
171903,Serinyà,45,48,-3,0,1,-1,3,1,2,-2
252043,Seròs,35,36,-1,43,25,18,33,37,-4,13
171910,Serra de Daró,23,3,20,1,0,1,1,5,-4,17
171925,Setcases,12,6,6,5,0,5,2,3,-1,10
252038,"Seu d'Urgell, la",366,318,48,134,183,-49,150,121,29,28
082690,Seva,150,122,28,6,7,-1,20,8,12,39
252056,Sidamon,17,20,-3,1,2,-1,3,0,3,-1
171931,Sils,389,221,168,22,39,-17,85,47,38,189
082704,Sitges,1300,1195,105,215,265,-50,577,246,331,386
170524,Siurana,4,14,-10,0,0,0,2,0,2,-8
082711,Sobremunt,5,10,-5,5,1,4,0,0,0,-1
252069,"Soleràs, el",4,19,-15,0,5,-5,7,0,7,-13
431476,Solivella,21,28,-7,2,1,1,5,0,5,-1
252075,Solsona,226,250,-24,31,70,-39,113,136,-23,-86
082726,Sora,11,3,8,2,0,2,1,0,1,11
252081,Soriguera,24,12,12,1,1,0,0,1,-1,11
252094,Sort,83,86,-3,18,18,0,23,25,-2,-5
252108,Soses,47,36,11,32,24,8,23,8,15,34
082732,Subirats,137,147,-10,7,6,1,19,13,6,-3
252115,Sudanell,24,37,-13,5,2,3,6,5,1,-9
252120,Sunyer,5,12,-7,3,0,3,13,1,12,8
082747,Súria,123,162,-39,20,33,-13,46,51,-5,-57
171946,Susqueda,4,15,-11,0,0,0,0,0,0,-11
082763,Tagamanent,8,17,-9,5,3,2,1,0,1,-6
082779,Talamanca,11,29,-18,2,0,2,0,2,-2,-18
252154,Talarn,17,19,-2,14,16,-2,3,2,1,-3
252167,Talavera,12,12,0,1,0,1,2,0,2,3
171959,"Tallada d'Empordà, la",32,17,15,1,0,1,6,1,5,21
082785,Taradell,220,133,87,9,12,-3,40,30,10,94
431482,Tarragona,2913,3859,-946,1385,1615,-230,2180,1433,747,-429
252173,Tàrrega,590,572,18,108,143,-35,288,41,247,230
252189,Tarrés,5,2,3,0,0,0,1,0,1,4
252192,Tarroja de Segarra,0,8,-8,0,0,0,0,0,0,-8
082750,Tavèrnoles,13,11,2,2,0,2,3,1,2,6
082802,Tavertet,9,14,-5,0,0,0,0,0,0,-5
082819,Teià,234,219,15,23,34,-11,24,14,10,14
252206,Térmens,42,43,-1,9,4,5,25,29,-4,0
171962,Terrades,20,8,12,4,1,3,2,0,2,17
082798,Terrassa,5347,5029,318,1651,1584,67,2637,2420,217,602
082824,Tiana,361,243,118,28,19,9,41,23,18,145
252213,Tírvia,18,5,13,5,2,3,1,0,1,17
252228,Tiurana,0,1,-1,0,0,0,0,0,0,-1
431495,Tivenys,22,34,-12,3,4,-1,4,2,2,-11
431508,Tivissa,37,71,-34,2,1,1,29,2,27,-6
082830,Tona,252,231,21,26,43,-17,39,41,-2,2
252234,Torà,42,37,5,2,4,-2,10,10,0,3
082845,Tordera,988,693,295,101,125,-24,106,150,-44,227
082858,Torelló,413,374,39,65,58,7,114,87,27,73
252249,"Torms, els",6,8,-2,0,0,0,0,0,0,-2
252252,Tornabous,31,40,-9,7,4,3,17,7,10,4
252271,"Torre de Cabdella, la",17,34,-17,4,9,-5,7,4,3,-19
082861,"Torre de Claramunt, la",174,176,-2,19,18,1,18,5,13,12
431515,"Torre de Fontaubella, la",13,14,-1,1,1,0,1,0,1,0
431520,"Torre de l'Espanyol, la",24,16,8,3,6,-3,9,0,9,14
252265,Torrebesses,6,6,0,0,0,0,0,0,0,0
431536,Torredembarra,694,626,68,151,198,-47,262,203,59,80
252287,Torrefarrera,270,163,107,42,18,24,61,3,58,189
259078,Torrefeta i Florejacs,16,34,-18,0,2,-2,4,0,4,-16
252304,Torregrossa,44,51,-7,9,5,4,17,3,14,11
252311,Torrelameu,25,23,2,3,4,-1,14,0,14,15
082877,Torrelavit,48,48,0,2,3,-1,7,1,6,5
082883,Torrelles de Foix,187,164,23,34,13,21,41,12,29,73
082896,Torrelles de Llobregat,260,184,76,42,45,-3,26,36,-10,63
171978,Torrent,8,3,5,0,2,-2,1,0,1,4
252326,Torres de Segre,68,68,0,17,12,5,52,24,28,33
252332,Torre-serona,6,17,-11,1,1,0,3,1,2,-9
171984,Torroella de Fluvià,54,53,1,2,8,-6,15,0,15,10
171997,Torroella de Montgrí,393,461,-68,109,98,11,284,350,-66,-123
431541,Torroja del Priorat,6,4,2,0,0,0,2,2,0,2
172001,Tortellà,30,17,13,5,0,5,4,2,2,20
431554,Tortosa,614,929,-315,251,392,-141,505,1421,-916,-1372
172018,Toses,8,9,-1,2,0,2,0,0,0,1
172023,Tossa de Mar,141,194,-53,53,61,-8,86,14,72,11
252347,Tremp,217,215,2,126,90,36,65,34,31,69
172044,Ullà,78,97,-19,7,15,-8,39,61,-22,-49
082900,Ullastrell,87,77,10,3,7,-4,1,3,-2,4
172057,Ullastret,17,15,2,0,0,0,3,0,3,5
431567,Ulldecona,132,138,-6,97,146,-49,122,44,78,23
431573,Ulldemolins,30,28,2,1,7,-6,2,0,2,-2
172039,Ultramort,16,5,11,0,0,0,1,0,1,12
172060,Urús,8,4,4,1,1,0,4,0,4,8
082917,Vacarisses,281,247,34,16,38,-22,17,7,10,22
170144,"Vajol, la",7,10,-3,0,0,0,2,0,2,-1
172076,"Vall d'en Bas, la",112,74,38,4,4,0,7,3,4,42
172082,"Vall de Bianya, la",57,62,-5,0,6,-6,9,1,8,-3
250432,"Vall de Boí, la",40,53,-13,14,9,5,10,13,-3,-11
259010,Vall de Cardós,14,15,-1,1,1,0,5,3,2,1
082922,Vallbona d'Anoia,42,50,-8,6,3,3,4,5,-1,-6
252385,Vallbona de les Monges,16,9,7,0,0,0,0,1,-1,6
082938,Vallcebre,16,11,5,0,1,-1,0,0,0,4
431589,Vallclara,2,3,-1,0,1,-1,0,0,0,-2
252402,Vallfogona de Balaguer,76,67,9,5,4,1,12,6,6,16
171707,Vallfogona de Ripollès,18,9,9,0,0,0,3,0,3,12
431592,Vallfogona de Riucorb,9,7,2,0,1,-1,1,0,1,2
082943,Vallgorguina,210,124,86,8,1,7,11,4,7,100
082956,Vallirana,579,488,91,76,102,-26,79,66,13,78
172095,Vall-llobrega,46,30,16,1,1,0,2,0,2,18
431606,Vallmoll,91,90,1,6,18,-12,15,4,11,0
082969,Vallromanes,143,87,56,2,17,-15,23,5,18,59
431613,Valls,708,859,-151,168,202,-34,381,179,202,17
259062,"Valls d'Aguilar, les",14,12,2,0,0,0,1,2,-1,1
252398,"Valls de Valira, les",29,26,3,2,6,-4,11,8,3,2
431628,Vandellòs i l'Hospitalet de l'Infant,283,215,68,61,56,5,113,94,19,92
259097,"Vansa i Fórnols, la",13,3,10,0,3,-3,0,1,-1,6
082975,Veciana,4,3,1,0,0,0,0,0,0,1
431634,"Vendrell, el",1860,1709,151,302,358,-56,307,206,101,196
172109,Ventalló,44,53,-9,2,3,-1,7,0,7,-3
252424,Verdú,33,45,-12,2,1,1,10,4,6,-5
172116,Verges,45,45,0,3,4,-1,6,1,5,4
431649,Vespella de Gaià,35,27,8,4,0,4,2,4,-2,10
082981,Vic,1358,1450,-92,288,300,-12,758,412,346,242
172121,Vidrà,1,8,-7,0,1,-1,3,1,2,-6
172137,Vidreres,481,379,102,43,53,-10,84,40,44,136
252430,Vielha e Mijaran,212,218,-6,153,234,-81,100,115,-15,-102
431652,Vilabella,28,19,9,5,2,3,7,1,6,18
172142,Vilabertran,45,25,20,1,0,1,7,4,3,24
172155,Vilablareix,69,66,3,5,7,-2,5,5,0,1
082994,Vilada,18,17,1,0,0,0,0,0,0,1
172174,Viladamat,23,27,-4,0,2,-2,1,1,0,-6
172168,Viladasens,8,8,0,0,0,0,2,0,2,2
083015,Viladecans,2120,1896,224,444,507,-63,431,232,199,360
083008,Viladecavalls,293,307,-14,34,44,-10,18,21,-3,-27
172180,Vilademuls,22,43,-21,2,5,-3,2,0,2,-22
172207,Viladrau,42,47,-5,4,7,-3,7,5,2,-6
172214,Vilafant,267,262,5,16,28,-12,13,3,10,3
083054,Vilafranca del Penedès,1487,1479,8,264,320,-56,489,803,-314,-362
252445,Vilagrassa,28,17,11,0,3,-3,0,2,-2,6
172235,Vilajuïga,50,45,5,3,5,-2,12,0,12,15
431750,Vilalba dels Arcs,11,11,0,3,0,3,3,2,1,4
083067,Vilalba Sasserra,83,50,33,6,5,1,3,0,3,37
252458,Vilaller,17,24,-7,3,13,-10,5,3,2,-15
172240,Vilallonga de Ter,28,32,-4,1,0,1,1,0,1,-2
431665,Vilallonga del Camp,162,65,97,6,9,-3,17,23,-6,88
172253,Vilamacolum,28,23,5,5,4,1,2,5,-3,3
172266,Vilamalla,55,105,-50,5,4,1,5,7,-2,-51
172272,Vilamaniscle,14,5,9,0,0,0,0,0,0,9
252477,Vilamòs,19,5,14,20,3,17,1,4,-3,28
172288,Vilanant,27,12,15,0,2,-2,0,2,-2,11
431671,Vilanova d'Escornalbou,36,28,8,1,1,0,9,0,9,17
252483,Vilanova de Bellpuig,35,27,8,4,2,2,16,5,11,21
252496,Vilanova de l'Aguda,2,1,1,0,0,0,0,0,0,1
252542,Vilanova de la Barca,58,50,8,4,17,-13,38,69,-31,-36
252509,Vilanova de Meià,10,8,2,5,3,2,3,7,-4,0
431687,Vilanova de Prades,10,16,-6,1,0,1,2,0,2,-3
083036,Vilanova de Sau,10,18,-8,1,3,-2,2,1,1,-9
252516,Vilanova de Segrià,60,38,22,10,3,7,2,15,-13,16
083020,Vilanova del Camí,499,539,-40,47,87,-40,98,87,11,-69
089024,Vilanova del Vallès,251,165,86,17,11,6,19,13,6,98
083073,Vilanova i la Geltrú,2422,2059,363,500,559,-59,641,423,218,522
431690,Vilaplana,32,23,9,5,1,4,1,0,1,14
431704,Vila-rodona,55,71,-16,9,9,0,14,3,11,-5
172305,Vila-sacra,41,20,21,6,3,3,3,1,2,26
252521,Vila-sana,19,14,5,3,4,-1,3,3,0,4
431711,Vila-seca,1113,960,153,306,329,-23,397,226,171,301
082140,Vilassar de Dalt,378,351,27,34,47,-13,35,10,25,39
082191,Vilassar de Mar,866,777,89,115,107,8,184,190,-6,91
172229,Vilaür,9,8,1,0,0,0,2,0,2,3
431726,Vilaverd,30,24,6,4,2,2,4,2,2,10
431732,"Vilella Alta, la",3,2,1,0,0,0,4,0,4,5
431747,"Vilella Baixa, la",9,8,1,1,0,1,2,0,2,4
172333,Vilobí d'Onyar,124,131,-7,39,17,22,23,7,16,31
083041,Vilobí del Penedès,62,48,14,1,3,-2,8,4,4,16
172327,Vilopriu,15,29,-14,5,6,-1,3,0,3,-12
252537,"Vilosell, el",10,14,-4,1,0,1,0,0,0,-3
431763,Vimbodí i Poblet,24,51,-27,2,4,-2,2,5,-3,-32
252555,Vinaixa,11,17,-6,4,0,4,6,1,5,3
431779,Vinebre,22,20,2,2,2,0,3,15,-12,-10
431785,Vinyols i els Arcs,124,87,37,10,8,2,33,13,20,59
083089,Viver i Serrateix,8,5,3,0,0,0,3,0,3,6
430521,Xerta,38,34,4,9,4,5,7,3,4,13

